t [s] || setpoint speed [rot. s^-1] || setpoint pos [°] || duty cycle [%] || Ang Speed [rot. s^-1] ||
Ang Pos [°]
0.000000E+0	0.000000E+0	-85.430537E+0	100.000000E-3	-27.384137E-3	-0.000000E+0
100.000000E-3	0.000000E+0	-85.346188E+0	100.000000E-3	-7.107844E-3	-0.000000E+0
200.000000E-3	0.000000E+0	-85.352676E+0	100.000000E-3	-9.642381E-3	-0.000000E+0
300.000000E-3	0.000000E+0	-85.398095E+0	100.000000E-3	-40.056821E-3	-0.000000E+0
400.000000E-3	0.000000E+0	-85.294280E+0	100.000000E-3	-10.909649E-3	-0.000000E+0
500.000000E-3	0.000000E+0	-85.398095E+0	100.000000E-3	-38.789552E-3	-0.000000E+0
600.000000E-3	0.000000E+0	-85.346188E+0	100.000000E-3	-47.660431E-3	-0.000000E+0
700.000000E-3	0.000000E+0	-85.404584E+0	100.000000E-3	-42.591357E-3	-0.000000E+0
800.000000E-3	0.000000E+0	-85.398095E+0	100.000000E-3	-43.858626E-3	-0.000000E+0
900.000000E-3	0.000000E+0	-85.398095E+0	84.399363E+0	-184.525412E-3	-0.000000E+0
1.000000E+0	0.000000E+0	-85.501910E+0	17.296737E+0	-2.613879E+0	-1.771875E+0
1.100000E+0	0.000000E+0	-85.417561E+0	14.832928E+0	-2.487152E+0	-5.681250E+0
1.200000E+0	0.000000E+0	-85.352676E+0	26.986522E+0	-1.541770E+0	-8.634375E+0
1.300000E+0	0.000000E+0	-85.281303E+0	18.089177E+0	-616.663935E-3	-9.998437E+0
1.400000E+0	0.000000E+0	-85.417561E+0	49.150876E+0	-1.195806E+0	-11.179687E+0
1.500000E+0	0.000000E+0	-85.378630E+0	8.628337E+0	-2.308468E+0	-13.500000E+0
1.600000E+0	0.000000E+0	-85.372142E+0	25.882788E+0	-1.602599E+0	-16.593750E+0
1.700000E+0	0.000000E+0	-85.417561E+0	10.518548E+0	-804.219666E-3	-18.365625E+0
1.800000E+0	0.000000E+0	-85.424049E+0	45.750477E+0	-541.895098E-3	-19.237500E+0
1.900000E+0	0.000000E+0	-85.398095E+0	15.752209E+0	-1.726791E+0	-20.742187E+0
2.000000E+0	0.000000E+0	-85.320234E+0	5.043487E+0	-1.612737E+0	-23.273437E+0
2.100000E+0	0.000000E+0	-85.411072E+0	34.065669E+0	-1.281980E+0	-25.270312E+0
2.200000E+0	0.000000E+0	-85.287792E+0	30.998732E+0	-502.609777E-3	-26.395312E+0
2.300000E+0	0.000000E+0	-85.411072E+0	30.895098E+0	-1.238893E+0	-27.506250E+0
2.400000E+0	0.000000E+0	-85.300769E+0	14.820106E+0	-1.587392E+0	-29.517188E+0
2.500000E+0	0.000000E+0	-85.300769E+0	6.074105E+0	-1.299722E+0	-31.626563E+0
2.600000E+0	0.000000E+0	-85.300769E+0	1.745129E+0	-863.781284E-3	-33.131250E+0
2.700000E+0	0.000000E+0	-85.398095E+0	21.850385E+0	-701.570921E-3	-34.200000E+0
2.800000E+0	0.000000E+0	-85.404584E+0	34.949774E+0	-1.076682E+0	-35.395313E+0
2.900000E+0	0.000000E+0	-85.391607E+0	2.467846E+0	-1.608935E+0	-37.321875E+0
3.000000E+0	0.000000E+0	-85.313746E+0	24.793171E+0	-1.204677E+0	-39.332813E+0
3.100000E+0	0.000000E+0	-85.417561E+0	6.564080E+0	-410.099183E-3	-40.373438E+0
3.200000E+0	0.000000E+0	-85.430537E+0	48.421047E+0	-455.720845E-3	-40.865625E+0
3.300000E+0	0.000000E+0	-85.411072E+0	3.197779E+0	-1.589926E+0	-42.300000E+0
3.400000E+0	0.000000E+0	-85.300769E+0	29.987097E+0	-1.188202E+0	-44.282812E+0
3.500000E+0	0.000000E+0	-85.424049E+0	7.316396E+0	-221.276194E-3	-45.154688E+0
3.600000E+0	0.000000E+0	-85.385118E+0	48.804518E+0	-360.675716E-3	-45.407812E+0
3.700000E+0	0.000000E+0	-85.404584E+0	7.290605E+0	-1.594995E+0	-46.785938E+0
3.800000E+0	0.000000E+0	-85.378630E+0	32.409344E+0	-1.356749E+0	-48.923437E+0
3.900000E+0	0.000000E+0	-85.424049E+0	12.482867E+0	-226.345268E-3	-50.090625E+0
4.000000E+0	0.000000E+0	-85.378630E+0	50.203657E+0	-100.885701E-3	-50.104688E+0
4.100000E+0	0.000000E+0	-85.411072E+0	39.447153E+0	-1.322532E+0	-51.159375E+0
4.200000E+0	0.000000E+0	-85.404584E+0	17.490008E+0	-1.266773E+0	-53.268750E+0
4.300000E+0	0.000000E+0	-85.372142E+0	7.429635E+0	-492.471629E-3	-54.548437E+0
4.400000E+0	0.000000E+0	-85.326722E+0	12.775148E+0	-225.077999E-3	-54.956250E+0
4.500000E+0	0.000000E+0	-85.352676E+0	27.663884E+0	-359.408447E-3	-55.307813E+0
4.600000E+0	0.000000E+0	-85.424049E+0	14.157677E+0	-861.246747E-3	-56.165625E+0
4.700000E+0	0.000000E+0	-85.430537E+0	13.159927E+0	-797.883324E-3	-57.318750E+0
4.800000E+0	0.000000E+0	-85.404584E+0	3.506364E+0	-740.856243E-3	-58.457813E+0
4.900000E+0	0.000000E+0	-85.450003E+0	1.641077E+0	-497.540703E-3	-59.315625E+0
5.000000E+0	0.000000E+0	-85.352676E+0	17.302376E+0	-323.924932E-3	-59.864063E+0
5.100000E+0	0.000000E+0	-85.404584E+0	20.330162E+0	-521.618803E-3	-60.412500E+0
5.200000E+0	0.000000E+0	-85.372142E+0	10.466114E+0	-745.925317E-3	-61.270313E+0
5.300000E+0	0.000000E+0	-85.320234E+0	3.297889E+0	-553.300513E-3	-62.226562E+0
5.400000E+0	0.000000E+0	-85.404584E+0	12.343282E+0	-367.012058E-3	-62.901563E+0
5.500000E+0	0.000000E+0	-85.378630E+0	17.023517E+0	-506.411582E-3	-63.464063E+0
5.600000E+0	0.000000E+0	-85.352676E+0	2.270994E+0	-652.147451E-3	-64.265625E+0
5.700000E+0	0.000000E+0	-85.307257E+0	9.970309E+0	-321.390396E-3	-64.870312E+0
5.800000E+0	0.000000E+0	-85.320234E+0	16.954010E+0	-312.519517E-3	-65.306250E+0
5.900000E+0	0.000000E+0	-85.391607E+0	16.139845E+0	-460.789919E-3	-65.770313E+0
6.000000E+0	0.000000E+0	-85.385118E+0	10.888841E+0	-449.384503E-3	-66.431250E+0
6.100000E+0	0.000000E+0	-85.430537E+0	6.373264E+0	-370.813863E-3	-67.050000E+0
6.200000E+0	0.000000E+0	-85.333211E+0	9.386994E+0	-279.570539E-3	-67.570312E+0
6.300000E+0	0.000000E+0	-85.294280E+0	12.348835E+0	-280.837808E-3	-67.950000E+0
6.400000E+0	0.000000E+0	-85.424049E+0	6.762381E+0	-402.495573E-3	-68.371875E+0
6.500000E+0	0.000000E+0	-85.424049E+0	13.356231E+0	-321.390396E-3	-68.835937E+0
6.600000E+0	0.000000E+0	-85.339699E+0	5.477315E+0	-391.090157E-3	-69.314063E+0
6.700000E+0	0.000000E+0	-85.307257E+0	9.079739E+0	-306.183175E-3	-69.806250E+0
6.800000E+0	0.000000E+0	-85.378630E+0	10.743546E+0	-331.528543E-3	-70.200000E+0
6.900000E+0	0.000000E+0	-85.398095E+0	11.256114E+0	-384.753815E-3	-70.621875E+0
7.000000E+0	0.000000E+0	-85.411072E+0	4.614027E+0	-355.606642E-3	-71.114063E+0
7.100000E+0	0.000000E+0	-85.287792E+0	16.021696E+0	-245.354293E-3	-71.479687E+0
7.200000E+0	0.000000E+0	-85.378630E+0	17.241007E+0	-317.588590E-3	-71.887500E+0
7.300000E+0	0.000000E+0	-85.462980E+0	3.059609E+0	-454.453577E-3	-72.492187E+0
7.400000E+0	0.000000E+0	-85.281303E+0	5.208904E+0	-278.303271E-3	-73.012500E+0
7.500000E+0	0.000000E+0	-85.307257E+0	8.512099E+0	-26.116869E-3	-73.181250E+0
7.600000E+0	0.000000E+0	-85.424049E+0	29.744021E+0	-175.654533E-3	-73.237500E+0
7.700000E+0	0.000000E+0	-85.339699E+0	12.444269E+0	-555.835050E-3	-73.729687E+0
7.800000E+0	0.000000E+0	-85.424049E+0	6.342146E+0	-524.153340E-3	-74.545313E+0
7.900000E+0	0.000000E+0	-85.417561E+0	6.767113E+0	-109.756579E-3	-74.967188E+0
8.000000E+0	0.000000E+0	-85.281303E+0	16.418161E+0	1.763034E-3	-74.910938E+0
8.100000E+0	0.000000E+0	-85.307257E+0	13.259034E+0	-327.726738E-3	-75.093750E+0
8.200000E+0	0.000000E+0	-85.300769E+0	1.554458E+0	-407.564646E-3	-75.600000E+0
8.300000E+0	0.000000E+0	-85.417561E+0	5.059295E+0	-156.645508E-3	-75.923438E+0
8.400000E+0	0.000000E+0	-85.404584E+0	9.528866E+0	-59.065846E-3	-76.021875E+0
8.500000E+0	0.000000E+0	-85.274815E+0	20.009447E+0	-143.972824E-3	-76.120312E+0
8.600000E+0	0.000000E+0	-85.417561E+0	4.458134E+0	-393.624694E-3	-76.514063E+0
8.700000E+0	0.000000E+0	-85.411072E+0	3.892667E+0	-254.225172E-3	-77.006250E+0
8.800000E+0	0.000000E+0	-85.417561E+0	7.721560E+0	-71.738529E-3	-77.160938E+0
8.900000E+0	0.000000E+0	-85.346188E+0	25.842660E+0	-143.972824E-3	-77.217188E+0
9.000000E+0	0.000000E+0	-85.307257E+0	4.599999E+0	-553.300513E-3	-77.723438E+0
9.100000E+0	0.000000E+0	-85.313746E+0	14.212508E+0	-353.072105E-3	-78.370312E+0
9.200000E+0	0.000000E+0	-85.300769E+0	2.552651E+0	60.057377E-3	-78.482813E+0
9.300000E+0	0.000000E+0	-85.372142E+0	15.963507E+0	-70.471261E-3	-78.440625E+0
9.400000E+0	0.000000E+0	-85.430537E+0	6.228443E+0	-311.252249E-3	-78.721875E+0
9.500000E+0	0.000000E+0	-85.372142E+0	2.914827E+0	-203.534437E-3	-79.059375E+0
9.600000E+0	0.000000E+0	-85.346188E+0	6.353216E+0	-47.660431E-3	-79.228125E+0
9.700000E+0	0.000000E+0	-85.411072E+0	16.088491E+0	-46.393162E-3	-79.242187E+0
9.800000E+0	0.000000E+0	-85.365653E+0	15.481292E+0	-213.672584E-3	-79.382812E+0
9.900000E+0	0.000000E+0	-85.424049E+0	9.544563E+0	-241.552488E-3	-79.692188E+0
10.000000E+0	0.000000E+0	-85.287792E+0	7.710906E+0	-155.378240E-3	-79.917187E+0
10.100000E+0	0.000000E+0	-85.424049E+0	15.174220E+0	-53.996772E-3	-80.015625E+0
10.200000E+0	0.000000E+0	-85.430537E+0	15.489013E+0	-130.032873E-3	-80.085937E+0
10.300000E+0	0.000000E+0	-85.339699E+0	13.331973E+0	-214.939852E-3	-80.310938E+0
10.400000E+0	0.000000E+0	-85.339699E+0	6.254769E+0	-207.336242E-3	-80.606250E+0
10.500000E+0	0.000000E+0	-85.424049E+0	7.920361E+0	-48.927699E-3	-80.746875E+0
10.600000E+0	0.000000E+0	-85.274815E+0	19.242448E+0	-48.927699E-3	-80.760937E+0
10.700000E+0	0.000000E+0	-85.417561E+0	12.059494E+0	-220.008926E-3	-80.929687E+0
10.800000E+0	0.000000E+0	-85.359165E+0	6.708894E+0	-209.870779E-3	-81.225000E+0
10.900000E+0	0.000000E+0	-85.320234E+0	3.509497E+0	-118.627458E-3	-81.421875E+0
11.000000E+0	0.000000E+0	-85.313746E+0	10.282922E+0	-9.642381E-3	-81.478125E+0
11.100000E+0	0.000000E+0	-85.359165E+0	14.034300E+0	-113.558384E-3	-81.534375E+0
11.200000E+0	0.000000E+0	-85.294280E+0	9.830272E+0	-141.438288E-3	-81.703125E+0
11.300000E+0	0.000000E+0	-85.294280E+0	8.294181E+0	-88.213017E-3	-81.857813E+0
11.400000E+0	0.000000E+0	-85.430537E+0	10.101409E+0	-46.393162E-3	-81.914062E+0
11.500000E+0	0.000000E+0	-85.346188E+0	14.311766E+0	-100.885701E-3	-81.970313E+0
11.600000E+0	0.000000E+0	-85.307257E+0	6.188251E+0	-209.870779E-3	-82.153125E+0
11.700000E+0	0.000000E+0	-85.417561E+0	2.391573E+0	-136.369214E-3	-82.364063E+0
11.800000E+0	0.000000E+0	-85.300769E+0	9.803437E+0	-27.384137E-3	-82.406250E+0
11.900000E+0	0.000000E+0	-85.404584E+0	14.225363E+0	-105.954774E-3	-82.448437E+0
12.000000E+0	0.000000E+0	-85.294280E+0	6.233885E+0	-216.207121E-3	-82.631250E+0
12.100000E+0	0.000000E+0	-85.398095E+0	2.542835E+0	-118.627458E-3	-82.856250E+0
12.200000E+0	0.000000E+0	-85.307257E+0	7.037474E+0	-21.047796E-3	-82.898437E+0
12.300000E+0	0.000000E+0	-85.411072E+0	10.995631E+0	-60.333114E-3	-82.926563E+0
12.400000E+0	0.000000E+0	-85.352676E+0	9.867586E+0	-85.678481E-3	-82.996875E+0
12.500000E+0	0.000000E+0	-85.365653E+0	6.324958E+0	-102.152969E-3	-83.109375E+0
12.600000E+0	0.000000E+0	-85.294280E+0	7.414886E+0	-80.609407E-3	-83.179687E+0
12.700000E+0	0.000000E+0	-85.417561E+0	10.041516E+0	-79.342139E-3	-83.235938E+0
12.800000E+0	0.000000E+0	-85.417561E+0	7.274798E+0	-118.627458E-3	-83.320312E+0
12.900000E+0	0.000000E+0	-85.307257E+0	6.694644E+0	-80.609407E-3	-83.432812E+0
13.000000E+0	0.000000E+0	-85.378630E+0	5.420420E+0	-76.807602E-3	-83.517188E+0
13.100000E+0	0.000000E+0	-85.261838E+0	10.116839E+0	-10.909649E-3	-83.531250E+0
13.200000E+0	0.000000E+0	-85.287792E+0	12.211271E+0	-70.471261E-3	-83.559375E+0
13.300000E+0	0.000000E+0	-85.385118E+0	7.837870E+0	-121.161994E-3	-83.685938E+0
13.400000E+0	0.000000E+0	-85.437026E+0	4.267893E+0	-108.489311E-3	-83.826563E+0
13.500000E+0	0.000000E+0	-85.437026E+0	5.928159E+0	-23.582332E-3	-83.896875E+0
13.600000E+0	0.000000E+0	-85.300769E+0	8.818445E+0	-23.582332E-3	-83.910938E+0
13.700000E+0	0.000000E+0	-85.300769E+0	10.388706E+0	-83.143944E-3	-83.939063E+0
13.800000E+0	0.000000E+0	-85.417561E+0	5.011439E+0	-147.774630E-3	-84.065625E+0
13.900000E+0	0.000000E+0	-85.300769E+0	5.283902E+0	-14.711454E-3	-84.164062E+0
14.000000E+0	0.000000E+0	-85.404584E+0	8.055520E+0	-37.522284E-3	-84.164062E+0
14.100000E+0	0.000000E+0	-85.404584E+0	11.275926E+0	-53.996772E-3	-84.164062E+0
14.200000E+0	0.000000E+0	-85.417561E+0	9.681706E+0	-93.282091E-3	-84.220313E+0
14.300000E+0	0.000000E+0	-85.417561E+0	5.633747E+0	-112.291116E-3	-84.332813E+0
14.400000E+0	0.000000E+0	-85.424049E+0	6.672890E+0	-36.255016E-3	-84.389063E+0
14.500000E+0	0.000000E+0	-85.417561E+0	8.880747E+0	-43.858626E-3	-84.389063E+0
14.600000E+0	0.000000E+0	-85.287792E+0	9.185891E+0	-50.194967E-3	-84.417187E+0
14.700000E+0	0.000000E+0	-85.320234E+0	7.051340E+0	-93.282091E-3	-84.487500E+0
14.800000E+0	0.000000E+0	-85.404584E+0	5.659647E+0	-86.945749E-3	-84.557812E+0
14.900000E+0	0.000000E+0	-85.424049E+0	6.541340E+0	-33.720479E-3	-84.600000E+0
15.000000E+0	0.000000E+0	-85.307257E+0	8.108620E+0	-12.176917E-3	-84.600000E+0
15.100000E+0	0.000000E+0	-85.385118E+0	9.474881E+0	-45.125894E-3	-84.614063E+0
15.200000E+0	0.000000E+0	-85.404584E+0	5.966762E+0	-92.014822E-3	-84.684375E+0
15.300000E+0	0.000000E+0	-85.300769E+0	6.642250E+0	-34.987747E-3	-84.726562E+0
15.400000E+0	0.000000E+0	-85.326722E+0	7.357163E+0	-40.056821E-3	-84.740625E+0
15.500000E+0	0.000000E+0	-85.411072E+0	9.266014E+0	-40.056821E-3	-84.740625E+0
15.600000E+0	0.000000E+0	-85.417561E+0	9.433102E+0	-34.987747E-3	-84.754688E+0
15.700000E+0	0.000000E+0	-85.391607E+0	9.718803E+0	-66.669456E-3	-84.782813E+0
15.800000E+0	0.000000E+0	-85.333211E+0	9.291239E+0	-42.591357E-3	-84.825000E+0
15.900000E+0	0.000000E+0	-85.391607E+0	7.832389E+0	-79.342139E-3	-84.867187E+0
16.000000E+0	0.000000E+0	-85.430537E+0	6.927771E+0	-69.203992E-3	-84.909375E+0
16.100000E+0	0.000000E+0	-85.287792E+0	6.338723E+0	-61.600382E-3	-84.951563E+0
16.200000E+0	0.000000E+0	-85.404584E+0	4.387711E+0	-70.471261E-3	-85.007812E+0
16.300000E+0	0.000000E+0	-85.398095E+0	5.173033E+0	-41.324089E-3	-85.021875E+0
16.400000E+0	0.000000E+0	-85.411072E+0	5.989485E+0	-41.324089E-3	-85.021875E+0
16.500000E+0	0.000000E+0	-85.313746E+0	6.148050E+0	-47.660431E-3	-85.035938E+0
16.600000E+0	0.000000E+0	-85.411072E+0	5.536147E+0	-60.333114E-3	-85.064063E+0
16.700000E+0	0.000000E+0	-85.404584E+0	6.560243E+0	-48.927699E-3	-85.078125E+0
16.800000E+0	0.000000E+0	-85.352676E+0	6.488212E+0	-41.324089E-3	-85.092188E+0
16.900000E+0	0.000000E+0	-85.391607E+0	6.992859E+0	-47.660431E-3	-85.092188E+0
17.000000E+0	0.000000E+0	-85.411072E+0	6.969634E+0	-52.729504E-3	-85.106250E+0
17.100000E+0	0.000000E+0	-85.359165E+0	6.426623E+0	-53.996772E-3	-85.134375E+0
17.200000E+0	0.000000E+0	-85.307257E+0	6.723621E+0	-47.660431E-3	-85.148437E+0
17.300000E+0	0.000000E+0	-85.294280E+0	7.262110E+0	-27.384137E-3	-85.162500E+0
17.400000E+0	0.000000E+0	-85.346188E+0	7.058188E+0	-52.729504E-3	-85.176563E+0
17.500000E+0	0.000000E+0	-85.307257E+0	7.312811E+0	-36.255016E-3	-85.176563E+0
17.600000E+0	0.000000E+0	-85.417561E+0	7.704708E+0	-41.324089E-3	-85.176563E+0
17.700000E+0	0.000000E+0	-85.417561E+0	7.301362E+0	-52.729504E-3	-85.190625E+0
17.800000E+0	0.000000E+0	-85.339699E+0	7.989690E+0	-9.642381E-3	-85.204688E+0
17.900000E+0	0.000000E+0	-85.417561E+0	7.626735E+0	-40.056821E-3	-85.204688E+0
18.000000E+0	0.000000E+0	-85.430537E+0	8.170553E+0	-45.125894E-3	-85.204688E+0
18.100000E+0	0.000000E+0	-85.313746E+0	8.349768E+0	-13.444186E-3	-85.204688E+0
18.200000E+0	0.000000E+0	-85.417561E+0	8.207402E+0	-36.255016E-3	-85.218750E+0
18.300000E+0	0.000000E+0	-85.417561E+0	8.968801E+0	-42.591357E-3	-85.218750E+0
18.400000E+0	0.000000E+0	-85.437026E+0	8.405236E+0	-38.789552E-3	-85.232813E+0
18.500000E+0	0.000000E+0	-85.417561E+0	8.920838E+0	-40.056821E-3	-85.232813E+0
18.600000E+0	0.000000E+0	-85.307257E+0	9.972326E+0	-37.522284E-3	-85.232813E+0
18.700000E+0	0.000000E+0	-85.424049E+0	9.620872E+0	-38.789552E-3	-85.232813E+0
18.800000E+0	0.000000E+0	-85.398095E+0	9.325547E+0	-10.909649E-3	-85.246875E+0
18.900000E+0	0.000000E+0	-85.424049E+0	9.685838E+0	-38.789552E-3	-85.246875E+0
19.000000E+0	0.000000E+0	-85.352676E+0	9.608537E+0	-52.729504E-3	-85.246875E+0
19.100000E+0	0.000000E+0	-85.417561E+0	9.952996E+0	-27.384137E-3	-85.260937E+0
19.200000E+0	0.000000E+0	-85.352676E+0	9.707333E+0	-53.996772E-3	-85.275000E+0
19.300000E+0	0.000000E+0	-85.307257E+0	8.822669E+0	-34.987747E-3	-85.289062E+0
19.400000E+0	0.000000E+0	-85.398095E+0	8.882552E+0	-38.789552E-3	-85.289062E+0
19.500000E+0	0.000000E+0	-85.333211E+0	9.108055E+0	-45.125894E-3	-85.289062E+0
19.600000E+0	0.000000E+0	-85.430537E+0	10.111353E+0	-15.978722E-3	-85.289062E+0
19.700000E+0	0.000000E+0	-85.313746E+0	8.845323E+0	-51.462236E-3	-85.303125E+0
19.800000E+0	0.000000E+0	-85.391607E+0	8.342460E+0	-48.927699E-3	-85.317188E+0
19.900000E+0	0.000000E+0	-85.294280E+0	8.682854E+0	-22.315064E-3	-85.317188E+0
20.000000E+0	0.000000E+0	-85.404584E+0	7.871521E+0	-48.927699E-3	-85.331250E+0
20.100000E+0	0.000000E+0	-85.417561E+0	7.915627E+0	-29.918674E-3	-85.345313E+0
20.200000E+0	0.000000E+0	-85.424049E+0	8.492552E+0	-37.522284E-3	-85.345313E+0
20.300000E+0	0.000000E+0	-85.339699E+0	8.381506E+0	-38.789552E-3	-85.345313E+0
20.400000E+0	0.000000E+0	-85.404584E+0	7.635984E+0	-40.056821E-3	-85.345313E+0
20.500000E+0	0.000000E+0	-85.417561E+0	7.688009E+0	-34.987747E-3	-85.345313E+0
20.600000E+0	0.000000E+0	-85.411072E+0	8.587752E+0	-31.185942E-3	-85.345313E+0
20.700000E+0	0.000000E+0	-85.372142E+0	8.382361E+0	-9.642381E-3	-85.345313E+0
20.800000E+0	0.000000E+0	-85.424049E+0	8.382640E+0	-45.125894E-3	-85.345313E+0
20.900000E+0	0.000000E+0	-85.424049E+0	8.635171E+0	-36.255016E-3	-85.345313E+0
21.000000E+0	0.000000E+0	-85.339699E+0	8.677527E+0	-8.375112E-3	-85.345313E+0
21.100000E+0	0.000000E+0	-85.430537E+0	8.358024E+0	-26.116869E-3	-85.345313E+0
21.200000E+0	0.000000E+0	-85.352676E+0	8.105544E+0	-41.324089E-3	-85.345313E+0
21.300000E+0	0.000000E+0	-85.333211E+0	8.098897E+0	-42.591357E-3	-85.345313E+0
21.400000E+0	0.000000E+0	-85.287792E+0	8.149788E+0	-32.453211E-3	-85.345313E+0
21.500000E+0	0.000000E+0	-85.417561E+0	8.736046E+0	-27.384137E-3	-85.345313E+0
21.600000E+0	0.000000E+0	-85.430537E+0	8.956675E+0	-14.711454E-3	-85.345313E+0
21.700000E+0	0.000000E+0	-85.300769E+0	7.982994E+0	-31.185942E-3	-85.359375E+0
21.800000E+0	0.000000E+0	-85.287792E+0	8.443092E+0	-12.176917E-3	-85.359375E+0
21.900000E+0	0.000000E+0	-85.307257E+0	7.696078E+0	-12.176917E-3	-85.359375E+0
22.000000E+0	0.000000E+0	-85.411072E+0	8.049210E+0	-37.522284E-3	-85.359375E+0
22.100000E+0	0.000000E+0	-85.417561E+0	7.831784E+0	-38.789552E-3	-85.359375E+0
22.200000E+0	0.000000E+0	-85.378630E+0	8.684326E+0	-7.107844E-3	-85.359375E+0
22.300000E+0	0.000000E+0	-85.424049E+0	7.664512E+0	-38.789552E-3	-85.359375E+0
22.400000E+0	0.000000E+0	-85.424049E+0	8.088804E+0	-28.651406E-3	-85.359375E+0
22.500000E+0	0.000000E+0	-85.372142E+0	7.967643E+0	-10.909649E-3	-85.359375E+0
22.600000E+0	0.000000E+0	-85.287792E+0	8.723211E+0	-12.176917E-3	-85.359375E+0
22.700000E+0	0.000000E+0	-85.352676E+0	7.865227E+0	-43.858626E-3	-85.359375E+0
22.800000E+0	0.000000E+0	-85.320234E+0	8.861147E+0	-8.375112E-3	-85.359375E+0
22.900000E+0	0.000000E+0	-85.398095E+0	8.696666E+0	-40.056821E-3	-85.359375E+0
23.000000E+0	0.000000E+0	-85.320234E+0	8.783449E+0	-37.522284E-3	-85.359375E+0
23.100000E+0	0.000000E+0	-85.404584E+0	7.989965E+0	-38.789552E-3	-85.359375E+0
23.200000E+0	0.000000E+0	-85.404584E+0	7.937551E+0	-38.789552E-3	-85.359375E+0
23.300000E+0	0.000000E+0	-85.424049E+0	8.096622E+0	-38.789552E-3	-85.359375E+0
23.400000E+0	0.000000E+0	-85.307257E+0	8.295648E+0	-37.522284E-3	-85.359375E+0
23.500000E+0	0.000000E+0	-85.326722E+0	8.282054E+0	-38.789552E-3	-85.359375E+0
23.600000E+0	0.000000E+0	-85.287792E+0	8.761528E+0	-10.909649E-3	-85.359375E+0
23.700000E+0	0.000000E+0	-85.300769E+0	8.107134E+0	-31.185942E-3	-85.359375E+0
23.800000E+0	0.000000E+0	-85.320234E+0	8.396868E+0	-8.375112E-3	-85.359375E+0
23.900000E+0	0.000000E+0	-85.352676E+0	8.643212E+0	-41.324089E-3	-85.359375E+0
24.000000E+0	0.000000E+0	-85.281303E+0	7.807758E+0	-24.849601E-3	-85.359375E+0
24.100000E+0	0.000000E+0	-85.300769E+0	7.952807E+0	-33.720479E-3	-85.359375E+0
24.200000E+0	0.000000E+0	-85.307257E+0	8.381382E+0	-33.720479E-3	-85.359375E+0
24.300000E+0	0.000000E+0	-85.385118E+0	7.770163E+0	-42.591357E-3	-85.359375E+0
24.400000E+0	0.000000E+0	-85.365653E+0	8.448052E+0	-42.591357E-3	-85.359375E+0
24.500000E+0	0.000000E+0	-85.404584E+0	7.811792E+0	-34.987747E-3	-85.359375E+0
24.600000E+0	0.000000E+0	-85.378630E+0	8.127275E+0	-10.909649E-3	-85.359375E+0
24.700000E+0	0.000000E+0	-85.326722E+0	7.637968E+0	-40.056821E-3	-85.359375E+0
24.800000E+0	0.000000E+0	-85.281303E+0	8.216544E+0	-18.513259E-3	-85.359375E+0
24.900000E+0	0.000000E+0	-85.417561E+0	8.152370E+0	-36.255016E-3	-85.359375E+0
25.000000E+0	0.000000E+0	-85.417561E+0	8.048316E+0	-38.789552E-3	-85.359375E+0
25.100000E+0	0.000000E+0	-85.417561E+0	8.032384E+0	-22.315064E-3	-85.359375E+0
25.200000E+0	0.000000E+0	-85.359165E+0	8.347975E+0	-8.375112E-3	-85.359375E+0
25.300000E+0	0.000000E+0	-85.404584E+0	7.773523E+0	-36.255016E-3	-85.359375E+0
25.400000E+0	0.000000E+0	-85.352676E+0	7.764390E+0	-8.375112E-3	-85.359375E+0
25.500000E+0	0.000000E+0	-85.287792E+0	8.524312E+0	-29.918674E-3	-85.359375E+0
25.600000E+0	0.000000E+0	-85.365653E+0	8.257434E+0	-31.185942E-3	-85.359375E+0
25.700000E+0	0.000000E+0	-85.274815E+0	7.669062E+0	-17.245991E-3	-85.359375E+0
25.800000E+0	0.000000E+0	-85.346188E+0	8.125903E+0	-43.858626E-3	-85.359375E+0
25.900000E+0	0.000000E+0	-85.398095E+0	8.445708E+0	-38.789552E-3	-85.359375E+0
26.000000E+0	0.000000E+0	-85.404584E+0	7.867005E+0	-38.789552E-3	-85.359375E+0
26.100000E+0	0.000000E+0	-85.320234E+0	8.596571E+0	-9.642381E-3	-85.359375E+0
26.200000E+0	0.000000E+0	-85.352676E+0	7.678127E+0	-43.858626E-3	-85.359375E+0
26.300000E+0	0.000000E+0	-85.391607E+0	8.591199E+0	-37.522284E-3	-85.359375E+0
26.400000E+0	0.000000E+0	-85.274815E+0	8.293121E+0	-18.513259E-3	-85.359375E+0
26.500000E+0	0.000000E+0	-85.372142E+0	8.530930E+0	-10.909649E-3	-85.359375E+0
26.600000E+0	0.000000E+0	-85.326722E+0	8.571314E+0	-42.591357E-3	-85.359375E+0
26.700000E+0	0.000000E+0	-85.359165E+0	8.666669E+0	-7.107844E-3	-85.359375E+0
26.800000E+0	0.000000E+0	-85.365653E+0	8.561303E+0	-42.591357E-3	-85.359375E+0
26.900000E+0	0.000000E+0	-85.352676E+0	7.981681E+0	-9.642381E-3	-85.359375E+0
27.000000E+0	0.000000E+0	-85.424049E+0	8.049056E+0	-36.255016E-3	-85.359375E+0
27.100000E+0	0.000000E+0	-85.307257E+0	8.098012E+0	-33.720479E-3	-85.359375E+0
27.200000E+0	0.000000E+0	-85.287792E+0	8.552655E+0	-24.849601E-3	-85.359375E+0
27.300000E+0	0.000000E+0	-85.287792E+0	8.107586E+0	-31.185942E-3	-85.359375E+0
27.400000E+0	0.000000E+0	-85.339699E+0	8.563364E+0	-10.909649E-3	-85.359375E+0
27.500000E+0	0.000000E+0	-85.391607E+0	8.066548E+0	-32.453211E-3	-85.359375E+0
27.600000E+0	0.000000E+0	-85.411072E+0	8.046720E+0	-38.789552E-3	-85.359375E+0
27.700000E+0	0.000000E+0	-85.320234E+0	8.596360E+0	-41.324089E-3	-85.359375E+0
27.800000E+0	0.000000E+0	-85.411072E+0	8.703614E+0	-34.987747E-3	-85.359375E+0
27.900000E+0	0.000000E+0	-85.313746E+0	8.071181E+0	-38.789552E-3	-85.359375E+0
28.000000E+0	0.000000E+0	-85.404584E+0	8.852424E+0	-10.909649E-3	-85.359375E+0
28.100000E+0	0.000000E+0	-85.411072E+0	8.340662E+0	-37.522284E-3	-85.359375E+0
28.200000E+0	0.000000E+0	-85.287792E+0	7.890208E+0	-24.849601E-3	-85.359375E+0
28.300000E+0	0.000000E+0	-85.320234E+0	7.549837E+0	-8.375112E-3	-85.359375E+0
28.400000E+0	0.000000E+0	-85.281303E+0	8.051836E+0	-13.444186E-3	-85.359375E+0
28.500000E+0	0.000000E+0	-85.346188E+0	8.759763E+0	-7.107844E-3	-85.359375E+0
28.600000E+0	0.000000E+0	-85.417561E+0	7.917967E+0	-12.176917E-3	-85.359375E+0
28.700000E+0	0.000000E+0	-85.274815E+0	8.560050E+0	-14.711454E-3	-85.359375E+0
28.800000E+0	0.000000E+0	-85.424049E+0	7.912240E+0	-13.444186E-3	-85.359375E+0
28.900000E+0	0.000000E+0	-85.417561E+0	7.963464E+0	-18.513259E-3	-85.359375E+0
29.000000E+0	0.000000E+0	-85.294280E+0	7.936944E+0	-37.522284E-3	-85.359375E+0
29.100000E+0	0.000000E+0	-85.391607E+0	7.981649E+0	-8.375112E-3	-85.359375E+0
29.200000E+0	0.000000E+0	-85.320234E+0	8.046933E+0	-38.789552E-3	-85.359375E+0
29.300000E+0	0.000000E+0	-85.398095E+0	8.001038E+0	-38.789552E-3	-85.359375E+0
29.400000E+0	0.000000E+0	-85.307257E+0	7.894823E+0	-10.909649E-3	-85.359375E+0
29.500000E+0	0.000000E+0	-85.326722E+0	8.622158E+0	-7.107844E-3	-85.359375E+0
29.600000E+0	0.000000E+0	-85.417561E+0	8.713229E+0	-10.909649E-3	-85.359375E+0
29.700000E+0	0.000000E+0	-85.365653E+0	8.072116E+0	-42.591357E-3	-85.359375E+0
29.800000E+0	0.000000E+0	-85.274815E+0	8.892357E+0	-17.245991E-3	-85.359375E+0
29.900000E+0	0.000000E+0	-85.424049E+0	8.362214E+0	-28.651406E-3	-85.359375E+0
30.000000E+0	0.000000E+0	-85.339699E+0	8.164405E+0	-42.591357E-3	-85.359375E+0
30.100000E+0	0.000000E+0	-85.320234E+0	8.780738E+0	-41.324089E-3	-85.359375E+0
30.200000E+0	0.000000E+0	-85.378630E+0	8.447913E+0	-12.176917E-3	-85.359375E+0
30.300000E+0	0.000000E+0	-85.268327E+0	8.095305E+0	-14.711454E-3	-85.373438E+0
30.400000E+0	0.000000E+0	-85.281303E+0	7.355569E+0	-31.185942E-3	-85.373438E+0
30.500000E+0	0.000000E+0	-85.320234E+0	7.402729E+0	-10.909649E-3	-85.373438E+0
30.600000E+0	0.000000E+0	-85.417561E+0	7.357199E+0	-38.789552E-3	-85.373438E+0
30.700000E+0	0.000000E+0	-85.294280E+0	7.216981E+0	-29.918674E-3	-85.373438E+0
30.800000E+0	0.000000E+0	-85.307257E+0	7.995401E+0	-34.987747E-3	-85.373438E+0
30.900000E+0	0.000000E+0	-85.372142E+0	7.574141E+0	-42.591357E-3	-85.373438E+0
31.000000E+0	0.000000E+0	-85.424049E+0	7.662084E+0	-23.582332E-3	-85.373438E+0
31.100000E+0	0.000000E+0	-85.417561E+0	8.045165E+0	-40.056821E-3	-85.373438E+0
31.200000E+0	0.000000E+0	-85.287792E+0	7.140088E+0	-18.513259E-3	-85.373438E+0
31.300000E+0	0.000000E+0	-85.417561E+0	7.975711E+0	-21.047796E-3	-85.373438E+0
31.400000E+0	0.000000E+0	-85.372142E+0	7.551479E+0	-43.858626E-3	-85.373438E+0
31.500000E+0	0.000000E+0	-85.287792E+0	6.915400E+0	-14.711454E-3	-85.373438E+0
31.600000E+0	0.000000E+0	-85.385118E+0	7.345475E+0	-40.056821E-3	-85.373438E+0
31.700000E+0	0.000000E+0	-85.404584E+0	7.643430E+0	-33.720479E-3	-85.373438E+0
31.800000E+0	0.000000E+0	-85.417561E+0	6.806251E+0	-27.384137E-3	-85.373438E+0
31.900000E+0	0.000000E+0	-85.385118E+0	6.979321E+0	-37.522284E-3	-85.373438E+0
32.000000E+0	0.000000E+0	-85.417561E+0	7.568038E+0	-38.789552E-3	-85.373438E+0
32.100000E+0	0.000000E+0	-85.359165E+0	7.015520E+0	-43.858626E-3	-85.373438E+0
32.200000E+0	0.000000E+0	-85.378630E+0	7.729609E+0	-9.642381E-3	-85.373438E+0
32.300000E+0	0.000000E+0	-85.274815E+0	7.690992E+0	-23.582332E-3	-85.373438E+0
32.400000E+0	0.000000E+0	-85.385118E+0	6.801850E+0	-41.324089E-3	-85.373438E+0
32.500000E+0	0.000000E+0	-85.404584E+0	6.900434E+0	-36.255016E-3	-85.373438E+0
32.600000E+0	0.000000E+0	-85.346188E+0	7.528854E+0	-8.375112E-3	-85.373438E+0
32.700000E+0	0.000000E+0	-85.365653E+0	6.593528E+0	-43.858626E-3	-85.373438E+0
32.800000E+0	0.000000E+0	-85.404584E+0	6.667750E+0	-26.116869E-3	-85.373438E+0
32.900000E+0	0.000000E+0	-85.391607E+0	6.739703E+0	-37.522284E-3	-85.373438E+0
33.000000E+0	0.000000E+0	-85.404584E+0	6.717401E+0	-41.324089E-3	-85.373438E+0
33.100000E+0	0.000000E+0	-85.391607E+0	6.776985E+0	-36.255016E-3	-85.373438E+0
33.200000E+0	0.000000E+0	-85.378630E+0	7.199121E+0	-12.176917E-3	-85.373438E+0
33.300000E+0	0.000000E+0	-85.372142E+0	6.380848E+0	-43.858626E-3	-85.373438E+0
33.400000E+0	0.000000E+0	-85.372142E+0	7.363447E+0	-42.591357E-3	-85.373438E+0
33.500000E+0	0.000000E+0	-85.274815E+0	7.178287E+0	-21.047796E-3	-85.373438E+0
33.600000E+0	0.000000E+0	-85.385118E+0	7.136539E+0	-8.375112E-3	-85.373438E+0
33.700000E+0	0.000000E+0	-85.287792E+0	6.620212E+0	-23.582332E-3	-85.373438E+0
33.800000E+0	0.000000E+0	-85.274815E+0	6.046088E+0	-18.513259E-3	-85.373438E+0
33.900000E+0	0.000000E+0	-85.300769E+0	6.306610E+0	-34.987747E-3	-85.373438E+0
34.000000E+0	0.000000E+0	-85.274815E+0	5.988141E+0	-14.711454E-3	-85.373438E+0
34.100000E+0	0.000000E+0	-85.333211E+0	5.958761E+0	-38.789552E-3	-85.373438E+0
34.200000E+0	0.000000E+0	-85.281303E+0	6.614135E+0	-22.315064E-3	-85.373438E+0
34.300000E+0	0.000000E+0	-85.313746E+0	6.415525E+0	-37.522284E-3	-85.373438E+0
34.400000E+0	0.000000E+0	-85.261838E+0	6.200010E+0	-19.780527E-3	-85.373438E+0
34.500000E+0	0.000000E+0	-85.417561E+0	5.664776E+0	-38.789552E-3	-85.373438E+0
34.600000E+0	0.000000E+0	-85.378630E+0	5.853618E+0	-43.858626E-3	-85.373438E+0
34.700000E+0	0.000000E+0	-85.294280E+0	6.316103E+0	-23.582332E-3	-85.373438E+0
34.800000E+0	0.000000E+0	-85.300769E+0	6.197707E+0	-10.909649E-3	-85.373438E+0
34.900000E+0	0.000000E+0	-85.391607E+0	5.711465E+0	-42.591357E-3	-85.373438E+0
35.000000E+0	0.000000E+0	-85.404584E+0	6.038641E+0	-14.711454E-3	-85.373438E+0
35.100000E+0	0.000000E+0	-85.294280E+0	5.397159E+0	-37.522284E-3	-85.373438E+0
35.200000E+0	0.000000E+0	-85.404584E+0	5.301935E+0	-36.255016E-3	-85.373438E+0
35.300000E+0	0.000000E+0	-85.404584E+0	5.890545E+0	-38.789552E-3	-85.373438E+0
35.400000E+0	0.000000E+0	-85.398095E+0	5.759725E+0	-34.987747E-3	-85.373438E+0
35.500000E+0	0.000000E+0	-85.326722E+0	5.332414E+0	-40.056821E-3	-85.373438E+0
35.600000E+0	0.000000E+0	-85.378630E+0	5.247454E+0	-34.987747E-3	-85.373438E+0
35.700000E+0	0.000000E+0	-85.404584E+0	5.704914E+0	-15.978722E-3	-85.373438E+0
35.800000E+0	0.000000E+0	-85.313746E+0	5.038155E+0	-36.255016E-3	-85.373438E+0
35.900000E+0	0.000000E+0	-85.313746E+0	4.934181E+0	-34.987747E-3	-85.373438E+0
36.000000E+0	0.000000E+0	-85.307257E+0	5.004677E+0	-31.185942E-3	-85.373438E+0
36.100000E+0	0.000000E+0	-85.398095E+0	5.256069E+0	-34.987747E-3	-85.373438E+0
36.200000E+0	0.000000E+0	-85.378630E+0	4.748060E+0	-37.522284E-3	-85.373438E+0
36.300000E+0	0.000000E+0	-85.326722E+0	4.607571E+0	-41.324089E-3	-85.373438E+0
36.400000E+0	0.000000E+0	-85.268327E+0	5.077887E+0	-21.047796E-3	-85.373438E+0
36.500000E+0	0.000000E+0	-85.274815E+0	4.984285E+0	-18.513259E-3	-85.373438E+0
36.600000E+0	0.000000E+0	-85.378630E+0	4.218354E+0	-43.858626E-3	-85.373438E+0
36.700000E+0	0.000000E+0	-85.281303E+0	4.290307E+0	-13.444186E-3	-85.373438E+0
36.800000E+0	0.000000E+0	-85.281303E+0	4.790496E+0	-13.444186E-3	-85.373438E+0
36.900000E+0	0.000000E+0	-85.326722E+0	4.151230E+0	-34.987747E-3	-85.373438E+0
37.000000E+0	0.000000E+0	-85.261838E+0	4.761447E+0	-19.780527E-3	-85.373438E+0
37.100000E+0	0.000000E+0	-85.274815E+0	4.399009E+0	-23.582332E-3	-85.373438E+0
37.200000E+0	0.000000E+0	-85.404584E+0	4.543289E+0	-17.245991E-3	-85.373438E+0
37.300000E+0	0.000000E+0	-85.339699E+0	4.787551E+0	-9.642381E-3	-85.373438E+0
37.400000E+0	0.000000E+0	-85.411072E+0	4.603526E+0	-15.978722E-3	-85.373438E+0
37.500000E+0	0.000000E+0	-85.391607E+0	4.635563E+0	-12.176917E-3	-85.373438E+0
37.600000E+0	0.000000E+0	-85.391607E+0	4.605212E+0	-33.720479E-3	-85.373438E+0
37.700000E+0	0.000000E+0	-85.391607E+0	3.887353E+0	-37.522284E-3	-85.373438E+0
37.800000E+0	0.000000E+0	-85.404584E+0	3.866292E+0	-15.978722E-3	-85.373438E+0
37.900000E+0	0.000000E+0	-85.411072E+0	3.730827E+0	-21.047796E-3	-85.373438E+0
38.000000E+0	0.000000E+0	-85.411072E+0	3.911944E+0	-17.245991E-3	-85.373438E+0
38.100000E+0	0.000000E+0	-85.404584E+0	4.418938E+0	-23.582332E-3	-85.373438E+0
38.200000E+0	0.000000E+0	-85.339699E+0	4.091826E+0	-41.324089E-3	-85.373438E+0
38.300000E+0	0.000000E+0	-85.404584E+0	4.038787E+0	-27.384137E-3	-85.373438E+0
38.400000E+0	0.000000E+0	-85.391607E+0	4.150765E+0	-32.453211E-3	-85.373438E+0
38.500000E+0	0.000000E+0	-85.385118E+0	4.721443E+0	-31.185942E-3	-85.373438E+0
38.600000E+0	0.000000E+0	-85.300769E+0	4.268097E+0	-38.789552E-3	-85.373438E+0
38.700000E+0	0.000000E+0	-85.268327E+0	4.189619E+0	-26.116869E-3	-85.373438E+0
38.800000E+0	0.000000E+0	-85.404584E+0	4.082997E+0	-41.324089E-3	-85.373438E+0
38.900000E+0	0.000000E+0	-85.398095E+0	3.865536E+0	-36.255016E-3	-85.373438E+0
39.000000E+0	0.000000E+0	-85.294280E+0	3.700578E+0	-36.255016E-3	-85.373438E+0
39.100000E+0	0.000000E+0	-85.268327E+0	3.591256E+0	-18.513259E-3	-85.373438E+0
39.200000E+0	0.000000E+0	-85.385118E+0	3.463192E+0	-40.056821E-3	-85.373438E+0
39.300000E+0	0.000000E+0	-85.281303E+0	4.238856E+0	-21.047796E-3	-85.373438E+0
39.400000E+0	0.000000E+0	-85.274815E+0	3.456611E+0	-18.513259E-3	-85.373438E+0
39.500000E+0	0.000000E+0	-85.391607E+0	4.110958E+0	-36.255016E-3	-85.373438E+0
39.600000E+0	0.000000E+0	-85.326722E+0	4.024540E+0	-9.642381E-3	-85.373438E+0
39.700000E+0	0.000000E+0	-85.391607E+0	3.681816E+0	-38.789552E-3	-85.373438E+0
39.800000E+0	0.000000E+0	-85.411072E+0	3.396890E+0	-37.522284E-3	-85.373438E+0
39.900000E+0	0.000000E+0	-85.333211E+0	3.839497E+0	-41.324089E-3	-85.373438E+0
40.000000E+0	0.000000E+0	-85.333211E+0	3.140868E+0	-40.056821E-3	-85.373438E+0
40.100000E+0	0.000000E+0	-85.391607E+0	3.117539E+0	-40.056821E-3	-85.373438E+0
40.200000E+0	0.000000E+0	-85.300769E+0	3.180362E+0	-8.375112E-3	-85.373438E+0
40.300000E+0	0.000000E+0	-85.274815E+0	3.267548E+0	-23.582332E-3	-85.373438E+0
40.400000E+0	0.000000E+0	-85.398095E+0	3.030642E+0	-43.858626E-3	-85.373438E+0
40.500000E+0	0.000000E+0	-85.313746E+0	3.232124E+0	-36.255016E-3	-85.373438E+0
40.600000E+0	0.000000E+0	-85.287792E+0	3.218787E+0	-32.453211E-3	-85.373438E+0
40.700000E+0	0.000000E+0	-85.411072E+0	3.561088E+0	-18.513259E-3	-85.373438E+0
40.800000E+0	0.000000E+0	-85.398095E+0	3.690194E+0	-21.047796E-3	-85.359375E+0
40.900000E+0	0.000000E+0	-85.391607E+0	3.653119E+0	-36.255016E-3	-85.359375E+0
41.000000E+0	0.000000E+0	-85.391607E+0	3.737741E+0	-41.324089E-3	-85.359375E+0
41.100000E+0	0.000000E+0	-85.294280E+0	4.386445E+0	-36.255016E-3	-85.359375E+0
41.200000E+0	0.000000E+0	-85.404584E+0	3.751852E+0	-38.789552E-3	-85.359375E+0
41.300000E+0	0.000000E+0	-85.385118E+0	4.499836E+0	-42.591357E-3	-85.359375E+0
41.400000E+0	0.000000E+0	-85.391607E+0	4.170376E+0	-41.324089E-3	-85.359375E+0
41.500000E+0	0.000000E+0	-85.385118E+0	4.126818E+0	-41.324089E-3	-85.359375E+0
41.600000E+0	0.000000E+0	-85.326722E+0	3.769238E+0	-45.125894E-3	-85.359375E+0
41.700000E+0	0.000000E+0	-85.398095E+0	4.085760E+0	-8.375112E-3	-85.373438E+0
41.800000E+0	0.000000E+0	-85.385118E+0	3.457189E+0	-37.522284E-3	-85.373438E+0
41.900000E+0	0.000000E+0	-85.378630E+0	3.041276E+0	-42.591357E-3	-85.373438E+0
42.000000E+0	0.000000E+0	-85.385118E+0	3.772387E+0	-38.789552E-3	-85.359375E+0
42.100000E+0	0.000000E+0	-85.352676E+0	3.813979E+0	-42.591357E-3	-85.359375E+0
42.200000E+0	0.000000E+0	-85.313746E+0	4.055223E+0	-38.789552E-3	-85.359375E+0
42.300000E+0	0.000000E+0	-85.424049E+0	3.901816E+0	-18.513259E-3	-85.373438E+0
42.400000E+0	0.000000E+0	-85.391607E+0	3.489954E+0	-32.453211E-3	-85.373438E+0
42.500000E+0	0.000000E+0	-85.294280E+0	3.281567E+0	-34.987747E-3	-85.373438E+0
42.600000E+0	0.000000E+0	-85.398095E+0	3.140646E+0	-40.056821E-3	-85.373438E+0
42.700000E+0	0.000000E+0	-85.391607E+0	3.737899E+0	-34.987747E-3	-85.373438E+0
42.800000E+0	0.000000E+0	-85.320234E+0	3.252359E+0	-40.056821E-3	-85.373438E+0
42.900000E+0	0.000000E+0	-85.281303E+0	3.125321E+0	-32.453211E-3	-85.373438E+0
43.000000E+0	0.000000E+0	-85.411072E+0	3.436671E+0	-23.582332E-3	-85.373438E+0
43.100000E+0	0.000000E+0	-85.404584E+0	3.654079E+0	-38.789552E-3	-85.359375E+0
43.200000E+0	0.000000E+0	-85.385118E+0	3.544532E+0	-37.522284E-3	-85.359375E+0
43.300000E+0	0.000000E+0	-85.391607E+0	4.411134E+0	-5.840576E-3	-85.359375E+0
43.400000E+0	0.000000E+0	-85.333211E+0	3.766952E+0	-7.107844E-3	-85.373438E+0
43.500000E+0	0.000000E+0	-85.404584E+0	3.009607E+0	-36.255016E-3	-85.373438E+0
43.600000E+0	0.000000E+0	-85.307257E+0	3.596826E+0	-37.522284E-3	-85.359375E+0
43.700000E+0	0.000000E+0	-85.287792E+0	3.742826E+0	-10.909649E-3	-85.359375E+0
43.800000E+0	0.000000E+0	-85.346188E+0	3.235208E+0	-45.125894E-3	-85.359375E+0
43.900000E+0	0.000000E+0	-85.391607E+0	3.297267E+0	-32.453211E-3	-85.359375E+0
44.000000E+0	0.000000E+0	-85.398095E+0	4.147649E+0	-10.909649E-3	-85.359375E+0
44.100000E+0	0.000000E+0	-85.398095E+0	3.790208E+0	-27.384137E-3	-85.359375E+0
44.200000E+0	0.000000E+0	-85.385118E+0	4.269752E+0	-34.987747E-3	-85.359375E+0
44.300000E+0	0.000000E+0	-85.346188E+0	3.416019E+0	-8.375112E-3	-85.359375E+0
44.400000E+0	0.000000E+0	-85.294280E+0	3.414433E+0	-8.375112E-3	-85.359375E+0
44.500000E+0	0.000000E+0	-85.365653E+0	3.541132E+0	-43.858626E-3	-85.359375E+0
44.600000E+0	0.000000E+0	-85.326722E+0	3.646264E+0	-41.324089E-3	-85.359375E+0
44.700000E+0	0.000000E+0	-85.404584E+0	3.486034E+0	-24.849601E-3	-85.359375E+0
44.800000E+0	0.000000E+0	-85.372142E+0	3.412121E+0	-32.453211E-3	-85.359375E+0
44.900000E+0	0.000000E+0	-85.417561E+0	4.099646E+0	-18.513259E-3	-85.359375E+0
45.000000E+0	0.000000E+0	-85.404584E+0	4.145485E+0	-17.245991E-3	-85.359375E+0
45.100000E+0	0.000000E+0	-85.378630E+0	4.122255E+0	-37.522284E-3	-85.359375E+0
45.200000E+0	0.000000E+0	-85.300769E+0	4.360171E+0	-13.444186E-3	-85.359375E+0
45.300000E+0	0.000000E+0	-85.391607E+0	3.476190E+0	-37.522284E-3	-85.359375E+0
45.400000E+0	0.000000E+0	-85.300769E+0	3.443329E+0	-8.375112E-3	-85.359375E+0
45.500000E+0	0.000000E+0	-85.346188E+0	3.533298E+0	-40.056821E-3	-85.359375E+0
45.600000E+0	0.000000E+0	-85.287792E+0	4.380493E+0	-8.375112E-3	-85.359375E+0
45.700000E+0	0.000000E+0	-85.404584E+0	3.576453E+0	-40.056821E-3	-85.359375E+0
45.800000E+0	0.000000E+0	-85.391607E+0	3.832752E+0	-38.789552E-3	-85.359375E+0
45.900000E+0	0.000000E+0	-85.398095E+0	3.808570E+0	-37.522284E-3	-85.359375E+0
46.000000E+0	0.000000E+0	-85.385118E+0	4.416293E+0	-38.789552E-3	-85.359375E+0
46.100000E+0	0.000000E+0	-85.281303E+0	3.632726E+0	-15.978722E-3	-85.359375E+0
46.200000E+0	0.000000E+0	-85.391607E+0	3.849816E+0	-32.453211E-3	-85.359375E+0
46.300000E+0	0.000000E+0	-85.261838E+0	3.657247E+0	-21.047796E-3	-85.359375E+0
46.400000E+0	0.000000E+0	-85.255350E+0	4.190343E+0	-13.444186E-3	-85.359375E+0
46.500000E+0	0.000000E+0	-85.339699E+0	4.241530E+0	-8.375112E-3	-85.359375E+0
46.600000E+0	0.000000E+0	-85.274815E+0	3.735223E+0	-32.453211E-3	-85.359375E+0
46.700000E+0	0.000000E+0	-85.281303E+0	4.365476E+0	-29.918674E-3	-85.359375E+0
46.800000E+0	0.000000E+0	-85.352676E+0	4.029427E+0	-7.107844E-3	-85.359375E+0
46.900000E+0	0.000000E+0	-85.404584E+0	3.508845E+0	-29.918674E-3	-85.359375E+0
47.000000E+0	0.000000E+0	-85.398095E+0	3.717540E+0	-13.444186E-3	-85.359375E+0
47.100000E+0	0.000000E+0	-85.372142E+0	3.493771E+0	-41.324089E-3	-85.359375E+0
47.200000E+0	0.000000E+0	-85.346188E+0	3.263484E+0	-50.194967E-3	-85.359375E+0
47.300000E+0	0.000000E+0	-85.268327E+0	4.036084E+0	-18.513259E-3	-85.359375E+0
47.400000E+0	0.000000E+0	-85.274815E+0	3.989054E+0	-19.780527E-3	-85.359375E+0
47.500000E+0	0.000000E+0	-85.372142E+0	3.863394E+0	-10.909649E-3	-85.359375E+0
47.600000E+0	0.000000E+0	-85.268327E+0	3.661017E+0	-17.245991E-3	-85.359375E+0
47.700000E+0	0.000000E+0	-85.300769E+0	3.528767E+0	-38.789552E-3	-85.359375E+0
47.800000E+0	0.000000E+0	-85.385118E+0	3.426804E+0	-38.789552E-3	-85.359375E+0
47.900000E+0	0.000000E+0	-85.346188E+0	3.290341E+0	-43.858626E-3	-85.359375E+0
48.000000E+0	0.000000E+0	-85.385118E+0	4.021148E+0	-18.513259E-3	-85.359375E+0
48.100000E+0	0.000000E+0	-85.268327E+0	3.741096E+0	-27.384137E-3	-85.359375E+0
48.200000E+0	0.000000E+0	-85.268327E+0	3.487112E+0	-13.444186E-3	-85.359375E+0
48.300000E+0	0.000000E+0	-85.274815E+0	3.798274E+0	-10.909649E-3	-85.359375E+0
48.400000E+0	0.000000E+0	-85.320234E+0	3.475188E+0	-40.056821E-3	-85.359375E+0
48.500000E+0	0.000000E+0	-85.320234E+0	4.239291E+0	-9.642381E-3	-85.359375E+0
48.600000E+0	0.000000E+0	-85.255350E+0	4.362981E+0	-15.978722E-3	-85.359375E+0
48.700000E+0	0.000000E+0	-85.346188E+0	3.399095E+0	-42.591357E-3	-85.359375E+0
48.800000E+0	0.000000E+0	-85.404584E+0	3.870883E+0	-24.849601E-3	-85.359375E+0
48.900000E+0	0.000000E+0	-85.287792E+0	3.632980E+0	-32.453211E-3	-85.359375E+0
49.000000E+0	0.000000E+0	-85.404584E+0	3.726137E+0	-26.116869E-3	-85.359375E+0
49.100000E+0	0.000000E+0	-85.391607E+0	3.449450E+0	-36.255016E-3	-85.359375E+0
49.200000E+0	0.000000E+0	-85.391607E+0	3.388393E+0	-36.255016E-3	-85.359375E+0
49.300000E+0	0.000000E+0	-85.411072E+0	4.107440E+0	-23.582332E-3	-85.359375E+0
49.400000E+0	0.000000E+0	-85.398095E+0	3.553638E+0	-36.255016E-3	-85.359375E+0
49.500000E+0	0.000000E+0	-85.385118E+0	3.998435E+0	-36.255016E-3	-85.359375E+0
49.600000E+0	0.000000E+0	-85.385118E+0	4.089539E+0	-32.453211E-3	-85.359375E+0
49.700000E+0	0.000000E+0	-85.313746E+0	3.478464E+0	-38.789552E-3	-85.359375E+0
49.800000E+0	0.000000E+0	-85.398095E+0	4.105563E+0	-13.444186E-3	-85.359375E+0
49.900000E+0	0.000000E+0	-85.261838E+0	4.034944E+0	-22.315064E-3	-85.359375E+0
50.000000E+0	0.000000E+0	-85.274815E+0	4.127074E+0	-12.176917E-3	-85.359375E+0
50.100000E+0	0.000000E+0	-85.391607E+0	3.304724E+0	-41.324089E-3	-85.359375E+0
50.200000E+0	0.000000E+0	-85.391607E+0	3.566160E+0	-36.255016E-3	-85.359375E+0
50.300000E+0	0.000000E+0	-85.398095E+0	3.361939E+0	-24.849601E-3	-85.359375E+0
50.400000E+0	0.000000E+0	-85.339699E+0	3.495121E+0	-7.107844E-3	-85.359375E+0
50.500000E+0	0.000000E+0	-85.411072E+0	3.987381E+0	-21.047796E-3	-85.359375E+0
50.600000E+0	0.000000E+0	-85.359165E+0	3.416256E+0	-42.591357E-3	-85.359375E+0
50.700000E+0	0.000000E+0	-85.398095E+0	3.572178E+0	-32.453211E-3	-85.359375E+0
50.800000E+0	0.000000E+0	-85.346188E+0	4.295192E+0	-10.909649E-3	-85.359375E+0
50.900000E+0	0.000000E+0	-85.281303E+0	4.121928E+0	-14.711454E-3	-85.359375E+0
51.000000E+0	0.000000E+0	-85.391607E+0	4.308061E+0	-33.720479E-3	-85.359375E+0
51.100000E+0	0.000000E+0	-85.326722E+0	3.429465E+0	-43.858626E-3	-85.359375E+0
51.200000E+0	0.000000E+0	-85.404584E+0	3.392067E+0	-24.849601E-3	-85.359375E+0
51.300000E+0	0.000000E+0	-85.398095E+0	3.392463E+0	-38.789552E-3	-85.359375E+0
51.400000E+0	0.000000E+0	-85.404584E+0	3.342317E+0	-40.056821E-3	-85.359375E+0
51.500000E+0	0.000000E+0	-85.320234E+0	4.166916E+0	-42.591357E-3	-85.359375E+0
51.600000E+0	0.000000E+0	-85.352676E+0	3.445899E+0	-42.591357E-3	-85.359375E+0
51.700000E+0	0.000000E+0	-85.411072E+0	3.805550E+0	-28.651406E-3	-85.359375E+0
51.800000E+0	0.000000E+0	-85.404584E+0	3.658284E+0	-15.978722E-3	-85.359375E+0
51.900000E+0	0.000000E+0	-85.398095E+0	3.423498E+0	-40.056821E-3	-85.359375E+0
52.000000E+0	0.000000E+0	-85.404584E+0	4.107761E+0	-24.849601E-3	-85.359375E+0
52.100000E+0	0.000000E+0	-85.398095E+0	3.531326E+0	-36.255016E-3	-85.359375E+0
52.200000E+0	0.000000E+0	-85.352676E+0	4.207054E+0	-43.858626E-3	-85.359375E+0
52.300000E+0	0.000000E+0	-85.300769E+0	3.409319E+0	-32.453211E-3	-85.359375E+0
52.400000E+0	0.000000E+0	-85.352676E+0	3.333353E+0	-42.591357E-3	-85.359375E+0
52.500000E+0	0.000000E+0	-85.411072E+0	3.530149E+0	-37.522284E-3	-85.359375E+0
52.600000E+0	0.000000E+0	-85.268327E+0	3.357842E+0	-28.651406E-3	-85.359375E+0
52.700000E+0	0.000000E+0	-85.268327E+0	3.592109E+0	-28.651406E-3	-85.359375E+0
52.800000E+0	0.000000E+0	-85.281303E+0	3.422281E+0	-33.720479E-3	-85.359375E+0
52.900000E+0	0.000000E+0	-85.268327E+0	3.411981E+0	-13.444186E-3	-85.359375E+0
53.000000E+0	0.000000E+0	-85.274815E+0	3.140535E+0	-31.185942E-3	-85.359375E+0
53.100000E+0	0.000000E+0	-85.378630E+0	3.065488E+0	-42.591357E-3	-85.359375E+0
53.200000E+0	0.000000E+0	-85.417561E+0	3.217088E+0	-22.315064E-3	-85.359375E+0
53.300000E+0	0.000000E+0	-85.261838E+0	3.987812E+0	-14.711454E-3	-85.359375E+0
53.400000E+0	0.000000E+0	-85.391607E+0	3.175024E+0	-37.522284E-3	-85.359375E+0
53.500000E+0	0.000000E+0	-85.398095E+0	4.064258E+0	-38.789552E-3	-85.359375E+0
53.600000E+0	0.000000E+0	-85.339699E+0	3.635518E+0	-7.107844E-3	-85.359375E+0
53.700000E+0	0.000000E+0	-85.372142E+0	3.090036E+0	-41.324089E-3	-85.359375E+0
53.800000E+0	0.000000E+0	-85.391607E+0	3.512377E+0	-34.987747E-3	-85.359375E+0
53.900000E+0	0.000000E+0	-85.385118E+0	3.135207E+0	-37.522284E-3	-85.359375E+0
54.000000E+0	0.000000E+0	-85.417561E+0	3.701878E+0	-24.849601E-3	-85.359375E+0
54.100000E+0	0.000000E+0	-85.300769E+0	3.679642E+0	-40.056821E-3	-85.359375E+0
54.200000E+0	0.000000E+0	-85.333211E+0	2.909925E+0	-41.324089E-3	-85.359375E+0
54.300000E+0	0.000000E+0	-85.391607E+0	3.774366E+0	-38.789552E-3	-85.359375E+0
54.400000E+0	0.000000E+0	-85.281303E+0	3.177352E+0	-32.453211E-3	-85.359375E+0
54.500000E+0	0.000000E+0	-85.378630E+0	2.888696E+0	-43.858626E-3	-85.359375E+0
54.600000E+0	0.000000E+0	-85.307257E+0	3.848096E+0	-8.375112E-3	-85.359375E+0
54.700000E+0	0.000000E+0	-85.398095E+0	3.537055E+0	-41.324089E-3	-85.359375E+0
54.800000E+0	0.000000E+0	-85.333211E+0	3.292884E+0	-42.591357E-3	-85.359375E+0
54.900000E+0	0.000000E+0	-85.404584E+0	3.311769E+0	-37.522284E-3	-85.359375E+0
55.000000E+0	0.000000E+0	-85.378630E+0	3.418035E+0	-34.987747E-3	-85.359375E+0
55.100000E+0	0.000000E+0	-85.307257E+0	3.196034E+0	-38.789552E-3	-85.359375E+0
55.200000E+0	0.000000E+0	-85.372142E+0	3.172879E+0	-42.591357E-3	-85.359375E+0
55.300000E+0	0.000000E+0	-85.313746E+0	3.258845E+0	-8.375112E-3	-85.359375E+0
55.400000E+0	0.000000E+0	-85.404584E+0	3.546101E+0	-28.651406E-3	-85.359375E+0
55.500000E+0	0.000000E+0	-85.404584E+0	3.235978E+0	-40.056821E-3	-85.359375E+0
55.600000E+0	0.000000E+0	-85.268327E+0	3.700150E+0	-21.047796E-3	-85.359375E+0
55.700000E+0	0.000000E+0	-85.398095E+0	3.669519E+0	-34.987747E-3	-85.359375E+0
55.800000E+0	0.000000E+0	-85.398095E+0	3.956915E+0	-41.324089E-3	-85.359375E+0
55.900000E+0	0.000000E+0	-85.339699E+0	4.040333E+0	-7.107844E-3	-85.359375E+0
56.000000E+0	0.000000E+0	-85.281303E+0	3.846420E+0	-10.909649E-3	-85.359375E+0
56.100000E+0	0.000000E+0	-85.385118E+0	3.341210E+0	-10.909649E-3	-85.359375E+0
56.200000E+0	0.000000E+0	-85.261838E+0	3.912278E+0	-7.107844E-3	-85.359375E+0
56.300000E+0	0.000000E+0	-85.411072E+0	3.516903E+0	-23.582332E-3	-85.359375E+0
56.400000E+0	0.000000E+0	-85.313746E+0	3.494844E+0	-40.056821E-3	-85.359375E+0
56.500000E+0	0.000000E+0	-85.294280E+0	3.873657E+0	-10.909649E-3	-85.359375E+0
56.600000E+0	0.000000E+0	-85.294280E+0	3.347904E+0	-32.453211E-3	-85.359375E+0
56.700000E+0	0.000000E+0	-85.411072E+0	3.208254E+0	-40.056821E-3	-85.359375E+0
56.800000E+0	0.000000E+0	-85.391607E+0	4.012414E+0	-12.176917E-3	-85.359375E+0
56.900000E+0	0.000000E+0	-85.294280E+0	4.060414E+0	-33.720479E-3	-85.359375E+0
57.000000E+0	0.000000E+0	-85.404584E+0	3.534447E+0	-37.522284E-3	-85.359375E+0
57.100000E+0	0.000000E+0	-85.404584E+0	3.148633E+0	-31.185942E-3	-85.359375E+0
57.200000E+0	0.000000E+0	-85.378630E+0	3.273280E+0	-41.324089E-3	-85.359375E+0
57.300000E+0	0.000000E+0	-85.281303E+0	3.875623E+0	-8.375112E-3	-85.359375E+0
57.400000E+0	0.000000E+0	-85.391607E+0	3.759739E+0	-31.185942E-3	-85.359375E+0
57.500000E+0	0.000000E+0	-85.398095E+0	3.445296E+0	-37.522284E-3	-85.359375E+0
57.600000E+0	0.000000E+0	-85.274815E+0	3.646305E+0	-22.315064E-3	-85.359375E+0
57.700000E+0	0.000000E+0	-85.287792E+0	3.281319E+0	-10.909649E-3	-85.359375E+0
57.800000E+0	0.000000E+0	-85.339699E+0	3.118859E+0	-42.591357E-3	-85.359375E+0
57.900000E+0	0.000000E+0	-85.391607E+0	3.241415E+0	-33.720479E-3	-85.359375E+0
58.000000E+0	0.000000E+0	-85.385118E+0	3.466298E+0	-33.720479E-3	-85.359375E+0
58.100000E+0	0.000000E+0	-85.255350E+0	3.355762E+0	-15.978722E-3	-85.359375E+0
58.200000E+0	0.000000E+0	-85.339699E+0	3.189158E+0	-42.591357E-3	-85.359375E+0
58.300000E+0	0.000000E+0	-85.274815E+0	3.815123E+0	-23.582332E-3	-85.359375E+0
58.400000E+0	0.000000E+0	-85.287792E+0	3.470361E+0	-31.185942E-3	-85.359375E+0
58.500000E+0	0.000000E+0	-85.320234E+0	3.172246E+0	-41.324089E-3	-85.359375E+0
58.600000E+0	0.000000E+0	-85.287792E+0	3.212522E+0	-12.176917E-3	-85.359375E+0
58.700000E+0	0.000000E+0	-85.274815E+0	3.918428E+0	-13.444186E-3	-85.359375E+0
58.800000E+0	0.000000E+0	-85.268327E+0	3.767797E+0	-15.978722E-3	-85.359375E+0
58.900000E+0	0.000000E+0	-85.274815E+0	3.189235E+0	-13.444186E-3	-85.359375E+0
59.000000E+0	0.000000E+0	-85.378630E+0	3.569321E+0	-37.522284E-3	-85.359375E+0
59.100000E+0	0.000000E+0	-85.274815E+0	3.371335E+0	-27.384137E-3	-85.359375E+0
59.200000E+0	0.000000E+0	-85.281303E+0	3.816131E+0	-32.453211E-3	-85.359375E+0
59.300000E+0	0.000000E+0	-85.391607E+0	3.057465E+0	-41.324089E-3	-85.359375E+0
59.400000E+0	0.000000E+0	-85.398095E+0	3.237969E+0	-36.255016E-3	-85.359375E+0
59.500000E+0	0.000000E+0	-85.398095E+0	3.204968E+0	-38.789552E-3	-85.359375E+0
59.600000E+0	0.000000E+0	-85.404584E+0	3.718866E+0	-33.720479E-3	-85.359375E+0
59.700000E+0	0.000000E+0	-85.268327E+0	3.787337E+0	-19.780527E-3	-85.359375E+0
59.800000E+0	0.000000E+0	-85.268327E+0	3.547203E+0	-22.315064E-3	-85.359375E+0
59.900000E+0	0.000000E+0	-85.287792E+0	3.192912E+0	-10.909649E-3	-85.359375E+0
60.000000E+0	0.000000E+0	-85.391607E+0	3.739149E+0	-12.176917E-3	-85.359375E+0
60.100000E+0	0.000000E+0	-85.398095E+0	3.875626E+0	-33.720479E-3	-85.359375E+0
60.200000E+0	0.000000E+0	-85.281303E+0	3.163143E+0	-10.909649E-3	-85.359375E+0
60.300000E+0	0.000000E+0	-85.391607E+0	3.241461E+0	-42.591357E-3	-85.359375E+0
60.400000E+0	0.000000E+0	-85.352676E+0	2.905342E+0	-45.125894E-3	-85.359375E+0
60.500000E+0	0.000000E+0	-85.411072E+0	3.015891E+0	-38.789552E-3	-85.359375E+0
60.600000E+0	0.000000E+0	-85.294280E+0	3.043348E+0	-41.324089E-3	-85.359375E+0
60.700000E+0	0.000000E+0	-85.281303E+0	3.619904E+0	-32.453211E-3	-85.359375E+0
60.800000E+0	0.000000E+0	-85.378630E+0	2.974222E+0	-42.591357E-3	-85.359375E+0
60.900000E+0	0.000000E+0	-85.352676E+0	3.099966E+0	-42.591357E-3	-85.359375E+0
61.000000E+0	0.000000E+0	-85.398095E+0	3.184555E+0	-37.522284E-3	-85.359375E+0
61.100000E+0	0.000000E+0	-85.313746E+0	3.159309E+0	-8.375112E-3	-85.359375E+0
61.200000E+0	0.000000E+0	-85.378630E+0	3.953622E+0	-12.176917E-3	-85.359375E+0
61.300000E+0	0.000000E+0	-85.320234E+0	3.150502E+0	-40.056821E-3	-85.359375E+0
61.400000E+0	0.000000E+0	-85.398095E+0	3.185501E+0	-36.255016E-3	-85.359375E+0
61.500000E+0	0.000000E+0	-85.274815E+0	3.197871E+0	-23.582332E-3	-85.359375E+0
61.600000E+0	0.000000E+0	-85.411072E+0	3.222104E+0	-38.789552E-3	-85.359375E+0
61.700000E+0	0.000000E+0	-85.261838E+0	4.106099E+0	-19.780527E-3	-85.359375E+0
61.800000E+0	0.000000E+0	-85.274815E+0	3.767889E+0	-15.978722E-3	-85.359375E+0
61.900000E+0	0.000000E+0	-85.326722E+0	3.222584E+0	-10.909649E-3	-85.359375E+0
62.000000E+0	0.000000E+0	-85.294280E+0	3.097843E+0	-7.107844E-3	-85.359375E+0
62.100000E+0	0.000000E+0	-85.294280E+0	3.300056E+0	-33.720479E-3	-85.359375E+0
62.200000E+0	0.000000E+0	-85.391607E+0	3.263937E+0	-34.987747E-3	-85.359375E+0
62.300000E+0	0.000000E+0	-85.294280E+0	3.166257E+0	-37.522284E-3	-85.359375E+0
62.400000E+0	0.000000E+0	-85.287792E+0	3.703922E+0	-31.185942E-3	-85.359375E+0
62.500000E+0	0.000000E+0	-85.411072E+0	3.679633E+0	-18.513259E-3	-85.359375E+0
62.600000E+0	0.000000E+0	-85.411072E+0	3.275863E+0	9.366644E-3	-85.359375E+0
62.700000E+0	0.000000E+0	-85.287792E+0	3.524476E+0	-34.987747E-3	-85.359375E+0
62.800000E+0	0.000000E+0	-85.398095E+0	3.420314E+0	-41.324089E-3	-85.359375E+0
62.900000E+0	0.000000E+0	-85.274815E+0	3.231185E+0	-27.384137E-3	-85.359375E+0
63.000000E+0	0.000000E+0	-85.274815E+0	3.274756E+0	-22.315064E-3	-85.359375E+0
63.100000E+0	0.000000E+0	-85.411072E+0	3.295661E+0	-37.522284E-3	-85.359375E+0
63.200000E+0	0.000000E+0	-85.404584E+0	3.970293E+0	-37.522284E-3	-85.359375E+0
63.300000E+0	0.000000E+0	-85.326722E+0	3.961869E+0	-8.375112E-3	-85.359375E+0
63.400000E+0	0.000000E+0	-85.404584E+0	2.798682E+0	-53.996772E-3	-85.359375E+0
63.500000E+0	0.000000E+0	-85.398095E+0	3.873583E+0	-40.056821E-3	-85.359375E+0
63.600000E+0	0.000000E+0	-85.391607E+0	3.222871E+0	-41.324089E-3	-85.359375E+0
63.700000E+0	0.000000E+0	-85.391607E+0	3.225606E+0	-42.591357E-3	-85.359375E+0
63.800000E+0	0.000000E+0	-85.404584E+0	3.288552E+0	-38.789552E-3	-85.359375E+0
63.900000E+0	0.000000E+0	-85.398095E+0	3.229585E+0	-38.789552E-3	-85.359375E+0
64.000000E+0	0.000000E+0	-85.281303E+0	3.209649E+0	-29.918674E-3	-85.359375E+0
64.100000E+0	0.000000E+0	-85.404584E+0	3.187483E+0	-40.056821E-3	-85.359375E+0
64.200000E+0	0.000000E+0	-85.391607E+0	3.243098E+0	-41.324089E-3	-85.359375E+0
64.300000E+0	0.000000E+0	-85.339699E+0	3.094558E+0	-42.591357E-3	-85.359375E+0
64.400000E+0	0.000000E+0	-85.450003E+0	3.141531E+0	-42.591357E-3	-85.359375E+0
64.500000E+0	0.000000E+0	-85.287792E+0	3.426696E+0	-31.185942E-3	-85.359375E+0
64.600000E+0	0.000000E+0	-85.411072E+0	3.162973E+0	-41.324089E-3	-85.359375E+0
64.700000E+0	0.000000E+0	-85.281303E+0	3.470770E+0	-28.651406E-3	-85.359375E+0
64.800000E+0	0.000000E+0	-85.339699E+0	3.292444E+0	-8.375112E-3	-85.359375E+0
64.900000E+0	0.000000E+0	-85.300769E+0	3.345791E+0	-7.107844E-3	-85.359375E+0
65.000000E+0	0.000000E+0	-85.274815E+0	3.686954E+0	-23.582332E-3	-85.359375E+0
65.100000E+0	0.000000E+0	-85.352676E+0	3.054199E+0	-43.858626E-3	-85.359375E+0
65.200000E+0	0.000000E+0	-85.398095E+0	3.160319E+0	-36.255016E-3	-85.359375E+0
65.300000E+0	0.000000E+0	-85.274815E+0	3.159582E+0	-34.987747E-3	-85.359375E+0
65.400000E+0	0.000000E+0	-85.372142E+0	3.000486E+0	-41.324089E-3	-85.359375E+0
65.500000E+0	0.000000E+0	-85.398095E+0	3.470076E+0	-40.056821E-3	-85.359375E+0
65.600000E+0	0.000000E+0	-85.268327E+0	3.416635E+0	-22.315064E-3	-85.359375E+0
65.700000E+0	0.000000E+0	-85.411072E+0	3.132402E+0	-37.522284E-3	-85.359375E+0
65.800000E+0	0.000000E+0	-85.183977E+0	3.502927E+0	-19.780527E-3	-85.359375E+0
65.900000E+0	0.000000E+0	-85.417561E+0	2.925321E+0	-40.056821E-3	-85.359375E+0
66.000000E+0	0.000000E+0	-85.274815E+0	3.082236E+0	-15.978722E-3	-85.359375E+0
66.100000E+0	0.000000E+0	-85.365653E+0	3.803267E+0	-42.591357E-3	-85.359375E+0
66.200000E+0	0.000000E+0	-85.391607E+0	3.198637E+0	-33.720479E-3	-85.359375E+0
66.300000E+0	0.000000E+0	-85.404584E+0	3.208987E+0	-36.255016E-3	-85.359375E+0
66.400000E+0	0.000000E+0	-85.359165E+0	3.783489E+0	-45.125894E-3	-85.359375E+0
66.500000E+0	0.000000E+0	-85.268327E+0	3.684606E+0	-18.513259E-3	-85.359375E+0
66.600000E+0	0.000000E+0	-85.307257E+0	3.893193E+0	-8.375112E-3	-85.359375E+0
66.700000E+0	0.000000E+0	-85.411072E+0	2.987891E+0	-24.849601E-3	-85.359375E+0
66.800000E+0	0.000000E+0	-85.417561E+0	3.343292E+0	-24.849601E-3	-85.359375E+0
66.900000E+0	0.000000E+0	-85.313746E+0	3.232793E+0	-40.056821E-3	-85.359375E+0
67.000000E+0	0.000000E+0	-85.398095E+0	3.357333E+0	-38.789552E-3	-85.359375E+0
67.100000E+0	0.000000E+0	-85.385118E+0	3.267269E+0	-38.789552E-3	-85.359375E+0
67.200000E+0	0.000000E+0	-85.339699E+0	3.289201E+0	-42.591357E-3	-85.359375E+0
67.300000E+0	0.000000E+0	-85.385118E+0	3.822475E+0	-37.522284E-3	-85.359375E+0
67.400000E+0	0.000000E+0	-85.378630E+0	3.784158E+0	-9.642381E-3	-85.359375E+0
67.500000E+0	0.000000E+0	-85.398095E+0	4.075982E+0	-21.047796E-3	-85.359375E+0
67.600000E+0	0.000000E+0	-85.417561E+0	3.200751E+0	-21.047796E-3	-85.359375E+0
67.700000E+0	0.000000E+0	-85.391607E+0	2.728798E+0	-41.324089E-3	-85.359375E+0
67.800000E+0	0.000000E+0	-85.385118E+0	3.977149E+0	-13.444186E-3	-85.359375E+0
67.900000E+0	0.000000E+0	-85.326722E+0	3.309012E+0	-40.056821E-3	-85.359375E+0
68.000000E+0	0.000000E+0	-85.313746E+0	4.042792E+0	-8.375112E-3	-85.359375E+0
68.100000E+0	0.000000E+0	-85.287792E+0	3.913837E+0	-12.176917E-3	-85.359375E+0
68.200000E+0	0.000000E+0	-85.385118E+0	3.337435E+0	-41.324089E-3	-85.359375E+0
68.300000E+0	0.000000E+0	-85.411072E+0	3.705799E+0	-26.116869E-3	-85.359375E+0
68.400000E+0	0.000000E+0	-85.404584E+0	3.261865E+0	-38.789552E-3	-85.359375E+0
68.500000E+0	0.000000E+0	-85.339699E+0	3.234243E+0	-37.522284E-3	-85.359375E+0
68.600000E+0	0.000000E+0	-85.385118E+0	3.127921E+0	-40.056821E-3	-85.359375E+0
68.700000E+0	0.000000E+0	-85.398095E+0	3.454385E+0	-34.987747E-3	-85.359375E+0
68.800000E+0	0.000000E+0	-85.404584E+0	3.621002E+0	-15.978722E-3	-85.359375E+0
68.900000E+0	0.000000E+0	-85.300769E+0	3.183619E+0	-40.056821E-3	-85.359375E+0
69.000000E+0	0.000000E+0	-85.417561E+0	3.700672E+0	-21.047796E-3	-85.359375E+0
69.100000E+0	0.000000E+0	-85.398095E+0	3.321556E+0	-37.522284E-3	-85.359375E+0
69.200000E+0	0.000000E+0	-85.274815E+0	3.736104E+0	-18.513259E-3	-85.359375E+0
69.300000E+0	0.000000E+0	-85.398095E+0	3.433743E+0	-36.255016E-3	-85.359375E+0
69.400000E+0	0.000000E+0	-85.398095E+0	3.808766E+0	-33.720479E-3	-85.359375E+0
69.500000E+0	0.000000E+0	-85.287792E+0	4.222396E+0	-27.384137E-3	-85.359375E+0
69.600000E+0	0.000000E+0	-85.404584E+0	3.704012E+0	-31.185942E-3	-85.359375E+0
69.700000E+0	0.000000E+0	-85.417561E+0	3.506203E+0	-37.522284E-3	-85.359375E+0
69.800000E+0	0.000000E+0	-85.326722E+0	3.932796E+0	-40.056821E-3	-85.359375E+0
69.900000E+0	0.000000E+0	-85.365653E+0	3.497504E+0	-41.324089E-3	-85.359375E+0
70.000000E+0	0.000000E+0	-85.372142E+0	3.720012E+0	-32.453211E-3	-85.359375E+0
70.100000E+0	0.000000E+0	-85.404584E+0	3.963061E+0	-38.789552E-3	-85.359375E+0
70.200000E+0	0.000000E+0	-85.404584E+0	3.958217E+0	-13.444186E-3	-85.359375E+0
70.300000E+0	0.000000E+0	-85.268327E+0	3.866879E+0	-22.315064E-3	-85.359375E+0
70.400000E+0	0.000000E+0	-85.268327E+0	4.075644E+0	-21.047796E-3	-85.359375E+0
70.500000E+0	0.000000E+0	-85.385118E+0	4.205499E+0	-10.909649E-3	-85.359375E+0
70.600000E+0	0.000000E+0	-85.333211E+0	4.210286E+0	-9.642381E-3	-85.359375E+0
70.700000E+0	0.000000E+0	-85.268327E+0	3.836480E+0	-21.047796E-3	-85.359375E+0
70.800000E+0	0.000000E+0	-85.294280E+0	3.394706E+0	-10.909649E-3	-85.359375E+0
70.900000E+0	0.000000E+0	-85.404584E+0	3.316402E+0	-41.324089E-3	-85.359375E+0
71.000000E+0	0.000000E+0	-85.398095E+0	3.420469E+0	-37.522284E-3	-85.359375E+0
71.100000E+0	0.000000E+0	-85.313746E+0	4.075478E+0	-9.642381E-3	-85.359375E+0
71.200000E+0	0.000000E+0	-85.307257E+0	3.316774E+0	-9.642381E-3	-85.359375E+0
71.300000E+0	0.000000E+0	-85.391607E+0	3.462849E+0	-33.720479E-3	-85.359375E+0
71.400000E+0	0.000000E+0	-85.372142E+0	3.570174E+0	-8.375112E-3	-85.359375E+0
71.500000E+0	0.000000E+0	-85.281303E+0	3.253499E+0	-10.909649E-3	-85.359375E+0
71.600000E+0	0.000000E+0	-85.404584E+0	3.304616E+0	-37.522284E-3	-85.359375E+0
71.700000E+0	0.000000E+0	-85.391607E+0	3.163762E+0	-42.591357E-3	-85.359375E+0
71.800000E+0	0.000000E+0	-85.385118E+0	3.047663E+0	-12.176917E-3	-85.359375E+0
71.900000E+0	0.000000E+0	-85.404584E+0	3.909981E+0	-13.444186E-3	-85.359375E+0
72.000000E+0	0.000000E+0	-85.287792E+0	3.293377E+0	-32.453211E-3	-85.359375E+0
72.100000E+0	0.000000E+0	-85.411072E+0	3.496547E+0	-23.582332E-3	-85.359375E+0
72.200000E+0	0.000000E+0	-85.300769E+0	3.262115E+0	-9.642381E-3	-85.359375E+0
72.300000E+0	0.000000E+0	-85.398095E+0	3.672380E+0	-18.513259E-3	-85.359375E+0
72.400000E+0	0.000000E+0	-85.404584E+0	3.079472E+0	-37.522284E-3	-85.359375E+0
72.500000E+0	0.000000E+0	-85.320234E+0	3.091983E+0	-40.056821E-3	-85.359375E+0
72.600000E+0	0.000000E+0	-85.424049E+0	3.715931E+0	-18.513259E-3	-85.359375E+0
72.700000E+0	0.000000E+0	-85.365653E+0	3.026189E+0	-45.125894E-3	-85.359375E+0
72.800000E+0	0.000000E+0	-85.307257E+0	3.887266E+0	-10.909649E-3	-85.359375E+0
72.900000E+0	0.000000E+0	-85.287792E+0	3.315007E+0	-31.185942E-3	-85.359375E+0
73.000000E+0	0.000000E+0	-85.320234E+0	3.204541E+0	-42.591357E-3	-85.359375E+0
73.100000E+0	0.000000E+0	-85.320234E+0	3.065918E+0	-42.591357E-3	-85.359375E+0
73.200000E+0	0.000000E+0	-85.404584E+0	3.748058E+0	-40.056821E-3	-85.359375E+0
73.300000E+0	0.000000E+0	-85.339699E+0	2.869424E+0	-7.107844E-3	-85.359375E+0
73.400000E+0	0.000000E+0	-85.326722E+0	3.205132E+0	-29.918674E-3	-85.359375E+0
73.500000E+0	0.000000E+0	-85.411072E+0	2.977005E+0	-37.522284E-3	-85.359375E+0
73.600000E+0	0.000000E+0	-85.398095E+0	3.581578E+0	-38.789552E-3	-85.359375E+0
73.700000E+0	0.000000E+0	-85.385118E+0	3.060077E+0	-38.789552E-3	-85.359375E+0
73.800000E+0	0.000000E+0	-85.307257E+0	3.165209E+0	-36.255016E-3	-85.359375E+0
73.900000E+0	0.000000E+0	-85.411072E+0	3.825743E+0	-14.711454E-3	-85.359375E+0
74.000000E+0	0.000000E+0	-85.274815E+0	3.465857E+0	-21.047796E-3	-85.359375E+0
74.100000E+0	0.000000E+0	-85.320234E+0	3.601199E+0	-38.789552E-3	-85.359375E+0
74.200000E+0	0.000000E+0	-85.378630E+0	3.644877E+0	-41.324089E-3	-85.359375E+0
74.300000E+0	0.000000E+0	-85.261838E+0	3.369217E+0	-22.315064E-3	-85.359375E+0
74.400000E+0	0.000000E+0	-85.398095E+0	3.622150E+0	-36.255016E-3	-85.359375E+0
74.500000E+0	0.000000E+0	-85.378630E+0	3.679749E+0	-33.720479E-3	-85.359375E+0
74.600000E+0	0.000000E+0	-85.333211E+0	3.385707E+0	-22.315064E-3	-85.359375E+0
74.700000E+0	0.000000E+0	-85.339699E+0	3.165266E+0	-9.642381E-3	-85.359375E+0
74.800000E+0	0.000000E+0	-85.300769E+0	3.670382E+0	-37.522284E-3	-85.359375E+0
74.900000E+0	0.000000E+0	-85.359165E+0	2.834998E+0	-43.858626E-3	-85.359375E+0
75.000000E+0	0.000000E+0	-85.398095E+0	3.014508E+0	-37.522284E-3	-85.359375E+0
75.100000E+0	0.000000E+0	-85.320234E+0	2.870252E+0	-38.789552E-3	-85.359375E+0
75.200000E+0	0.000000E+0	-85.385118E+0	3.649474E+0	-41.324089E-3	-85.359375E+0
75.300000E+0	0.000000E+0	-85.411072E+0	3.407394E+0	-19.780527E-3	-85.359375E+0
75.400000E+0	0.000000E+0	-85.404584E+0	2.988323E+0	-34.987747E-3	-85.359375E+0
75.500000E+0	0.000000E+0	-85.339699E+0	2.756901E+0	-42.591357E-3	-85.359375E+0
75.600000E+0	0.000000E+0	-85.411072E+0	3.202762E+0	-24.849601E-3	-85.359375E+0
75.700000E+0	0.000000E+0	-85.404584E+0	2.764245E+0	-40.056821E-3	-85.359375E+0
75.800000E+0	0.000000E+0	-85.294280E+0	2.778809E+0	-40.056821E-3	-85.359375E+0
75.900000E+0	0.000000E+0	-85.430537E+0	2.933349E+0	-14.711454E-3	-85.359375E+0
76.000000E+0	0.000000E+0	-85.300769E+0	2.817218E+0	-36.255016E-3	-85.359375E+0
76.100000E+0	0.000000E+0	-85.326722E+0	2.646185E+0	-41.324089E-3	-85.359375E+0
76.200000E+0	0.000000E+0	-85.391607E+0	3.480594E+0	-43.858626E-3	-85.359375E+0
76.300000E+0	0.000000E+0	-85.307257E+0	3.607223E+0	-8.375112E-3	-85.359375E+0
76.400000E+0	0.000000E+0	-85.307257E+0	2.790221E+0	-40.056821E-3	-85.359375E+0
76.500000E+0	0.000000E+0	-85.398095E+0	2.932255E+0	-33.720479E-3	-85.359375E+0
76.600000E+0	0.000000E+0	-85.326722E+0	2.936016E+0	-7.107844E-3	-85.359375E+0
76.700000E+0	0.000000E+0	-85.404584E+0	2.896565E+0	-41.324089E-3	-85.359375E+0
76.800000E+0	0.000000E+0	-85.281303E+0	2.906737E+0	-13.444186E-3	-85.359375E+0
76.900000E+0	0.000000E+0	-85.398095E+0	2.699931E+0	-38.789552E-3	-85.359375E+0
77.000000E+0	0.000000E+0	-85.274815E+0	2.893539E+0	-23.582332E-3	-85.359375E+0
77.100000E+0	0.000000E+0	-85.411072E+0	3.149520E+0	-23.582332E-3	-85.359375E+0
77.200000E+0	0.000000E+0	-85.391607E+0	2.721844E+0	-41.324089E-3	-85.359375E+0
77.300000E+0	0.000000E+0	-85.365653E+0	3.548421E+0	-7.107844E-3	-85.359375E+0
77.400000E+0	0.000000E+0	-85.281303E+0	2.892114E+0	-32.453211E-3	-85.359375E+0
77.500000E+0	0.000000E+0	-85.300769E+0	3.262532E+0	-36.255016E-3	-85.359375E+0
77.600000E+0	0.000000E+0	-85.268327E+0	3.047191E+0	-23.582332E-3	-85.359375E+0
77.700000E+0	0.000000E+0	-85.411072E+0	2.595748E+0	-41.324089E-3	-85.359375E+0
77.800000E+0	0.000000E+0	-85.417561E+0	3.106497E+0	-23.582332E-3	-85.359375E+0
77.900000E+0	0.000000E+0	-85.398095E+0	2.768324E+0	-37.522284E-3	-85.359375E+0
78.000000E+0	0.000000E+0	-85.378630E+0	2.840197E+0	-38.789552E-3	-85.359375E+0
78.100000E+0	0.000000E+0	-85.404584E+0	2.950639E+0	-33.720479E-3	-85.359375E+0
78.200000E+0	0.000000E+0	-85.398095E+0	2.723468E+0	-40.056821E-3	-85.359375E+0
78.300000E+0	0.000000E+0	-85.313746E+0	3.488700E+0	-34.987747E-3	-85.359375E+0
78.400000E+0	0.000000E+0	-85.411072E+0	3.511836E+0	-41.324089E-3	-85.359375E+0
78.500000E+0	0.000000E+0	-85.307257E+0	2.731456E+0	-27.384137E-3	-85.359375E+0
78.600000E+0	0.000000E+0	-85.404584E+0	2.914154E+0	-31.185942E-3	-85.359375E+0
78.700000E+0	0.000000E+0	-85.326722E+0	2.711847E+0	-37.522284E-3	-85.359375E+0
78.800000E+0	0.000000E+0	-85.346188E+0	2.850451E+0	-42.591357E-3	-85.359375E+0
78.900000E+0	0.000000E+0	-85.411072E+0	2.909253E+0	-31.185942E-3	-85.359375E+0
79.000000E+0	0.000000E+0	-85.281303E+0	2.767335E+0	-12.176917E-3	-85.359375E+0
79.100000E+0	0.000000E+0	-85.417561E+0	3.578933E+0	-14.711454E-3	-85.359375E+0
79.200000E+0	0.000000E+0	-85.404584E+0	2.759592E+0	-38.789552E-3	-85.359375E+0
79.300000E+0	0.000000E+0	-85.268327E+0	3.572110E+0	-15.978722E-3	-85.359375E+0
79.400000E+0	0.000000E+0	-85.365653E+0	3.488458E+0	-9.642381E-3	-85.359375E+0
79.500000E+0	0.000000E+0	-85.411072E+0	3.588204E+0	-19.780527E-3	-85.359375E+0
79.600000E+0	0.000000E+0	-85.281303E+0	3.464812E+0	-22.315064E-3	-85.359375E+0
79.700000E+0	0.000000E+0	-85.404584E+0	2.897938E+0	-34.987747E-3	-85.359375E+0
79.800000E+0	0.000000E+0	-85.398095E+0	2.587886E+0	-33.720479E-3	-85.359375E+0
79.900000E+0	0.000000E+0	-85.294280E+0	3.437241E+0	-15.978722E-3	-85.359375E+0
80.000000E+0	0.000000E+0	-85.411072E+0	3.582322E+0	-38.789552E-3	-85.359375E+0
80.100000E+0	0.000000E+0	-85.391607E+0	3.548326E+0	-37.522284E-3	-85.359375E+0
80.200000E+0	0.000000E+0	-85.268327E+0	2.859433E+0	-17.245991E-3	-85.359375E+0
80.300000E+0	0.000000E+0	-85.281303E+0	3.481184E+0	-14.711454E-3	-85.359375E+0
80.400000E+0	0.000000E+0	-85.411072E+0	2.581052E+0	-36.255016E-3	-85.359375E+0
80.500000E+0	0.000000E+0	-85.320234E+0	2.632168E+0	-40.056821E-3	-85.359375E+0
80.600000E+0	0.000000E+0	-85.287792E+0	2.836612E+0	-21.047796E-3	-85.359375E+0
80.700000E+0	0.000000E+0	-85.424049E+0	2.661188E+0	-40.056821E-3	-85.359375E+0
80.800000E+0	0.000000E+0	-85.404584E+0	2.869813E+0	-29.918674E-3	-85.359375E+0
80.900000E+0	0.000000E+0	-85.411072E+0	3.395579E+0	-38.789552E-3	-85.359375E+0
81.000000E+0	0.000000E+0	-85.482445E+0	3.451194E+0	-37.522284E-3	-85.359375E+0
81.100000E+0	0.000000E+0	-85.404584E+0	3.203729E+0	-43.858626E-3	-85.359375E+0
81.200000E+0	0.000000E+0	-85.424049E+0	3.055544E+0	-37.522284E-3	-85.359375E+0
81.300000E+0	0.000000E+0	-85.281303E+0	3.276106E+0	-23.582332E-3	-85.359375E+0
81.400000E+0	0.000000E+0	-85.274815E+0	2.803197E+0	-22.315064E-3	-85.359375E+0
81.500000E+0	0.000000E+0	-85.274815E+0	2.854384E+0	-12.176917E-3	-85.359375E+0
81.600000E+0	0.000000E+0	-85.320234E+0	3.517078E+0	-41.324089E-3	-85.359375E+0
81.700000E+0	0.000000E+0	-85.417561E+0	3.381572E+0	-15.978722E-3	-85.359375E+0
81.800000E+0	0.000000E+0	-85.398095E+0	4.272967E+0	18.237522E-3	-85.359375E+0
81.900000E+0	0.000000E+0	-85.430537E+0	3.305964E+0	-19.780527E-3	-85.359375E+0
82.000000E+0	0.000000E+0	-85.398095E+0	3.222275E+0	-31.185942E-3	-85.359375E+0
82.100000E+0	5.000000E+0	0.000000E+0	100.000000E-3	-27.384137E-3	-85.359375E+0
