t [s] || setpoint speed [rot. s^-1] || setpoint pos [°] || duty cycle [%] || Ang Speed [rot. s^-1] ||
Ang Pos [°]
0.000000E+0	0.000000E+0	-85.300769E+0	100.000000E-3	-29.918674E-3	20.067187E+0
100.000000E-3	0.000000E+0	-85.404584E+0	100.000000E-3	-14.711454E-3	20.067187E+0
200.000000E-3	0.000000E+0	-85.391607E+0	100.000000E-3	-41.324089E-3	20.067187E+0
300.000000E-3	0.000000E+0	-85.294280E+0	100.000000E-3	-27.384137E-3	20.067187E+0
400.000000E-3	0.000000E+0	-85.398095E+0	100.000000E-3	-37.522284E-3	20.067187E+0
500.000000E-3	0.000000E+0	-85.326722E+0	100.000000E-3	-40.056821E-3	20.067187E+0
600.000000E-3	0.000000E+0	-85.404584E+0	100.000000E-3	-37.522284E-3	20.067187E+0
700.000000E-3	0.000000E+0	-85.346188E+0	100.000000E-3	-9.642381E-3	20.067187E+0
800.000000E-3	0.000000E+0	-85.398095E+0	100.000000E-3	-13.444186E-3	20.067187E+0
900.000000E-3	0.000000E+0	-85.404584E+0	100.000000E-3	-41.324089E-3	20.067187E+0
1.000000E+0	0.000000E+0	-85.281303E+0	100.000000E-3	-27.384137E-3	20.067187E+0
1.100000E+0	0.000000E+0	-85.281303E+0	100.000000E-3	-17.245991E-3	20.067187E+0
1.200000E+0	0.000000E+0	-85.411072E+0	100.000000E-3	-21.047796E-3	20.067187E+0
1.300000E+0	0.000000E+0	-85.404584E+0	99.900000E+0	-835.901378E-3	19.870313E+0
1.400000E+0	0.000000E+0	-85.424049E+0	99.900000E+0	-3.054889E+0	16.621875E+0
1.500000E+0	0.000000E+0	-85.391607E+0	99.900000E+0	-5.885968E+0	9.660938E+0
1.600000E+0	0.000000E+0	-85.320234E+0	99.900000E+0	-7.304043E+0	-393.750000E-3
1.700000E+0	0.000000E+0	-85.424049E+0	99.900000E+0	-8.398964E+0	-13.064063E+0
1.800000E+0	0.000000E+0	-85.430537E+0	99.900000E+0	-4.358909E+0	-22.485938E+0
1.900000E+0	0.000000E+0	-85.488933E+0	99.900000E+0	-687.630968E-3	-26.071875E+0
2.000000E+0	0.000000E+0	-85.430537E+0	99.900000E+0	2.377891E+0	-24.665625E+0
2.100000E+0	0.000000E+0	-85.404584E+0	99.900000E+0	2.972239E+0	-19.420313E+0
2.200000E+0	0.000000E+0	-85.365653E+0	99.900000E+0	398.418008E-3	-16.101562E+0
2.300000E+0	0.000000E+0	-85.339699E+0	99.900000E+0	-2.654432E+0	-17.817187E+0
2.400000E+0	0.000000E+0	-85.391607E+0	1.879048E+0	-5.243463E+0	-23.428125E+0
2.500000E+0	0.000000E+0	-85.424049E+0	99.900000E+0	-3.180348E+0	-29.587500E+0
2.600000E+0	0.000000E+0	-85.352676E+0	99.900000E+0	378.141716E-3	-31.387500E+0
2.700000E+0	0.000000E+0	-85.411072E+0	99.900000E+0	1.405896E+0	-29.039062E+0
2.800000E+0	0.000000E+0	-85.359165E+0	76.009398E+0	-1.793956E+0	-29.376563E+0
2.900000E+0	0.000000E+0	-85.404584E+0	51.777928E+0	-2.839453E+0	-33.257812E+0
3.000000E+0	0.000000E+0	-85.424049E+0	35.068358E+0	-758.598001E-3	-35.873438E+0
3.100000E+0	0.000000E+0	-85.417561E+0	29.448107E+0	96.808158E-3	-36.014063E+0
3.200000E+0	0.000000E+0	-85.326722E+0	59.831133E+0	-917.006561E-3	-36.478125E+0
3.300000E+0	0.000000E+0	-85.326722E+0	928.546881E-3	-2.034737E+0	-38.798437E+0
3.400000E+0	0.000000E+0	-85.404584E+0	62.713654E+0	-1.517692E+0	-41.540625E+0
3.500000E+0	0.000000E+0	-85.294280E+0	6.837890E+0	252.682158E-3	-42.356250E+0
3.600000E+0	0.000000E+0	-85.365653E+0	46.472504E+0	-99.618432E-3	-42.004688E+0
3.700000E+0	0.000000E+0	-85.398095E+0	35.886693E+0	-1.464467E+0	-43.087500E+0
3.800000E+0	0.000000E+0	-85.346188E+0	43.025173E+0	-1.676100E+0	-45.646875E+0
3.900000E+0	0.000000E+0	-85.333211E+0	25.404700E+0	-154.110971E-3	-47.193750E+0
4.000000E+0	0.000000E+0	-85.417561E+0	36.390610E+0	204.525963E-3	-46.870313E+0
4.100000E+0	0.000000E+0	-85.424049E+0	32.595860E+0	-1.001914E+0	-47.404688E+0
4.200000E+0	0.000000E+0	-85.404584E+0	8.855862E+0	-1.384629E+0	-49.162500E+0
4.300000E+0	0.000000E+0	-85.281303E+0	9.762277E+0	-601.456714E-3	-50.625000E+0
4.400000E+0	0.000000E+0	-85.424049E+0	5.806558E+0	-288.441418E-3	-51.271875E+0
4.500000E+0	0.000000E+0	-85.391607E+0	30.659501E+0	-403.762841E-3	-51.665625E+0
4.600000E+0	0.000000E+0	-85.411072E+0	19.408902E+0	-856.177674E-3	-52.551563E+0
4.700000E+0	0.000000E+0	-85.411072E+0	1.323474E+0	-913.204755E-3	-53.887500E+0
4.800000E+0	0.000000E+0	-85.404584E+0	281.328506E-3	-565.973198E-3	-54.871875E+0
4.900000E+0	0.000000E+0	-85.417561E+0	14.708353E+0	-367.012058E-3	-55.518750E+0
5.000000E+0	0.000000E+0	-85.352676E+0	17.993530E+0	-574.844077E-3	-56.123438E+0
5.100000E+0	0.000000E+0	-85.313746E+0	16.047582E+0	-776.339760E-3	-57.051563E+0
5.200000E+0	0.000000E+0	-85.339699E+0	13.059527E+0	-790.279713E-3	-58.190625E+0
5.300000E+0	0.000000E+0	-85.411072E+0	1.642921E+0	-653.414720E-3	-59.259375E+0
5.400000E+0	0.000000E+0	-85.320234E+0	16.804869E+0	-415.168257E-3	-59.962500E+0
5.500000E+0	0.000000E+0	-85.378630E+0	3.543725E+0	-592.585835E-3	-60.665625E+0
5.600000E+0	0.000000E+0	-85.411072E+0	4.734093E+0	-483.600750E-3	-61.425000E+0
5.700000E+0	0.000000E+0	-85.391607E+0	7.356799E+0	-396.159231E-3	-61.945312E+0
5.800000E+0	0.000000E+0	-85.398095E+0	18.281715E+0	-411.366451E-3	-62.479688E+0
5.900000E+0	0.000000E+0	-85.424049E+0	316.956707E-3	-629.336619E-3	-63.196875E+0
6.000000E+0	0.000000E+0	-85.424049E+0	1.875326E+0	-431.642746E-3	-63.914062E+0
6.100000E+0	0.000000E+0	-85.307257E+0	14.154450E+0	-207.336242E-3	-64.293750E+0
6.200000E+0	0.000000E+0	-85.294280E+0	18.402075E+0	-339.132153E-3	-64.645313E+0
6.300000E+0	0.000000E+0	-85.300769E+0	11.638720E+0	-510.213387E-3	-65.292187E+0
6.400000E+0	0.000000E+0	-85.378630E+0	2.766620E+0	-514.015192E-3	-66.023437E+0
6.500000E+0	0.000000E+0	-85.294280E+0	16.131185E+0	-304.915907E-3	-66.543750E+0
6.600000E+0	0.000000E+0	-85.398095E+0	12.278132E+0	-454.453577E-3	-67.035938E+0
6.700000E+0	0.000000E+0	-85.294280E+0	103.113322E-3	-431.642746E-3	-67.682812E+0
6.800000E+0	0.000000E+0	-85.404584E+0	7.711898E+0	-213.672584E-3	-68.062500E+0
6.900000E+0	0.000000E+0	-85.307257E+0	23.879361E+0	-270.699661E-3	-68.301563E+0
7.000000E+0	0.000000E+0	-85.404584E+0	14.000870E+0	-628.069351E-3	-68.934375E+0
7.100000E+0	0.000000E+0	-85.404584E+0	8.571329E+0	-545.696903E-3	-69.792187E+0
7.200000E+0	0.000000E+0	-85.307257E+0	6.602696E+0	-192.129022E-3	-70.326563E+0
7.300000E+0	0.000000E+0	-85.411072E+0	25.017155E+0	-38.789552E-3	-70.382812E+0
7.400000E+0	0.000000E+0	-85.300769E+0	17.422620E+0	-552.033245E-3	-70.818750E+0
7.500000E+0	0.000000E+0	-85.398095E+0	5.069854E+0	-602.723982E-3	-71.704688E+0
7.600000E+0	0.000000E+0	-85.294280E+0	4.614059E+0	-244.087025E-3	-72.267188E+0
7.700000E+0	0.000000E+0	-85.346188E+0	6.596787E+0	-137.636483E-3	-72.506250E+0
7.800000E+0	0.000000E+0	-85.320234E+0	26.729242E+0	-159.180045E-3	-72.604687E+0
7.900000E+0	0.000000E+0	-85.359165E+0	10.245744E+0	-538.093292E-3	-73.054687E+0
8.000000E+0	0.000000E+0	-85.417561E+0	2.425606E+0	-416.435525E-3	-73.771875E+0
8.100000E+0	0.000000E+0	-85.307257E+0	198.103921E-3	-183.258143E-3	-74.165625E+0
8.200000E+0	0.000000E+0	-85.300769E+0	12.536794E+0	-41.324089E-3	-74.292187E+0
8.300000E+0	0.000000E+0	-85.404584E+0	20.621457E+0	-208.603511E-3	-74.390625E+0
8.400000E+0	0.000000E+0	-85.333211E+0	2.446764E+0	-432.910014E-3	-74.882812E+0
8.500000E+0	0.000000E+0	-85.378630E+0	3.080448E+0	-235.216146E-3	-75.375000E+0
8.600000E+0	0.000000E+0	-85.424049E+0	14.261223E+0	-78.074871E-3	-75.529688E+0
8.700000E+0	0.000000E+0	-85.365653E+0	7.566178E+0	-317.588590E-3	-75.740625E+0
8.800000E+0	0.000000E+0	-85.326722E+0	4.208759E+0	-251.690635E-3	-76.106250E+0
8.900000E+0	0.000000E+0	-85.417561E+0	7.553722E+0	-149.041898E-3	-76.317188E+0
9.000000E+0	0.000000E+0	-85.391607E+0	11.730680E+0	-154.110971E-3	-76.485938E+0
9.100000E+0	0.000000E+0	-85.411072E+0	9.992703E+0	-240.285220E-3	-76.725000E+0
9.200000E+0	0.000000E+0	-85.398095E+0	4.673657E+0	-249.156098E-3	-77.062500E+0
9.300000E+0	0.000000E+0	-85.404584E+0	12.210118E+0	-168.050923E-3	-77.287500E+0
9.400000E+0	0.000000E+0	-85.307257E+0	6.144811E+0	-241.552488E-3	-77.540625E+0
9.500000E+0	0.000000E+0	-85.411072E+0	3.883352E+0	-195.930827E-3	-77.821875E+0
9.600000E+0	0.000000E+0	-85.385118E+0	9.062122E+0	-95.816627E-3	-77.976562E+0
9.700000E+0	0.000000E+0	-85.411072E+0	8.694790E+0	-190.861754E-3	-78.145313E+0
9.800000E+0	0.000000E+0	-85.398095E+0	9.283506E+0	-156.645508E-3	-78.328125E+0
9.900000E+0	0.000000E+0	-85.294280E+0	11.519055E+0	-121.161994E-3	-78.468750E+0
10.000000E+0	0.000000E+0	-85.398095E+0	15.002360E+0	-157.912776E-3	-78.623438E+0
10.100000E+0	0.000000E+0	-85.339699E+0	5.693999E+0	-279.570539E-3	-78.918750E+0
10.200000E+0	0.000000E+0	-85.411072E+0	1.882250E+0	-166.783655E-3	-79.228125E+0
10.300000E+0	0.000000E+0	-85.313746E+0	5.941025E+0	-29.918674E-3	-79.340625E+0
10.400000E+0	0.000000E+0	-85.300769E+0	22.377234E+0	-75.540334E-3	-79.368750E+0
10.500000E+0	0.000000E+0	-85.365653E+0	9.488991E+0	-284.639613E-3	-79.678125E+0
10.600000E+0	0.000000E+0	-85.294280E+0	1.893255E+0	-226.345268E-3	-80.057812E+0
10.700000E+0	0.000000E+0	-85.411072E+0	3.528248E+0	-92.014822E-3	-80.198437E+0
10.800000E+0	0.000000E+0	-85.417561E+0	13.935599E+0	-62.867651E-3	-80.212500E+0
10.900000E+0	0.000000E+0	-85.352676E+0	14.581200E+0	-216.207121E-3	-80.339062E+0
11.000000E+0	0.000000E+0	-85.307257E+0	1.830160E+0	-293.510491E-3	-80.662500E+0
11.100000E+0	0.000000E+0	-85.398095E+0	2.561980E+0	-76.807602E-3	-80.887500E+0
11.200000E+0	0.000000E+0	-85.313746E+0	13.983328E+0	-37.522284E-3	-80.887500E+0
11.300000E+0	0.000000E+0	-85.294280E+0	10.028455E+0	-133.834678E-3	-81.000000E+0
11.400000E+0	0.000000E+0	-85.333211E+0	6.999281E+0	-154.110971E-3	-81.182812E+0
11.500000E+0	0.000000E+0	-85.339699E+0	7.305562E+0	-75.540334E-3	-81.309375E+0
11.600000E+0	0.000000E+0	-85.385118E+0	10.095118E+0	-80.609407E-3	-81.379688E+0
11.700000E+0	0.000000E+0	-85.411072E+0	10.896228E+0	-92.014822E-3	-81.464062E+0
11.800000E+0	0.000000E+0	-85.391607E+0	8.349563E+0	-131.300141E-3	-81.618750E+0
11.900000E+0	0.000000E+0	-85.365653E+0	6.943414E+0	-73.005797E-3	-81.773437E+0
12.000000E+0	0.000000E+0	-85.437026E+0	12.124994E+0	-26.116869E-3	-81.815625E+0
12.100000E+0	0.000000E+0	-85.391607E+0	17.999225E+0	-102.152969E-3	-81.843750E+0
12.200000E+0	0.000000E+0	-85.320234E+0	8.874027E+0	-218.741657E-3	-82.040625E+0
12.300000E+0	0.000000E+0	-85.346188E+0	4.017824E+0	-160.447313E-3	-82.293750E+0
12.400000E+0	0.000000E+0	-85.417561E+0	9.504457E+0	-19.780527E-3	-82.364063E+0
12.500000E+0	0.000000E+0	-85.398095E+0	13.270543E+0	-100.885701E-3	-82.392188E+0
12.600000E+0	0.000000E+0	-85.313746E+0	7.874229E+0	-174.387265E-3	-82.575000E+0
12.700000E+0	0.000000E+0	-85.391607E+0	1.385427E+0	-173.119997E-3	-82.800000E+0
12.800000E+0	0.000000E+0	-85.307257E+0	4.728497E+0	-27.384137E-3	-82.870312E+0
12.900000E+0	0.000000E+0	-85.320234E+0	10.904533E+0	-45.125894E-3	-82.884375E+0
13.000000E+0	0.000000E+0	-85.404584E+0	6.984724E+0	-140.171019E-3	-82.996875E+0
13.100000E+0	0.000000E+0	-85.281303E+0	5.555680E+0	-55.264041E-3	-83.095313E+0
13.200000E+0	0.000000E+0	-85.352676E+0	11.518394E+0	-62.867651E-3	-83.123438E+0
13.300000E+0	0.000000E+0	-85.424049E+0	14.150805E+0	-84.411212E-3	-83.165625E+0
13.400000E+0	0.000000E+0	-85.411072E+0	8.180650E+0	-164.249118E-3	-83.306250E+0
13.500000E+0	0.000000E+0	-85.352676E+0	4.788123E+0	-94.549359E-3	-83.475000E+0
13.600000E+0	0.000000E+0	-85.430537E+0	6.462517E+0	-19.780527E-3	-83.545313E+0
13.700000E+0	0.000000E+0	-85.307257E+0	10.625901E+0	-26.116869E-3	-83.545313E+0
13.800000E+0	0.000000E+0	-85.417561E+0	8.601667E+0	-112.291116E-3	-83.615625E+0
13.900000E+0	0.000000E+0	-85.281303E+0	6.831974E+0	-84.411212E-3	-83.714062E+0
14.000000E+0	0.000000E+0	-85.411072E+0	7.336922E+0	-60.333114E-3	-83.770313E+0
14.100000E+0	0.000000E+0	-85.359165E+0	10.674587E+0	-24.849601E-3	-83.798438E+0
14.200000E+0	0.000000E+0	-85.404584E+0	8.625043E+0	-75.540334E-3	-83.854687E+0
14.300000E+0	0.000000E+0	-85.372142E+0	4.576066E+0	-121.161994E-3	-83.953125E+0
14.400000E+0	0.000000E+0	-85.404584E+0	2.998838E+0	-56.531309E-3	-84.051563E+0
14.500000E+0	0.000000E+0	-85.411072E+0	7.881150E+0	-21.047796E-3	-84.051563E+0
14.600000E+0	0.000000E+0	-85.359165E+0	8.734980E+0	-66.669456E-3	-84.079688E+0
14.700000E+0	0.000000E+0	-85.320234E+0	6.898233E+0	-92.014822E-3	-84.150000E+0
14.800000E+0	0.000000E+0	-85.424049E+0	5.424788E+0	-60.333114E-3	-84.220313E+0
14.900000E+0	0.000000E+0	-85.417561E+0	8.625886E+0	-18.513259E-3	-84.234375E+0
15.000000E+0	0.000000E+0	-85.281303E+0	10.845672E+0	-27.384137E-3	-84.248438E+0
15.100000E+0	0.000000E+0	-85.404584E+0	10.834123E+0	-83.143944E-3	-84.304687E+0
15.200000E+0	0.000000E+0	-85.333211E+0	7.423120E+0	-79.342139E-3	-84.389063E+0
15.300000E+0	0.000000E+0	-85.287792E+0	9.919423E+0	-12.176917E-3	-84.417187E+0
15.400000E+0	0.000000E+0	-85.430537E+0	11.320175E+0	-48.927699E-3	-84.417187E+0
15.500000E+0	0.000000E+0	-85.391607E+0	10.614484E+0	-41.324089E-3	-84.459375E+0
15.600000E+0	0.000000E+0	-85.424049E+0	10.041550E+0	-53.996772E-3	-84.515625E+0
15.700000E+0	0.000000E+0	-85.417561E+0	9.001729E+0	-38.789552E-3	-84.557812E+0
15.800000E+0	0.000000E+0	-85.300769E+0	8.840186E+0	-46.393162E-3	-84.614063E+0
15.900000E+0	0.000000E+0	-85.424049E+0	9.730192E+0	-29.918674E-3	-84.642188E+0
16.000000E+0	0.000000E+0	-85.417561E+0	10.191073E+0	-41.324089E-3	-84.670313E+0
16.100000E+0	0.000000E+0	-85.424049E+0	9.604262E+0	-67.936724E-3	-84.698437E+0
16.200000E+0	0.000000E+0	-85.404584E+0	8.762590E+0	-93.282091E-3	-84.768750E+0
16.300000E+0	0.000000E+0	-85.430537E+0	5.402026E+0	-70.471261E-3	-84.853125E+0
16.400000E+0	0.000000E+0	-85.294280E+0	5.498790E+0	-22.315064E-3	-84.895313E+0
16.500000E+0	0.000000E+0	-85.333211E+0	6.328026E+0	-42.591357E-3	-84.895313E+0
16.600000E+0	0.000000E+0	-85.300769E+0	7.969246E+0	-27.384137E-3	-84.895313E+0
16.700000E+0	0.000000E+0	-85.313746E+0	8.167627E+0	-40.056821E-3	-84.909375E+0
16.800000E+0	0.000000E+0	-85.339699E+0	8.139423E+0	-69.203992E-3	-84.923438E+0
16.900000E+0	0.000000E+0	-85.417561E+0	7.382279E+0	-62.867651E-3	-84.965625E+0
17.000000E+0	0.000000E+0	-85.404584E+0	8.727285E+0	-37.522284E-3	-84.979687E+0
17.100000E+0	0.000000E+0	-85.294280E+0	8.940771E+0	-32.453211E-3	-84.993750E+0
17.200000E+0	0.000000E+0	-85.307257E+0	9.054802E+0	-46.393162E-3	-85.007812E+0
17.300000E+0	0.000000E+0	-85.424049E+0	8.932784E+0	-38.789552E-3	-85.035938E+0
17.400000E+0	0.000000E+0	-85.411072E+0	9.882242E+0	-27.384137E-3	-85.035938E+0
17.500000E+0	0.000000E+0	-85.281303E+0	8.643598E+0	-50.194967E-3	-85.078125E+0
17.600000E+0	0.000000E+0	-85.424049E+0	5.609333E+0	-71.738529E-3	-85.148437E+0
17.700000E+0	0.000000E+0	-85.398095E+0	3.856848E+0	-51.462236E-3	-85.204688E+0
17.800000E+0	0.000000E+0	-85.313746E+0	5.082235E+0	-32.453211E-3	-85.204688E+0
17.900000E+0	0.000000E+0	-85.391607E+0	4.992632E+0	-38.789552E-3	-85.204688E+0
18.000000E+0	0.000000E+0	-85.430537E+0	5.970607E+0	-22.315064E-3	-85.204688E+0
18.100000E+0	0.000000E+0	-85.417561E+0	6.281206E+0	-33.720479E-3	-85.204688E+0
18.200000E+0	0.000000E+0	-85.294280E+0	6.757953E+0	-31.185942E-3	-85.204688E+0
18.300000E+0	0.000000E+0	-85.430537E+0	7.323899E+0	-29.918674E-3	-85.204688E+0
18.400000E+0	0.000000E+0	-85.430537E+0	5.497782E+0	-61.600382E-3	-85.232813E+0
18.500000E+0	0.000000E+0	-85.378630E+0	5.947050E+0	-13.444186E-3	-85.246875E+0
18.600000E+0	0.000000E+0	-85.430537E+0	6.358534E+0	-51.462236E-3	-85.246875E+0
18.700000E+0	0.000000E+0	-85.365653E+0	6.532309E+0	-45.125894E-3	-85.246875E+0
18.800000E+0	0.000000E+0	-85.281303E+0	7.274638E+0	-26.116869E-3	-85.246875E+0
18.900000E+0	0.000000E+0	-85.300769E+0	6.956357E+0	-27.384137E-3	-85.260937E+0
19.000000E+0	0.000000E+0	-85.294280E+0	5.871204E+0	-22.315064E-3	-85.289062E+0
19.100000E+0	0.000000E+0	-85.417561E+0	5.492555E+0	-40.056821E-3	-85.289062E+0
19.200000E+0	0.000000E+0	-85.372142E+0	5.824982E+0	-43.858626E-3	-85.289062E+0
19.300000E+0	0.000000E+0	-85.333211E+0	6.478800E+0	-28.651406E-3	-85.289062E+0
19.400000E+0	0.000000E+0	-85.326722E+0	6.255679E+0	-41.324089E-3	-85.289062E+0
19.500000E+0	0.000000E+0	-85.378630E+0	6.318354E+0	-45.125894E-3	-85.289062E+0
19.600000E+0	0.000000E+0	-85.294280E+0	6.634522E+0	-28.651406E-3	-85.289062E+0
19.700000E+0	0.000000E+0	-85.424049E+0	7.757859E+0	-10.909649E-3	-85.289062E+0
19.800000E+0	0.000000E+0	-85.300769E+0	6.226248E+0	-40.056821E-3	-85.303125E+0
19.900000E+0	0.000000E+0	-85.294280E+0	6.722611E+0	-26.116869E-3	-85.303125E+0
20.000000E+0	0.000000E+0	-85.385118E+0	7.232072E+0	-45.125894E-3	-85.303125E+0
20.100000E+0	0.000000E+0	-85.398095E+0	7.199271E+0	-42.591357E-3	-85.303125E+0
20.200000E+0	0.000000E+0	-85.339699E+0	7.262348E+0	-9.642381E-3	-85.303125E+0
20.300000E+0	0.000000E+0	-85.287792E+0	7.265606E+0	-19.780527E-3	-85.317188E+0
20.400000E+0	0.000000E+0	-85.287792E+0	7.605104E+0	-18.513259E-3	-85.317188E+0
20.500000E+0	0.000000E+0	-85.320234E+0	6.785963E+0	-46.393162E-3	-85.317188E+0
20.600000E+0	0.000000E+0	-85.300769E+0	7.841585E+0	-13.444186E-3	-85.317188E+0
20.700000E+0	0.000000E+0	-85.326722E+0	7.231950E+0	-17.245991E-3	-85.331250E+0
20.800000E+0	0.000000E+0	-85.307257E+0	6.622105E+0	-14.711454E-3	-85.331250E+0
20.900000E+0	0.000000E+0	-85.365653E+0	6.812867E+0	-14.711454E-3	-85.345313E+0
21.000000E+0	0.000000E+0	-85.274815E+0	6.788980E+0	-18.513259E-3	-85.345313E+0
21.100000E+0	0.000000E+0	-85.294280E+0	6.310358E+0	-14.711454E-3	-85.345313E+0
21.200000E+0	0.000000E+0	-85.391607E+0	6.884496E+0	-42.591357E-3	-85.345313E+0
21.300000E+0	0.000000E+0	-85.424049E+0	6.758433E+0	-28.651406E-3	-85.345313E+0
21.400000E+0	0.000000E+0	-85.424049E+0	7.143159E+0	-13.444186E-3	-85.345313E+0
21.500000E+0	0.000000E+0	-85.398095E+0	6.388120E+0	-14.711454E-3	-85.345313E+0
21.600000E+0	0.000000E+0	-85.417561E+0	6.571497E+0	-37.522284E-3	-85.359375E+0
21.700000E+0	0.000000E+0	-85.417561E+0	6.004908E+0	-36.255016E-3	-85.359375E+0
21.800000E+0	0.000000E+0	-85.339699E+0	6.117726E+0	-40.056821E-3	-85.359375E+0
21.900000E+0	0.000000E+0	-85.411072E+0	6.289836E+0	-38.789552E-3	-85.359375E+0
22.000000E+0	0.000000E+0	-85.411072E+0	6.546241E+0	-37.522284E-3	-85.359375E+0
22.100000E+0	0.000000E+0	-85.359165E+0	7.009564E+0	-43.858626E-3	-85.359375E+0
22.200000E+0	0.000000E+0	-85.417561E+0	6.444744E+0	-10.909649E-3	-85.359375E+0
22.300000E+0	0.000000E+0	-85.339699E+0	6.987902E+0	-12.176917E-3	-85.359375E+0
22.400000E+0	0.000000E+0	-85.313746E+0	6.801852E+0	-28.651406E-3	-85.359375E+0
22.500000E+0	0.000000E+0	-85.424049E+0	6.528460E+0	-14.711454E-3	-85.359375E+0
22.600000E+0	0.000000E+0	-85.424049E+0	6.776046E+0	-38.789552E-3	-85.359375E+0
22.700000E+0	0.000000E+0	-85.411072E+0	6.682725E+0	-36.255016E-3	-85.359375E+0
22.800000E+0	0.000000E+0	-85.417561E+0	6.945398E+0	-42.591357E-3	-85.359375E+0
22.900000E+0	0.000000E+0	-85.339699E+0	7.473324E+0	-40.056821E-3	-85.359375E+0
23.000000E+0	0.000000E+0	-85.404584E+0	6.739999E+0	-41.324089E-3	-85.373438E+0
23.100000E+0	0.000000E+0	-85.424049E+0	5.790037E+0	-38.789552E-3	-85.373438E+0
23.200000E+0	0.000000E+0	-85.326722E+0	5.855077E+0	-36.255016E-3	-85.373438E+0
23.300000E+0	0.000000E+0	-85.320234E+0	5.887760E+0	-27.384137E-3	-85.373438E+0
23.400000E+0	0.000000E+0	-85.404584E+0	5.878960E+0	-12.176917E-3	-85.373438E+0
23.500000E+0	0.000000E+0	-85.352676E+0	6.600988E+0	-12.176917E-3	-85.373438E+0
23.600000E+0	0.000000E+0	-85.424049E+0	6.382825E+0	-18.513259E-3	-85.373438E+0
23.700000E+0	0.000000E+0	-85.430537E+0	5.909222E+0	-38.789552E-3	-85.373438E+0
23.800000E+0	0.000000E+0	-85.320234E+0	6.022120E+0	-31.185942E-3	-85.373438E+0
23.900000E+0	0.000000E+0	-85.417561E+0	6.003543E+0	-31.185942E-3	-85.373438E+0
24.000000E+0	0.000000E+0	-85.333211E+0	6.107203E+0	-32.453211E-3	-85.373438E+0
24.100000E+0	0.000000E+0	-85.424049E+0	6.426169E+0	-37.522284E-3	-85.373438E+0
24.200000E+0	0.000000E+0	-85.430537E+0	6.286275E+0	-37.522284E-3	-85.373438E+0
24.300000E+0	0.000000E+0	-85.417561E+0	5.859071E+0	-8.375112E-3	-85.373438E+0
24.400000E+0	0.000000E+0	-85.424049E+0	5.717124E+0	-37.522284E-3	-85.373438E+0
24.500000E+0	0.000000E+0	-85.424049E+0	6.083947E+0	-41.324089E-3	-85.373438E+0
24.600000E+0	0.000000E+0	-85.443514E+0	6.233682E+0	-37.522284E-3	-85.373438E+0
24.700000E+0	0.000000E+0	-85.430537E+0	5.572322E+0	-33.720479E-3	-85.373438E+0
24.800000E+0	0.000000E+0	-85.346188E+0	5.686461E+0	-40.056821E-3	-85.373438E+0
24.900000E+0	0.000000E+0	-85.352676E+0	5.530524E+0	-43.858626E-3	-85.373438E+0
25.000000E+0	0.000000E+0	-85.294280E+0	5.420500E+0	-14.711454E-3	-85.373438E+0
25.100000E+0	0.000000E+0	-85.437026E+0	5.445730E+0	-41.324089E-3	-85.373438E+0
25.200000E+0	0.000000E+0	-85.417561E+0	5.380052E+0	-34.987747E-3	-85.373438E+0
25.300000E+0	0.000000E+0	-85.430537E+0	5.666716E+0	-40.056821E-3	-85.373438E+0
25.400000E+0	0.000000E+0	-85.424049E+0	5.370067E+0	-37.522284E-3	-85.373438E+0
25.500000E+0	0.000000E+0	-85.437026E+0	5.848378E+0	-28.651406E-3	-85.373438E+0
25.600000E+0	0.000000E+0	-85.300769E+0	5.708428E+0	-24.849601E-3	-85.373438E+0
25.700000E+0	0.000000E+0	-85.326722E+0	5.616067E+0	-37.522284E-3	-85.373438E+0
25.800000E+0	0.000000E+0	-85.417561E+0	5.949725E+0	-36.255016E-3	-85.373438E+0
25.900000E+0	0.000000E+0	-85.488933E+0	5.515501E+0	-40.056821E-3	-85.373438E+0
26.000000E+0	0.000000E+0	-85.430537E+0	6.221810E+0	-14.711454E-3	-85.373438E+0
26.100000E+0	0.000000E+0	-85.437026E+0	5.320839E+0	-26.116869E-3	-85.373438E+0
26.200000E+0	0.000000E+0	-85.313746E+0	5.763015E+0	-27.384137E-3	-85.373438E+0
26.300000E+0	0.000000E+0	-85.385118E+0	6.235599E+0	-45.125894E-3	-85.373438E+0
26.400000E+0	0.000000E+0	-85.359165E+0	6.195093E+0	-10.909649E-3	-85.373438E+0
26.500000E+0	0.000000E+0	-85.281303E+0	5.458759E+0	-18.513259E-3	-85.373438E+0
26.600000E+0	0.000000E+0	-85.424049E+0	6.227618E+0	-13.444186E-3	-85.373438E+0
26.700000E+0	0.000000E+0	-85.287792E+0	6.043161E+0	-19.780527E-3	-85.373438E+0
26.800000E+0	0.000000E+0	-85.411072E+0	5.537042E+0	-37.522284E-3	-85.373438E+0
26.900000E+0	0.000000E+0	-85.430537E+0	6.240759E+0	-15.978722E-3	-85.373438E+0
27.000000E+0	0.000000E+0	-85.300769E+0	6.053978E+0	-27.384137E-3	-85.373438E+0
27.100000E+0	0.000000E+0	-85.300769E+0	6.341777E+0	-10.909649E-3	-85.373438E+0
27.200000E+0	0.000000E+0	-85.404584E+0	6.210525E+0	-12.176917E-3	-85.373438E+0
27.300000E+0	0.000000E+0	-85.417561E+0	5.461822E+0	-41.324089E-3	-85.373438E+0
27.400000E+0	0.000000E+0	-85.391607E+0	5.648719E+0	-43.858626E-3	-85.373438E+0
27.500000E+0	0.000000E+0	-85.430537E+0	5.717485E+0	-36.255016E-3	-85.373438E+0
27.600000E+0	0.000000E+0	-85.417561E+0	5.442228E+0	-37.522284E-3	-85.373438E+0
27.700000E+0	0.000000E+0	-85.411072E+0	5.134237E+0	-40.056821E-3	-85.373438E+0
27.800000E+0	0.000000E+0	-85.294280E+0	5.720794E+0	-17.245991E-3	-85.373438E+0
27.900000E+0	0.000000E+0	-85.372142E+0	5.346149E+0	-9.642381E-3	-85.373438E+0
28.000000E+0	0.000000E+0	-85.339699E+0	5.433822E+0	-38.789552E-3	-85.373438E+0
28.100000E+0	0.000000E+0	-85.417561E+0	5.429399E+0	-34.987747E-3	-85.373438E+0
28.200000E+0	0.000000E+0	-85.326722E+0	5.329366E+0	-38.789552E-3	-85.373438E+0
28.300000E+0	0.000000E+0	-85.333211E+0	5.251534E+0	-38.789552E-3	-85.373438E+0
28.400000E+0	0.000000E+0	-85.430537E+0	5.987445E+0	-13.444186E-3	-85.373438E+0
28.500000E+0	0.000000E+0	-85.307257E+0	5.447296E+0	-22.315064E-3	-85.373438E+0
28.600000E+0	0.000000E+0	-85.404584E+0	6.118333E+0	-7.107844E-3	-85.373438E+0
28.700000E+0	0.000000E+0	-85.378630E+0	5.061095E+0	-46.393162E-3	-85.373438E+0
28.800000E+0	0.000000E+0	-85.320234E+0	5.538703E+0	-28.651406E-3	-85.373438E+0
28.900000E+0	0.000000E+0	-85.404584E+0	5.278677E+0	-41.324089E-3	-85.373438E+0
29.000000E+0	0.000000E+0	-85.398095E+0	5.446021E+0	-8.375112E-3	-85.373438E+0
29.100000E+0	0.000000E+0	-85.417561E+0	6.001898E+0	-12.176917E-3	-85.373438E+0
29.200000E+0	0.000000E+0	-85.372142E+0	5.233750E+0	-41.324089E-3	-85.373438E+0
29.300000E+0	0.000000E+0	-85.313746E+0	6.100648E+0	-13.444186E-3	-85.373438E+0
29.400000E+0	0.000000E+0	-85.300769E+0	5.677119E+0	-18.513259E-3	-85.373438E+0
29.500000E+0	0.000000E+0	-85.424049E+0	5.102995E+0	-9.642381E-3	-85.373438E+0
29.600000E+0	0.000000E+0	-85.404584E+0	5.186454E+0	-7.107844E-3	-85.373438E+0
29.700000E+0	0.000000E+0	-85.307257E+0	5.642456E+0	-31.185942E-3	-85.373438E+0
29.800000E+0	0.000000E+0	-85.365653E+0	5.309996E+0	-42.591357E-3	-85.373438E+0
29.900000E+0	0.000000E+0	-85.326722E+0	5.227736E+0	-24.849601E-3	-85.373438E+0
30.000000E+0	0.000000E+0	-85.430537E+0	5.127272E+0	-41.324089E-3	-85.373438E+0
30.100000E+0	0.000000E+0	-85.430537E+0	5.447642E+0	-24.849601E-3	-85.373438E+0
30.200000E+0	0.000000E+0	-85.333211E+0	5.813546E+0	-7.107844E-3	-85.373438E+0
30.300000E+0	0.000000E+0	-85.398095E+0	5.094984E+0	-10.909649E-3	-85.373438E+0
30.400000E+0	0.000000E+0	-85.443514E+0	4.854081E+0	-38.789552E-3	-85.373438E+0
30.500000E+0	0.000000E+0	-85.333211E+0	5.022830E+0	-38.789552E-3	-85.373438E+0
30.600000E+0	0.000000E+0	-85.307257E+0	5.122276E+0	-10.909649E-3	-85.373438E+0
30.700000E+0	0.000000E+0	-85.430537E+0	5.138377E+0	-14.711454E-3	-85.373438E+0
30.800000E+0	0.000000E+0	-85.443514E+0	5.590868E+0	-23.582332E-3	-85.373438E+0
30.900000E+0	0.000000E+0	-85.398095E+0	5.553278E+0	-9.642381E-3	-85.373438E+0
31.000000E+0	0.000000E+0	-85.346188E+0	5.891689E+0	-40.056821E-3	-85.373438E+0
31.100000E+0	0.000000E+0	-85.430537E+0	5.362937E+0	-41.324089E-3	-85.373438E+0
31.200000E+0	0.000000E+0	-85.417561E+0	5.248754E+0	-36.255016E-3	-85.373438E+0
31.300000E+0	0.000000E+0	-85.430537E+0	5.555997E+0	-26.116869E-3	-85.373438E+0
31.400000E+0	0.000000E+0	-85.404584E+0	5.349284E+0	-33.720479E-3	-85.373438E+0
31.500000E+0	0.000000E+0	-85.437026E+0	5.213116E+0	-37.522284E-3	-85.373438E+0
31.600000E+0	0.000000E+0	-85.443514E+0	5.285879E+0	-40.056821E-3	-85.373438E+0
31.700000E+0	0.000000E+0	-85.424049E+0	5.247965E+0	-40.056821E-3	-85.373438E+0
31.800000E+0	0.000000E+0	-85.281303E+0	5.589670E+0	-14.711454E-3	-85.373438E+0
31.900000E+0	0.000000E+0	-85.411072E+0	6.117891E+0	-36.255016E-3	-85.373438E+0
32.000000E+0	0.000000E+0	-85.430537E+0	5.406514E+0	-41.324089E-3	-85.373438E+0
32.100000E+0	0.000000E+0	-85.339699E+0	5.339054E+0	-41.324089E-3	-85.373438E+0
32.200000E+0	0.000000E+0	-85.424049E+0	5.460269E+0	-31.185942E-3	-85.373438E+0
32.300000E+0	0.000000E+0	-85.307257E+0	5.390973E+0	-29.918674E-3	-85.373438E+0
32.400000E+0	0.000000E+0	-85.411072E+0	5.670723E+0	-37.522284E-3	-85.373438E+0
32.500000E+0	0.000000E+0	-85.326722E+0	5.457692E+0	-34.987747E-3	-85.373438E+0
32.600000E+0	0.000000E+0	-85.287792E+0	5.296838E+0	-17.245991E-3	-85.373438E+0
32.700000E+0	0.000000E+0	-85.417561E+0	5.311158E+0	-38.789552E-3	-85.373438E+0
32.800000E+0	0.000000E+0	-85.307257E+0	5.698292E+0	-22.315064E-3	-85.373438E+0
32.900000E+0	0.000000E+0	-85.424049E+0	5.367561E+0	-33.720479E-3	-85.373438E+0
33.000000E+0	0.000000E+0	-85.385118E+0	5.938399E+0	-18.513259E-3	-85.373438E+0
33.100000E+0	0.000000E+0	-85.430537E+0	5.756535E+0	-40.056821E-3	-85.373438E+0
33.200000E+0	0.000000E+0	-85.417561E+0	5.356880E+0	-36.255016E-3	-85.373438E+0
33.300000E+0	0.000000E+0	-85.339699E+0	5.310216E+0	-36.255016E-3	-85.373438E+0
33.400000E+0	0.000000E+0	-85.430537E+0	5.635232E+0	-22.315064E-3	-85.373438E+0
33.500000E+0	0.000000E+0	-85.417561E+0	5.714908E+0	-21.047796E-3	-85.373438E+0
33.600000E+0	0.000000E+0	-85.430537E+0	5.121878E+0	-36.255016E-3	-85.373438E+0
33.700000E+0	0.000000E+0	-85.417561E+0	5.136844E+0	-38.789552E-3	-85.373438E+0
33.800000E+0	0.000000E+0	-85.443514E+0	5.153540E+0	-37.522284E-3	-85.373438E+0
33.900000E+0	0.000000E+0	-85.430537E+0	5.427348E+0	-15.978722E-3	-85.373438E+0
34.000000E+0	0.000000E+0	-85.398095E+0	6.165635E+0	-10.909649E-3	-85.373438E+0
34.100000E+0	0.000000E+0	-85.333211E+0	6.241422E+0	-8.375112E-3	-85.373438E+0
34.200000E+0	0.000000E+0	-85.372142E+0	5.376425E+0	-42.591357E-3	-85.373438E+0
34.300000E+0	0.000000E+0	-85.320234E+0	5.563378E+0	-33.720479E-3	-85.373438E+0
34.400000E+0	0.000000E+0	-85.359165E+0	5.172258E+0	-47.660431E-3	-85.373438E+0
34.500000E+0	0.000000E+0	-85.385118E+0	6.156044E+0	-10.909649E-3	-85.373438E+0
34.600000E+0	0.000000E+0	-85.430537E+0	6.191483E+0	-41.324089E-3	-85.373438E+0
34.700000E+0	0.000000E+0	-85.404584E+0	5.935670E+0	-9.642381E-3	-85.373438E+0
34.800000E+0	0.000000E+0	-85.352676E+0	5.729444E+0	-42.591357E-3	-85.373438E+0
34.900000E+0	0.000000E+0	-85.294280E+0	5.826786E+0	-18.513259E-3	-85.373438E+0
35.000000E+0	0.000000E+0	-85.430537E+0	5.288258E+0	-36.255016E-3	-85.373438E+0
35.100000E+0	0.000000E+0	-85.307257E+0	5.903714E+0	-12.176917E-3	-85.373438E+0
35.200000E+0	0.000000E+0	-85.404584E+0	5.072909E+0	-42.591357E-3	-85.373438E+0
35.300000E+0	0.000000E+0	-85.333211E+0	5.205359E+0	-8.375112E-3	-85.373438E+0
35.400000E+0	0.000000E+0	-85.424049E+0	5.147461E+0	-32.453211E-3	-85.373438E+0
35.500000E+0	0.000000E+0	-85.385118E+0	5.703769E+0	-10.909649E-3	-85.373438E+0
35.600000E+0	0.000000E+0	-85.430537E+0	5.619563E+0	-17.245991E-3	-85.373438E+0
35.700000E+0	0.000000E+0	-85.398095E+0	5.617784E+0	-15.978722E-3	-85.373438E+0
35.800000E+0	0.000000E+0	-85.424049E+0	5.346848E+0	-18.513259E-3	-85.373438E+0
35.900000E+0	0.000000E+0	-85.417561E+0	5.158933E+0	-37.522284E-3	-85.373438E+0
36.000000E+0	0.000000E+0	-85.430537E+0	5.116266E+0	-34.987747E-3	-85.373438E+0
36.100000E+0	0.000000E+0	-85.313746E+0	5.602516E+0	-19.780527E-3	-85.373438E+0
36.200000E+0	0.000000E+0	-85.437026E+0	5.078681E+0	-40.056821E-3	-85.373438E+0
36.300000E+0	5.000000E+0	0.000000E+0	100.000000E-3	-8.375112E-3	-85.359375E+0
