t [s] || setpoint speed [rot. s^-1] || setpoint pos [°] || duty cycle [%] || Ang Speed [rot. s^-1] ||
Ang Pos [°]
0.000000E+0	0.000000E+0	45.000000E+0	100.000000E-3	-40.056821E-3	-0.000000E+0
100.000000E-3	0.000000E+0	45.000000E+0	100.000000E-3	-27.384137E-3	-0.000000E+0
200.000000E-3	0.000000E+0	45.000000E+0	100.000000E-3	-9.642381E-3	-0.000000E+0
300.000000E-3	0.000000E+0	45.000000E+0	100.000000E-3	-32.453211E-3	-0.000000E+0
400.000000E-3	0.000000E+0	45.000000E+0	100.000000E-3	-45.125894E-3	-0.000000E+0
500.000000E-3	0.000000E+0	45.000000E+0	100.000000E-3	-9.642381E-3	-0.000000E+0
600.000000E-3	0.000000E+0	45.000000E+0	100.000000E-3	-43.858626E-3	-0.000000E+0
700.000000E-3	0.000000E+0	45.000000E+0	100.000000E-3	-38.789552E-3	-0.000000E+0
800.000000E-3	0.000000E+0	45.000000E+0	100.000000E-3	-38.789552E-3	-0.000000E+0
900.000000E-3	0.000000E+0	45.000000E+0	100.000000E-3	-45.125894E-3	-0.000000E+0
1.000000E+0	0.000000E+0	45.000000E+0	100.000000E-3	-10.909649E-3	-0.000000E+0
1.100000E+0	0.000000E+0	45.000000E+0	78.687724E+0	430.099715E-3	126.562500E-3
1.200000E+0	0.000000E+0	45.000000E+0	40.240813E+0	2.779615E+0	2.657812E+0
1.300000E+0	0.000000E+0	45.000000E+0	73.913316E+0	103.144499E-3	5.146875E+0
1.400000E+0	0.000000E+0	45.000000E+0	39.257124E+0	-889.126654E-3	4.050000E+0
1.500000E+0	0.000000E+0	45.000000E+0	74.879034E+0	996.568599E-3	4.106250E+0
1.600000E+0	0.000000E+0	45.000000E+0	67.710142E+0	2.500816E+0	6.960937E+0
1.700000E+0	0.000000E+0	45.000000E+0	45.909508E+0	10.633912E-3	8.732812E+0
1.800000E+0	0.000000E+0	45.000000E+0	39.345746E+0	-587.516761E-3	8.001563E+0
1.900000E+0	0.000000E+0	45.000000E+0	64.577735E+0	933.205191E-3	8.282813E+0
2.000000E+0	0.000000E+0	45.000000E+0	53.697239E+0	2.322131E+0	10.757812E+0
2.100000E+0	0.000000E+0	45.000000E+0	61.769341E+0	215.931378E-3	12.895313E+0
2.200000E+0	0.000000E+0	45.000000E+0	41.275729E+0	-658.483793E-3	12.051563E+0
2.300000E+0	0.000000E+0	45.000000E+0	41.146728E+0	627.793558E-3	12.065625E+0
2.400000E+0	0.000000E+0	45.000000E+0	15.946654E+0	1.168917E+0	13.767188E+0
2.500000E+0	0.000000E+0	45.000000E+0	8.249527E+0	490.928590E-3	14.934375E+0
2.600000E+0	0.000000E+0	45.000000E+0	10.808109E+0	95.540889E-3	15.342187E+0
2.700000E+0	0.000000E+0	45.000000E+0	29.050296E+0	256.483963E-3	15.553125E+0
2.800000E+0	0.000000E+0	45.000000E+0	15.591032E+0	705.096919E-3	16.326563E+0
2.900000E+0	0.000000E+0	45.000000E+0	2.501234E+0	722.838674E-3	17.507812E+0
3.000000E+0	0.000000E+0	45.000000E+0	6.194565E+0	409.823423E-3	18.351562E+0
3.100000E+0	0.000000E+0	45.000000E+0	5.715141E+0	276.760255E-3	18.857813E+0
3.200000E+0	0.000000E+0	45.000000E+0	17.682382E+0	176.646061E-3	19.265625E+0
3.300000E+0	0.000000E+0	45.000000E+0	19.366981E+0	397.150740E-3	19.743750E+0
3.400000E+0	0.000000E+0	45.000000E+0	9.235006E+0	584.706439E-3	20.545313E+0
3.500000E+0	0.000000E+0	45.000000E+0	2.759489E+0	432.634251E-3	21.375000E+0
3.600000E+0	0.000000E+0	45.000000E+0	8.140458E+0	283.096596E-3	21.951563E+0
3.700000E+0	0.000000E+0	45.000000E+0	17.054286E+0	215.931378E-3	22.303125E+0
3.800000E+0	0.000000E+0	45.000000E+0	15.360702E+0	414.892496E-3	22.767188E+0
3.900000E+0	0.000000E+0	45.000000E+0	8.337615E+0	469.385030E-3	23.470313E+0
4.000000E+0	0.000000E+0	45.000000E+0	12.717172E+0	351.529083E-3	24.145312E+0
4.100000E+0	0.000000E+0	45.000000E+0	171.340935E-3	433.901519E-3	24.792188E+0
4.200000E+0	0.000000E+0	45.000000E+0	6.403602E+0	247.613085E-3	25.326563E+0
4.300000E+0	0.000000E+0	45.000000E+0	7.424187E+0	169.042451E-3	25.650000E+0
4.400000E+0	0.000000E+0	45.000000E+0	18.707109E+0	144.964353E-3	25.903125E+0
4.500000E+0	0.000000E+0	45.000000E+0	16.947546E+0	309.709230E-3	26.339063E+0
4.600000E+0	0.000000E+0	45.000000E+0	8.629697E+0	380.676253E-3	26.943750E+0
4.700000E+0	0.000000E+0	45.000000E+0	7.105150E+0	294.502011E-3	27.450000E+0
4.800000E+0	0.000000E+0	45.000000E+0	10.799286E+0	190.586012E-3	27.843750E+0
4.900000E+0	0.000000E+0	45.000000E+0	18.247099E+0	194.387817E-3	28.139063E+0
5.000000E+0	0.000000E+0	45.000000E+0	14.804324E+0	329.985522E-3	28.575000E+0
5.100000E+0	0.000000E+0	45.000000E+0	7.389257E+0	355.330888E-3	29.165625E+0
5.200000E+0	0.000000E+0	45.000000E+0	6.047710E+0	212.129573E-3	29.629687E+0
5.300000E+0	0.000000E+0	45.000000E+0	15.530742E+0	160.171573E-3	29.910937E+0
5.400000E+0	0.000000E+0	45.000000E+0	17.870918E+0	267.889377E-3	30.262500E+0
5.500000E+0	0.000000E+0	45.000000E+0	7.482061E+0	365.469034E-3	30.754687E+0
5.600000E+0	0.000000E+0	45.000000E+0	889.241068E-3	294.502011E-3	31.317187E+0
5.700000E+0	0.000000E+0	45.000000E+0	4.258788E+0	87.937280E-3	31.640625E+0
5.800000E+0	0.000000E+0	45.000000E+0	16.332840E+0	-771.502440E-6	31.739062E+0
5.900000E+0	0.000000E+0	45.000000E+0	20.901127E+0	228.604060E-3	31.935938E+0
6.000000E+0	0.000000E+0	45.000000E+0	100.000000E-3	474.454103E-3	32.512500E+0
6.100000E+0	0.000000E+0	45.000000E+0	529.292241E-3	201.991426E-3	33.075000E+0
6.200000E+0	0.000000E+0	45.000000E+0	7.679696E+0	14.435717E-3	33.285938E+0
6.300000E+0	0.000000E+0	45.000000E+0	21.080173E+0	13.168449E-3	33.342188E+0
6.400000E+0	0.000000E+0	45.000000E+0	12.527578E+0	319.847376E-3	33.665625E+0
6.500000E+0	0.000000E+0	45.000000E+0	646.355521E-3	238.742207E-3	34.171875E+0
6.600000E+0	0.000000E+0	45.000000E+0	9.906117E+0	14.435717E-3	34.382812E+0
6.700000E+0	0.000000E+0	45.000000E+0	18.797111E+0	89.204548E-3	34.481250E+0
6.800000E+0	0.000000E+0	45.000000E+0	8.278783E+0	331.252791E-3	34.846875E+0
6.900000E+0	0.000000E+0	45.000000E+0	2.283643E+0	219.733182E-3	35.325000E+0
7.000000E+0	0.000000E+0	45.000000E+0	4.963022E+0	-3.306039E-3	35.507812E+0
7.100000E+0	0.000000E+0	45.000000E+0	27.633478E+0	61.324645E-3	35.535938E+0
7.200000E+0	0.000000E+0	45.000000E+0	14.059729E+0	383.210789E-3	35.957813E+0
7.300000E+0	0.000000E+0	45.000000E+0	5.589313E+0	297.036547E-3	36.604688E+0
7.400000E+0	0.000000E+0	45.000000E+0	1.156073E+0	-32.453211E-3	36.843750E+0
7.500000E+0	0.000000E+0	45.000000E+0	15.332987E+0	-8.375112E-3	36.815625E+0
7.600000E+0	0.000000E+0	45.000000E+0	12.802676E+0	167.775183E-3	36.956250E+0
7.700000E+0	0.000000E+0	45.000000E+0	5.090300E+0	241.276743E-3	37.307813E+0
7.800000E+0	0.000000E+0	45.000000E+0	4.561049E+0	142.429817E-3	37.617187E+0
7.900000E+0	0.000000E+0	45.000000E+0	5.199322E+0	38.513815E-3	37.771875E+0
8.000000E+0	0.000000E+0	45.000000E+0	13.641495E+0	1.763034E-3	37.814062E+0
8.100000E+0	0.000000E+0	45.000000E+0	11.164901E+0	138.628012E-3	37.954687E+0
8.200000E+0	0.000000E+0	45.000000E+0	4.632736E+0	200.724158E-3	38.264063E+0
8.300000E+0	0.000000E+0	45.000000E+0	2.361694E+0	90.471816E-3	38.545313E+0
8.400000E+0	0.000000E+0	45.000000E+0	8.914348E+0	5.564839E-3	38.671875E+0
8.500000E+0	0.000000E+0	45.000000E+0	8.775730E+0	41.048352E-3	38.756250E+0
8.600000E+0	0.000000E+0	45.000000E+0	10.531051E+0	79.066401E-3	38.896875E+0
8.700000E+0	0.000000E+0	45.000000E+0	7.673732E+0	124.688060E-3	39.065625E+0
8.800000E+0	0.000000E+0	45.000000E+0	6.700318E+0	86.670011E-3	39.262500E+0
8.900000E+0	0.000000E+0	45.000000E+0	9.039340E+0	86.670011E-3	39.417188E+0
9.000000E+0	0.000000E+0	45.000000E+0	4.361591E+0	112.015377E-3	39.585937E+0
9.100000E+0	0.000000E+0	45.000000E+0	6.725510E+0	19.504791E-3	39.712500E+0
9.200000E+0	0.000000E+0	45.000000E+0	19.372761E+0	18.237522E-3	39.726562E+0
9.300000E+0	0.000000E+0	45.000000E+0	13.157476E+0	147.498890E-3	39.895313E+0
9.400000E+0	0.000000E+0	45.000000E+0	9.034478E+0	118.351719E-3	40.162500E+0
9.500000E+0	0.000000E+0	45.000000E+0	4.227278E+0	71.462792E-3	40.359375E+0
9.600000E+0	0.000000E+0	45.000000E+0	9.356800E+0	-7.107844E-3	40.429687E+0
9.700000E+0	0.000000E+0	45.000000E+0	16.175749E+0	65.126450E-3	40.471875E+0
9.800000E+0	0.000000E+0	45.000000E+0	10.268906E+0	153.835231E-3	40.696875E+0
9.900000E+0	0.000000E+0	45.000000E+0	5.359493E+0	70.195523E-3	40.950000E+0
10.000000E+0	0.000000E+0	45.000000E+0	10.724117E+0	-50.194967E-3	40.992187E+0
10.100000E+0	0.000000E+0	45.000000E+0	13.886309E+0	28.375669E-3	41.034375E+0
10.200000E+0	0.000000E+0	45.000000E+0	13.600471E+0	51.186499E-3	41.118750E+0
10.300000E+0	0.000000E+0	45.000000E+0	12.000547E+0	80.333670E-3	41.287500E+0
10.400000E+0	0.000000E+0	45.000000E+0	6.382511E+0	93.006353E-3	41.456250E+0
10.500000E+0	0.000000E+0	45.000000E+0	8.766646E+0	5.564839E-3	41.582813E+0
10.600000E+0	0.000000E+0	45.000000E+0	12.115131E+0	6.832107E-3	41.625000E+0
10.700000E+0	0.000000E+0	45.000000E+0	8.151803E+0	90.471816E-3	41.737500E+0
10.800000E+0	0.000000E+0	45.000000E+0	8.259092E+0	52.453767E-3	41.850000E+0
10.900000E+0	0.000000E+0	45.000000E+0	6.605732E+0	34.712011E-3	41.948438E+0
11.000000E+0	0.000000E+0	45.000000E+0	9.193669E+0	-26.116869E-3	42.018750E+0
11.100000E+0	0.000000E+0	45.000000E+0	11.376626E+0	16.970254E-3	42.046875E+0
11.200000E+0	0.000000E+0	45.000000E+0	10.603959E+0	57.522840E-3	42.131250E+0
11.300000E+0	0.000000E+0	45.000000E+0	10.464984E+0	70.195523E-3	42.257812E+0
11.400000E+0	0.000000E+0	45.000000E+0	10.533112E+0	33.444742E-3	42.342188E+0
11.500000E+0	0.000000E+0	45.000000E+0	15.292692E+0	-26.116869E-3	42.370313E+0
11.600000E+0	0.000000E+0	45.000000E+0	16.876555E+0	20.772059E-3	42.412500E+0
11.700000E+0	0.000000E+0	45.000000E+0	12.617182E+0	141.162548E-3	42.553125E+0
11.800000E+0	0.000000E+0	45.000000E+0	5.570460E+0	105.679036E-3	42.764063E+0
11.900000E+0	0.000000E+0	45.000000E+0	7.878270E+0	-34.987747E-3	42.834375E+0
12.000000E+0	0.000000E+0	45.000000E+0	11.001115E+0	-27.384137E-3	42.848438E+0
12.100000E+0	0.000000E+0	45.000000E+0	9.758273E+0	24.573864E-3	42.904688E+0
12.200000E+0	0.000000E+0	45.000000E+0	8.655502E+0	48.651962E-3	42.989063E+0
12.300000E+0	0.000000E+0	45.000000E+0	6.765381E+0	495.765883E-6	43.087500E+0
12.400000E+0	0.000000E+0	45.000000E+0	10.925283E+0	-38.789552E-3	43.115625E+0
12.500000E+0	0.000000E+0	45.000000E+0	11.206042E+0	1.763034E-3	43.143750E+0
12.600000E+0	0.000000E+0	45.000000E+0	11.970042E+0	-4.573307E-3	43.214063E+0
12.700000E+0	0.000000E+0	45.000000E+0	9.712335E+0	33.444742E-3	43.284375E+0
12.800000E+0	0.000000E+0	45.000000E+0	8.996063E+0	1.763034E-3	43.354688E+0
12.900000E+0	0.000000E+0	45.000000E+0	13.106320E+0	-23.582332E-3	43.368750E+0
13.000000E+0	0.000000E+0	45.000000E+0	11.149200E+0	42.315620E-3	43.439062E+0
13.100000E+0	0.000000E+0	45.000000E+0	10.126797E+0	-19.780527E-3	43.509375E+0
13.200000E+0	0.000000E+0	45.000000E+0	13.591220E+0	-23.582332E-3	43.523437E+0
13.300000E+0	0.000000E+0	45.000000E+0	14.029359E+0	-13.444186E-3	43.551563E+0
13.400000E+0	0.000000E+0	45.000000E+0	12.217973E+0	18.237522E-3	43.607813E+0
13.500000E+0	0.000000E+0	45.000000E+0	11.325299E+0	-14.711454E-3	43.664062E+0
13.600000E+0	0.000000E+0	45.000000E+0	11.914876E+0	6.832107E-3	43.706250E+0
13.700000E+0	0.000000E+0	45.000000E+0	10.158283E+0	9.366644E-3	43.748438E+0
13.800000E+0	0.000000E+0	45.000000E+0	8.708852E+0	20.772059E-3	43.832813E+0
13.900000E+0	0.000000E+0	45.000000E+0	7.353525E+0	-3.306039E-3	43.903125E+0
14.000000E+0	0.000000E+0	45.000000E+0	10.110601E+0	-33.720479E-3	43.917188E+0
14.100000E+0	0.000000E+0	45.000000E+0	8.591234E+0	11.901181E-3	43.959375E+0
14.200000E+0	0.000000E+0	45.000000E+0	7.080754E+0	-3.306039E-3	44.015625E+0
14.300000E+0	0.000000E+0	45.000000E+0	7.746741E+0	-7.107844E-3	44.057813E+0
14.400000E+0	0.000000E+0	45.000000E+0	9.976362E+0	495.765883E-6	44.057813E+0
14.500000E+0	0.000000E+0	45.000000E+0	9.451233E+0	34.712011E-3	44.114063E+0
14.600000E+0	0.000000E+0	45.000000E+0	6.132231E+0	49.919230E-3	44.198438E+0
14.700000E+0	0.000000E+0	45.000000E+0	6.782962E+0	-32.453211E-3	44.240625E+0
14.800000E+0	0.000000E+0	45.000000E+0	8.805888E+0	-771.502440E-6	44.240625E+0
14.900000E+0	0.000000E+0	45.000000E+0	8.761140E+0	-10.909649E-3	44.268750E+0
15.000000E+0	0.000000E+0	45.000000E+0	9.176349E+0	-18.513259E-3	44.296875E+0
15.100000E+0	0.000000E+0	45.000000E+0	8.742279E+0	4.297571E-3	44.325000E+0
15.200000E+0	0.000000E+0	45.000000E+0	9.402873E+0	-15.978722E-3	44.353125E+0
15.300000E+0	0.000000E+0	45.000000E+0	9.118476E+0	-22.315064E-3	44.381250E+0
15.400000E+0	0.000000E+0	45.000000E+0	7.444859E+0	22.039327E-3	44.423437E+0
15.500000E+0	0.000000E+0	45.000000E+0	9.783601E+0	-32.453211E-3	44.437500E+0
15.600000E+0	0.000000E+0	45.000000E+0	9.689431E+0	13.168449E-3	44.465625E+0
15.700000E+0	0.000000E+0	45.000000E+0	10.000792E+0	495.765883E-6	44.479688E+0
15.800000E+0	0.000000E+0	45.000000E+0	10.220276E+0	-22.315064E-3	44.493750E+0
15.900000E+0	0.000000E+0	45.000000E+0	7.359276E+0	22.039327E-3	44.550000E+0
16.000000E+0	0.000000E+0	45.000000E+0	8.851764E+0	-38.789552E-3	44.564062E+0
16.100000E+0	0.000000E+0	45.000000E+0	8.759563E+0	-5.840576E-3	44.578125E+0
16.200000E+0	0.000000E+0	45.000000E+0	9.207671E+0	-8.375112E-3	44.592188E+0
16.300000E+0	0.000000E+0	45.000000E+0	8.508205E+0	15.702986E-3	44.606250E+0
16.400000E+0	0.000000E+0	45.000000E+0	9.223054E+0	-4.573307E-3	44.620313E+0
16.500000E+0	0.000000E+0	45.000000E+0	9.286318E+0	-19.780527E-3	44.648437E+0
16.600000E+0	0.000000E+0	45.000000E+0	8.600728E+0	-8.375112E-3	44.662500E+0
16.700000E+0	0.000000E+0	45.000000E+0	9.432935E+0	-771.502440E-6	44.662500E+0
16.800000E+0	0.000000E+0	45.000000E+0	9.858856E+0	-28.651406E-3	44.676563E+0
16.900000E+0	0.000000E+0	45.000000E+0	10.192522E+0	-22.315064E-3	44.690625E+0
17.000000E+0	0.000000E+0	45.000000E+0	9.957698E+0	-50.194967E-3	44.704687E+0
17.100000E+0	0.000000E+0	45.000000E+0	11.245924E+0	-33.720479E-3	44.704687E+0
17.200000E+0	0.000000E+0	45.000000E+0	9.572511E+0	10.633912E-3	44.732813E+0
17.300000E+0	5.000000E+0	0.000000E+0	100.000000E-3	3.030303E-3	44.760938E+0
