t [s] || setpoint speed [rot. s^-1] || setpoint pos [°] || duty cycle [%] || Ang Speed [rot. s^-1] ||
Ang Pos [°]
0.000000E+0	0.000000E+0	0.000000E+0	25.000000E+0	2.973507E+0	110.951409E+3
100.000000E-3	0.000000E+0	0.000000E+0	25.000000E+0	2.977308E+0	110.967947E+3
200.000000E-3	0.000000E+0	0.000000E+0	25.000000E+0	2.946894E+0	110.968341E+3
300.000000E-3	0.000000E+0	0.000000E+0	25.000000E+0	3.088828E+0	110.972588E+3
400.000000E-3	0.000000E+0	0.000000E+0	25.000000E+0	2.973507E+0	110.976919E+3
500.000000E-3	0.000000E+0	0.000000E+0	25.000000E+0	2.619939E+0	110.981306E+3
600.000000E-3	0.000000E+0	0.000000E+0	25.000000E+0	2.916480E+0	110.985567E+3
700.000000E-3	0.000000E+0	0.000000E+0	25.000000E+0	3.054612E+0	110.989969E+3
800.000000E-3	0.000000E+0	0.000000E+0	25.000000E+0	3.111639E+0	110.994328E+3
900.000000E-3	0.000000E+0	0.000000E+0	25.000000E+0	3.005188E+0	110.998716E+3
1.000000E+0	0.000000E+0	0.000000E+0	25.000000E+0	2.761873E+0	111.003033E+3
1.100000E+0	0.000000E+0	0.000000E+0	25.000000E+0	2.671897E+0	111.007477E+3
1.200000E+0	0.000000E+0	0.000000E+0	25.000000E+0	2.893669E+0	111.011892E+3
1.300000E+0	0.000000E+0	0.000000E+0	25.000000E+0	3.059681E+0	111.016223E+3
1.400000E+0	0.000000E+0	0.000000E+0	25.000000E+0	3.077423E+0	111.020723E+3
1.500000E+0	0.000000E+0	0.000000E+0	25.000000E+0	3.081224E+0	111.025111E+3
1.600000E+0	0.000000E+0	0.000000E+0	25.000000E+0	2.969705E+0	111.029498E+3
1.700000E+0	0.000000E+0	0.000000E+0	25.000000E+0	2.721320E+0	111.033956E+3
1.800000E+0	0.000000E+0	0.000000E+0	25.000000E+0	3.026732E+0	111.038386E+3
1.900000E+0	0.000000E+0	0.000000E+0	25.000000E+0	3.135717E+0	111.042802E+3
2.000000E+0	0.000000E+0	0.000000E+0	25.000000E+0	3.133182E+0	111.047245E+3
2.100000E+0	0.000000E+0	0.000000E+0	25.000000E+0	3.133182E+0	111.051773E+3
2.200000E+0	0.000000E+0	0.000000E+0	25.000000E+0	3.025465E+0	111.056147E+3
2.300000E+0	0.000000E+0	0.000000E+0	25.000000E+0	2.822702E+0	111.060619E+3
2.400000E+0	0.000000E+0	0.000000E+0	25.000000E+0	2.683302E+0	111.065048E+3
2.500000E+0	0.000000E+0	0.000000E+0	25.000000E+0	2.883531E+0	111.069534E+3
2.600000E+0	0.000000E+0	0.000000E+0	25.000000E+0	3.071086E+0	111.073922E+3
2.700000E+0	0.000000E+0	0.000000E+0	25.000000E+0	3.112906E+0	111.078436E+3
2.800000E+0	0.000000E+0	0.000000E+0	25.000000E+0	3.093897E+0	111.082809E+3
2.900000E+0	0.000000E+0	0.000000E+0	25.000000E+0	3.045741E+0	111.087225E+3
3.000000E+0	0.000000E+0	0.000000E+0	25.000000E+0	2.645284E+0	111.091711E+3
3.100000E+0	0.000000E+0	0.000000E+0	25.000000E+0	2.963369E+0	111.096141E+3
3.200000E+0	0.000000E+0	0.000000E+0	25.000000E+0	3.106570E+0	111.100528E+3
3.300000E+0	0.000000E+0	0.000000E+0	25.000000E+0	3.112906E+0	111.104972E+3
3.400000E+0	0.000000E+0	0.000000E+0	25.000000E+0	3.115441E+0	111.109430E+3
3.500000E+0	0.000000E+0	0.000000E+0	25.000000E+0	3.041939E+0	111.113873E+3
3.600000E+0	0.000000E+0	0.000000E+0	25.000000E+0	2.813831E+0	111.118247E+3
3.700000E+0	0.000000E+0	0.000000E+0	25.000000E+0	2.613603E+0	111.122733E+3
3.800000E+0	0.000000E+0	0.000000E+0	25.000000E+0	2.860720E+0	111.127177E+3
3.900000E+0	0.000000E+0	0.000000E+0	25.000000E+0	3.076155E+0	111.131564E+3
4.000000E+0	0.000000E+0	0.000000E+0	25.000000E+0	3.071086E+0	111.136064E+3
4.100000E+0	0.000000E+0	0.000000E+0	25.000000E+0	3.096432E+0	111.140494E+3
4.200000E+0	0.000000E+0	0.000000E+0	25.000000E+0	3.097699E+0	111.144895E+3
4.300000E+0	0.000000E+0	0.000000E+0	25.000000E+0	2.978576E+0	111.149381E+3
4.400000E+0	0.000000E+0	0.000000E+0	25.000000E+0	2.883531E+0	111.153839E+3
4.500000E+0	0.000000E+0	0.000000E+0	25.000000E+0	3.034336E+0	111.158255E+3
4.600000E+0	0.000000E+0	0.000000E+0	25.000000E+0	3.143321E+0	111.162698E+3
4.700000E+0	0.000000E+0	0.000000E+0	25.000000E+0	3.177537E+0	111.167184E+3
4.800000E+0	0.000000E+0	0.000000E+0	25.000000E+0	3.125579E+0	111.171614E+3
4.900000E+0	0.000000E+0	0.000000E+0	25.000000E+0	2.932954E+0	111.176030E+3
5.000000E+0	0.000000E+0	0.000000E+0	25.000000E+0	2.489410E+0	111.180516E+3
5.100000E+0	0.000000E+0	0.000000E+0	25.000000E+0	2.730191E+0	111.184959E+3
5.200000E+0	0.000000E+0	0.000000E+0	25.000000E+0	2.982378E+0	111.189375E+3
5.300000E+0	0.000000E+0	0.000000E+0	25.000000E+0	3.077423E+0	111.193889E+3
5.400000E+0	0.000000E+0	0.000000E+0	25.000000E+0	3.123044E+0	111.198319E+3
5.500000E+0	0.000000E+0	0.000000E+0	25.000000E+0	3.139519E+0	111.202734E+3
5.600000E+0	0.000000E+0	0.000000E+0	25.000000E+0	3.017861E+0	111.207220E+3
5.700000E+0	0.000000E+0	0.000000E+0	25.000000E+0	2.730191E+0	111.211692E+3
5.800000E+0	0.000000E+0	0.000000E+0	25.000000E+0	2.939290E+0	111.216122E+3
5.900000E+0	0.000000E+0	0.000000E+0	25.000000E+0	3.069819E+0	111.220580E+3
6.000000E+0	0.000000E+0	0.000000E+0	25.000000E+0	3.209218E+0	111.225080E+3
6.100000E+0	0.000000E+0	0.000000E+0	25.000000E+0	3.187675E+0	111.229509E+3
6.200000E+0	0.000000E+0	0.000000E+0	25.000000E+0	3.040672E+0	111.233953E+3
6.300000E+0	0.000000E+0	0.000000E+0	25.000000E+0	2.970972E+0	111.238495E+3
6.400000E+0	0.000000E+0	0.000000E+0	25.000000E+0	2.514756E+0	111.242897E+3
6.500000E+0	0.000000E+0	0.000000E+0	25.000000E+0	2.754269E+0	111.247327E+3
6.600000E+0	0.000000E+0	0.000000E+0	25.000000E+0	2.953230E+0	111.251841E+3
6.700000E+0	0.000000E+0	0.000000E+0	25.000000E+0	3.068552E+0	111.256284E+3
6.800000E+0	0.000000E+0	0.000000E+0	25.000000E+0	3.157260E+0	111.260714E+3
6.900000E+0	0.000000E+0	0.000000E+0	25.000000E+0	3.106570E+0	111.265172E+3
7.000000E+0	0.000000E+0	0.000000E+0	25.000000E+0	2.987447E+0	111.269644E+3
7.100000E+0	0.000000E+0	0.000000E+0	25.000000E+0	2.699777E+0	111.274045E+3
7.200000E+0	0.000000E+0	0.000000E+0	25.000000E+0	2.907609E+0	111.278503E+3
7.300000E+0	0.000000E+0	0.000000E+0	25.000000E+0	3.126846E+0	111.282975E+3
7.400000E+0	0.000000E+0	0.000000E+0	25.000000E+0	3.185140E+0	111.287391E+3
7.500000E+0	0.000000E+0	0.000000E+0	25.000000E+0	3.107837E+0	111.291834E+3
7.600000E+0	0.000000E+0	0.000000E+0	25.000000E+0	3.072354E+0	111.296363E+3
7.700000E+0	0.000000E+0	0.000000E+0	25.000000E+0	2.900005E+0	111.300750E+3
7.800000E+0	0.000000E+0	0.000000E+0	25.000000E+0	2.593326E+0	111.305180E+3
7.900000E+0	0.000000E+0	0.000000E+0	25.000000E+0	2.812564E+0	111.309694E+3
8.000000E+0	0.000000E+0	0.000000E+0	25.000000E+0	2.988714E+0	111.314152E+3
8.100000E+0	0.000000E+0	0.000000E+0	25.000000E+0	3.134450E+0	111.318539E+3
8.200000E+0	0.000000E+0	0.000000E+0	25.000000E+0	3.125579E+0	111.323053E+3
8.300000E+0	0.000000E+0	0.000000E+0	25.000000E+0	3.069819E+0	111.327497E+3
8.400000E+0	0.000000E+0	0.000000E+0	25.000000E+0	3.002654E+0	111.331884E+3
8.500000E+0	0.000000E+0	0.000000E+0	25.000000E+0	2.749200E+0	111.336370E+3
8.600000E+0	0.000000E+0	0.000000E+0	25.000000E+0	2.989981E+0	111.340828E+3
8.700000E+0	0.000000E+0	0.000000E+0	25.000000E+0	3.111639E+0	111.345258E+3
8.800000E+0	0.000000E+0	0.000000E+0	25.000000E+0	3.140786E+0	111.349702E+3
8.900000E+0	0.000000E+0	0.000000E+0	25.000000E+0	3.129381E+0	111.354173E+3
9.000000E+0	0.000000E+0	0.000000E+0	25.000000E+0	3.064750E+0	111.358645E+3
9.100000E+0	0.000000E+0	0.000000E+0	25.000000E+0	2.769477E+0	111.362991E+3
9.200000E+0	0.000000E+0	0.000000E+0	25.000000E+0	2.688371E+0	111.367463E+3
9.300000E+0	0.000000E+0	0.000000E+0	25.000000E+0	2.880996E+0	111.371906E+3
9.400000E+0	0.000000E+0	0.000000E+0	25.000000E+0	3.102768E+0	111.376280E+3
9.500000E+0	0.000000E+0	0.000000E+0	25.000000E+0	3.093897E+0	111.380752E+3
9.600000E+0	0.000000E+0	0.000000E+0	25.000000E+0	3.068552E+0	111.385181E+3
9.700000E+0	0.000000E+0	0.000000E+0	25.000000E+0	3.006456E+0	111.389541E+3
9.800000E+0	0.000000E+0	0.000000E+0	25.000000E+0	2.674431E+0	111.394012E+3
9.900000E+0	0.000000E+0	0.000000E+0	25.000000E+0	2.996317E+0	111.398414E+3
10.000000E+0	0.000000E+0	0.000000E+0	25.000000E+0	3.144588E+0	111.402816E+3
10.100000E+0	0.000000E+0	0.000000E+0	25.000000E+0	3.136984E+0	111.407231E+3
10.200000E+0	0.000000E+0	0.000000E+0	25.000000E+0	3.086293E+0	111.411675E+3
10.300000E+0	0.000000E+0	0.000000E+0	25.000000E+0	2.976041E+0	111.416091E+3
10.400000E+0	0.000000E+0	0.000000E+0	25.000000E+0	2.502083E+0	111.420478E+3
10.500000E+0	0.000000E+0	0.000000E+0	25.000000E+0	2.761873E+0	111.424950E+3
10.600000E+0	0.000000E+0	0.000000E+0	25.000000E+0	2.932954E+0	111.429352E+3
10.700000E+0	0.000000E+0	0.000000E+0	25.000000E+0	3.105303E+0	111.433753E+3
10.800000E+0	0.000000E+0	0.000000E+0	25.000000E+0	3.123044E+0	111.438155E+3
10.900000E+0	0.000000E+0	0.000000E+0	25.000000E+0	3.012792E+0	111.442584E+3
11.000000E+0	0.000000E+0	0.000000E+0	25.000000E+0	2.884798E+0	111.446958E+3
11.100000E+0	0.000000E+0	0.000000E+0	25.000000E+0	2.844245E+0	111.451373E+3
11.200000E+0	0.000000E+0	0.000000E+0	25.000000E+0	3.072354E+0	111.455831E+3
11.300000E+0	0.000000E+0	0.000000E+0	25.000000E+0	3.158528E+0	111.460177E+3
11.400000E+0	0.000000E+0	0.000000E+0	25.000000E+0	3.088828E+0	111.464564E+3
11.500000E+0	0.000000E+0	0.000000E+0	25.000000E+0	3.024197E+0	111.469050E+3
11.600000E+0	0.000000E+0	0.000000E+0	25.000000E+0	2.804960E+0	111.473409E+3
11.700000E+0	0.000000E+0	0.000000E+0	25.000000E+0	2.674431E+0	111.477797E+3
11.800000E+0	0.000000E+0	0.000000E+0	25.000000E+0	2.912678E+0	111.482227E+3
11.900000E+0	0.000000E+0	0.000000E+0	25.000000E+0	3.053345E+0	111.486600E+3
12.000000E+0	0.000000E+0	0.000000E+0	25.000000E+0	3.140786E+0	111.490973E+3
12.100000E+0	0.000000E+0	0.000000E+0	25.000000E+0	3.055879E+0	111.495403E+3
12.200000E+0	0.000000E+0	0.000000E+0	25.000000E+0	2.859453E+0	111.499847E+3
12.300000E+0	0.000000E+0	0.000000E+0	25.000000E+0	2.889867E+0	111.504178E+3
12.400000E+0	0.000000E+0	0.000000E+0	25.000000E+0	3.002654E+0	111.508566E+3
12.500000E+0	0.000000E+0	0.000000E+0	25.000000E+0	3.133182E+0	111.513038E+3
12.600000E+0	0.000000E+0	0.000000E+0	25.000000E+0	3.110372E+0	111.517411E+3
12.700000E+0	0.000000E+0	0.000000E+0	25.000000E+0	2.959567E+0	111.521756E+3
12.800000E+0	0.000000E+0	0.000000E+0	25.000000E+0	2.802426E+0	111.526242E+3
12.900000E+0	0.000000E+0	0.000000E+0	25.000000E+0	2.687104E+0	111.530602E+3
13.000000E+0	0.000000E+0	0.000000E+0	25.000000E+0	2.991248E+0	111.534975E+3
13.100000E+0	0.000000E+0	0.000000E+0	25.000000E+0	3.082492E+0	111.539475E+3
13.200000E+0	0.000000E+0	0.000000E+0	25.000000E+0	3.086293E+0	111.543820E+3
13.300000E+0	0.000000E+0	0.000000E+0	25.000000E+0	3.116708E+0	111.548194E+3
13.400000E+0	0.000000E+0	0.000000E+0	25.000000E+0	2.954498E+0	111.552623E+3
13.500000E+0	0.000000E+0	0.000000E+0	25.000000E+0	2.860720E+0	111.557053E+3
13.600000E+0	0.000000E+0	0.000000E+0	25.000000E+0	3.010257E+0	111.561441E+3
13.700000E+0	0.000000E+0	0.000000E+0	25.000000E+0	3.102768E+0	111.565842E+3
13.800000E+0	0.000000E+0	0.000000E+0	25.000000E+0	3.135717E+0	111.570272E+3
13.900000E+0	0.000000E+0	0.000000E+0	25.000000E+0	3.020396E+0	111.574659E+3
14.000000E+0	0.000000E+0	0.000000E+0	25.000000E+0	2.770744E+0	111.579033E+3
14.100000E+0	0.000000E+0	0.000000E+0	25.000000E+0	2.647819E+0	111.583491E+3
14.200000E+0	0.000000E+0	0.000000E+0	25.000000E+0	2.870858E+0	111.587892E+3
14.300000E+0	0.000000E+0	0.000000E+0	25.000000E+0	3.050810E+0	111.592308E+3
14.400000E+0	0.000000E+0	0.000000E+0	25.000000E+0	3.102768E+0	111.596723E+3
14.500000E+0	0.000000E+0	0.000000E+0	25.000000E+0	3.053345E+0	111.601125E+3
14.600000E+0	0.000000E+0	0.000000E+0	25.000000E+0	2.964636E+0	111.605498E+3
14.700000E+0	0.000000E+0	0.000000E+0	25.000000E+0	2.749200E+0	111.609914E+3
14.800000E+0	0.000000E+0	0.000000E+0	25.000000E+0	3.087561E+0	111.614344E+3
14.900000E+0	0.000000E+0	0.000000E+0	25.000000E+0	3.135717E+0	111.618731E+3
15.000000E+0	0.000000E+0	0.000000E+0	25.000000E+0	3.107837E+0	111.623133E+3
15.100000E+0	0.000000E+0	0.000000E+0	25.000000E+0	3.038137E+0	111.627577E+3
15.200000E+0	0.000000E+0	0.000000E+0	25.000000E+0	2.879729E+0	111.631978E+3
15.300000E+0	0.000000E+0	0.000000E+0	25.000000E+0	2.545170E+0	111.636352E+3
15.400000E+0	0.000000E+0	0.000000E+0	25.000000E+0	2.845513E+0	111.640809E+3
15.500000E+0	0.000000E+0	0.000000E+0	25.000000E+0	3.011525E+0	111.645253E+3
15.600000E+0	0.000000E+0	0.000000E+0	25.000000E+0	3.142053E+0	111.649598E+3
15.700000E+0	0.000000E+0	0.000000E+0	25.000000E+0	3.106570E+0	111.654056E+3
15.800000E+0	0.000000E+0	0.000000E+0	25.000000E+0	2.996317E+0	111.658486E+3
15.900000E+0	0.000000E+0	0.000000E+0	25.000000E+0	2.717519E+0	111.662831E+3
16.000000E+0	0.000000E+0	0.000000E+0	25.000000E+0	2.883531E+0	111.667233E+3
16.100000E+0	0.000000E+0	0.000000E+0	25.000000E+0	3.124312E+0	111.671677E+3
16.200000E+0	0.000000E+0	0.000000E+0	25.000000E+0	3.148390E+0	111.676064E+3
16.300000E+0	0.000000E+0	0.000000E+0	25.000000E+0	3.045741E+0	111.680466E+3
16.400000E+0	0.000000E+0	0.000000E+0	25.000000E+0	2.954498E+0	111.684937E+3
16.500000E+0	0.000000E+0	0.000000E+0	25.000000E+0	2.483074E+0	111.689311E+3
16.600000E+0	0.000000E+0	0.000000E+0	25.000000E+0	2.745398E+0	111.693713E+3
16.700000E+0	0.000000E+0	0.000000E+0	25.000000E+0	2.995050E+0	111.698142E+3
16.800000E+0	0.000000E+0	0.000000E+0	25.000000E+0	3.055879E+0	111.702544E+3
16.900000E+0	0.000000E+0	0.000000E+0	25.000000E+0	3.120510E+0	111.706903E+3
17.000000E+0	0.000000E+0	0.000000E+0	25.000000E+0	3.038137E+0	111.711403E+3
17.100000E+0	0.000000E+0	0.000000E+0	25.000000E+0	2.695975E+0	111.715762E+3
17.200000E+0	0.000000E+0	0.000000E+0	25.000000E+0	2.889867E+0	111.720136E+3
17.300000E+0	0.000000E+0	0.000000E+0	25.000000E+0	3.039405E+0	111.724552E+3
17.400000E+0	0.000000E+0	0.000000E+0	25.000000E+0	3.169933E+0	111.728981E+3
17.500000E+0	0.000000E+0	0.000000E+0	25.000000E+0	3.117975E+0	111.733355E+3
17.600000E+0	0.000000E+0	0.000000E+0	25.000000E+0	2.955765E+0	111.737770E+3
17.700000E+0	0.000000E+0	0.000000E+0	25.000000E+0	2.747933E+0	111.742200E+3
17.800000E+0	0.000000E+0	0.000000E+0	25.000000E+0	2.714984E+0	111.746573E+3
17.900000E+0	0.000000E+0	0.000000E+0	25.000000E+0	2.959567E+0	111.750933E+3
18.000000E+0	0.000000E+0	0.000000E+0	25.000000E+0	3.055879E+0	111.755391E+3
18.100000E+0	0.000000E+0	0.000000E+0	25.000000E+0	3.106570E+0	111.759792E+3
18.200000E+0	0.000000E+0	0.000000E+0	25.000000E+0	3.082492E+0	111.764166E+3
18.300000E+0	0.000000E+0	0.000000E+0	25.000000E+0	2.929152E+0	111.768637E+3
18.400000E+0	0.000000E+0	0.000000E+0	25.000000E+0	2.879729E+0	111.773025E+3
18.500000E+0	0.000000E+0	0.000000E+0	25.000000E+0	3.058414E+0	111.777413E+3
18.600000E+0	0.000000E+0	0.000000E+0	25.000000E+0	3.131915E+0	111.781842E+3
18.700000E+0	0.000000E+0	0.000000E+0	25.000000E+0	3.111639E+0	111.786286E+3
18.800000E+0	0.000000E+0	0.000000E+0	25.000000E+0	3.027999E+0	111.790673E+3
18.900000E+0	0.000000E+0	0.000000E+0	25.000000E+0	2.797356E+0	111.795047E+3
19.000000E+0	0.000000E+0	0.000000E+0	25.000000E+0	2.618672E+0	111.799491E+3
19.100000E+0	0.000000E+0	0.000000E+0	25.000000E+0	2.884798E+0	111.803892E+3
19.200000E+0	0.000000E+0	0.000000E+0	25.000000E+0	3.064750E+0	111.808252E+3
19.300000E+0	0.000000E+0	0.000000E+0	25.000000E+0	3.100233E+0	111.812681E+3
19.400000E+0	0.000000E+0	0.000000E+0	25.000000E+0	3.029266E+0	111.817083E+3
19.500000E+0	0.000000E+0	0.000000E+0	25.000000E+0	2.945627E+0	111.821484E+3
19.600000E+0	0.000000E+0	0.000000E+0	25.000000E+0	2.811296E+0	111.825872E+3
19.700000E+0	0.000000E+0	0.000000E+0	25.000000E+0	3.086293E+0	111.830259E+3
19.800000E+0	0.000000E+0	0.000000E+0	25.000000E+0	3.150924E+0	111.834633E+3
19.900000E+0	0.000000E+0	0.000000E+0	25.000000E+0	3.069819E+0	111.839006E+3
20.000000E+0	0.000000E+0	0.000000E+0	25.000000E+0	2.986179E+0	111.843436E+3
20.100000E+0	0.000000E+0	0.000000E+0	25.000000E+0	2.810029E+0	111.847852E+3
20.200000E+0	0.000000E+0	0.000000E+0	25.000000E+0	2.664293E+0	111.852197E+3
20.300000E+0	0.000000E+0	0.000000E+0	25.000000E+0	2.929152E+0	111.856598E+3
20.400000E+0	0.000000E+0	0.000000E+0	25.000000E+0	3.035603E+0	111.860972E+3
20.500000E+0	0.000000E+0	0.000000E+0	25.000000E+0	3.120510E+0	111.865345E+3
20.600000E+0	0.000000E+0	0.000000E+0	25.000000E+0	3.021663E+0	111.869733E+3
20.700000E+0	0.000000E+0	0.000000E+0	25.000000E+0	2.670630E+0	111.874106E+3
20.800000E+0	0.000000E+0	0.000000E+0	25.000000E+0	2.958299E+0	111.878466E+3
20.900000E+0	0.000000E+0	0.000000E+0	25.000000E+0	3.034336E+0	111.882867E+3
21.000000E+0	0.000000E+0	0.000000E+0	25.000000E+0	3.090095E+0	111.887255E+3
21.100000E+0	0.000000E+0	0.000000E+0	25.000000E+0	3.063483E+0	111.891642E+3
21.200000E+0	0.000000E+0	0.000000E+0	25.000000E+0	2.816365E+0	111.895959E+3
21.300000E+0	0.000000E+0	0.000000E+0	25.000000E+0	2.548972E+0	111.900375E+3
21.400000E+0	0.000000E+0	0.000000E+0	25.000000E+0	2.851849E+0	111.904748E+3
21.500000E+0	0.000000E+0	0.000000E+0	25.000000E+0	3.034336E+0	111.909066E+3
21.600000E+0	0.000000E+0	0.000000E+0	25.000000E+0	3.064750E+0	111.913467E+3
21.700000E+0	0.000000E+0	0.000000E+0	25.000000E+0	3.008990E+0	111.917841E+3
21.800000E+0	0.000000E+0	0.000000E+0	25.000000E+0	2.921549E+0	111.922200E+3
21.900000E+0	0.000000E+0	0.000000E+0	25.000000E+0	2.827771E+0	111.926531E+3
22.000000E+0	0.000000E+0	0.000000E+0	25.000000E+0	3.053345E+0	111.930905E+3
22.100000E+0	0.000000E+0	0.000000E+0	25.000000E+0	3.093897E+0	111.935278E+3
22.200000E+0	0.000000E+0	0.000000E+0	25.000000E+0	3.007723E+0	111.939637E+3
22.300000E+0	0.000000E+0	0.000000E+0	25.000000E+0	2.812564E+0	111.943983E+3
22.400000E+0	0.000000E+0	0.000000E+0	25.000000E+0	2.559110E+0	111.948314E+3
22.500000E+0	0.000000E+0	0.000000E+0	25.000000E+0	2.882263E+0	111.952631E+3
22.600000E+0	0.000000E+0	0.000000E+0	25.000000E+0	2.981110E+0	111.957005E+3
22.700000E+0	0.000000E+0	0.000000E+0	25.000000E+0	3.041939E+0	111.961392E+3
22.800000E+0	0.000000E+0	0.000000E+0	25.000000E+0	2.978576E+0	111.965653E+3
22.900000E+0	0.000000E+0	0.000000E+0	25.000000E+0	2.607266E+0	111.970041E+3
23.000000E+0	0.000000E+0	0.000000E+0	75.000000E+0	3.373963E+0	111.974484E+3
23.100000E+0	0.000000E+0	0.000000E+0	75.000000E+0	5.115189E+0	111.980559E+3
23.200000E+0	0.000000E+0	0.000000E+0	75.000000E+0	6.296282E+0	111.988828E+3
23.300000E+0	0.000000E+0	0.000000E+0	75.000000E+0	6.646048E+0	111.998883E+3
23.400000E+0	0.000000E+0	0.000000E+0	75.000000E+0	7.943730E+0	112.010498E+3
23.500000E+0	0.000000E+0	0.000000E+0	75.000000E+0	9.790138E+0	112.023591E+3
23.600000E+0	0.000000E+0	0.000000E+0	75.000000E+0	10.417435E+0	112.037780E+3
23.700000E+0	0.000000E+0	0.000000E+0	75.000000E+0	11.101759E+0	112.053164E+3
23.800000E+0	0.000000E+0	0.000000E+0	75.000000E+0	11.798756E+0	112.069603E+3
23.900000E+0	0.000000E+0	0.000000E+0	75.000000E+0	12.336077E+0	112.086731E+3
24.000000E+0	0.000000E+0	0.000000E+0	75.000000E+0	11.371687E+0	112.104534E+3
24.100000E+0	0.000000E+0	0.000000E+0	75.000000E+0	13.015332E+0	112.123195E+3
24.200000E+0	0.000000E+0	0.000000E+0	75.000000E+0	13.220629E+0	112.142348E+3
24.300000E+0	0.000000E+0	0.000000E+0	75.000000E+0	12.856924E+0	112.161994E+3
24.400000E+0	0.000000E+0	0.000000E+0	75.000000E+0	14.614623E+0	112.182019E+3
24.500000E+0	0.000000E+0	0.000000E+0	75.000000E+0	12.793561E+0	112.202761E+3
24.600000E+0	0.000000E+0	0.000000E+0	75.000000E+0	15.116460E+0	112.223531E+3
24.700000E+0	0.000000E+0	0.000000E+0	75.000000E+0	15.293878E+0	112.244794E+3
24.800000E+0	0.000000E+0	0.000000E+0	75.000000E+0	15.548598E+0	112.266394E+3
24.900000E+0	0.000000E+0	0.000000E+0	75.000000E+0	15.608160E+0	112.288106E+3
25.000000E+0	0.000000E+0	0.000000E+0	75.000000E+0	15.457355E+0	112.310381E+3
25.100000E+0	0.000000E+0	0.000000E+0	75.000000E+0	13.216828E+0	112.332530E+3
25.200000E+0	0.000000E+0	0.000000E+0	75.000000E+0	16.278544E+0	112.355058E+3
25.300000E+0	0.000000E+0	0.000000E+0	75.000000E+0	15.648712E+0	112.377698E+3
25.400000E+0	0.000000E+0	0.000000E+0	75.000000E+0	15.846406E+0	112.400550E+3
25.500000E+0	0.000000E+0	0.000000E+0	75.000000E+0	14.804713E+0	112.423289E+3
25.600000E+0	0.000000E+0	0.000000E+0	75.000000E+0	16.462298E+0	112.446366E+3
25.700000E+0	0.000000E+0	0.000000E+0	75.000000E+0	15.368647E+0	112.469484E+3
25.800000E+0	0.000000E+0	0.000000E+0	75.000000E+0	16.025091E+0	112.492927E+3
25.900000E+0	0.000000E+0	0.000000E+0	75.000000E+0	16.492712E+0	112.516073E+3
26.000000E+0	0.000000E+0	0.000000E+0	75.000000E+0	16.404003E+0	112.539684E+3
26.100000E+0	0.000000E+0	0.000000E+0	75.000000E+0	14.537320E+0	112.563169E+3
26.200000E+0	0.000000E+0	0.000000E+0	75.000000E+0	14.372575E+0	112.586766E+3
26.300000E+0	0.000000E+0	0.000000E+0	75.000000E+0	15.444683E+0	112.610447E+3
26.400000E+0	0.000000E+0	0.000000E+0	75.000000E+0	16.620706E+0	112.633931E+3
26.500000E+0	0.000000E+0	0.000000E+0	75.000000E+0	16.864021E+0	112.657795E+3
26.600000E+0	0.000000E+0	0.000000E+0	75.000000E+0	16.580154E+0	112.681364E+3
26.700000E+0	0.000000E+0	0.000000E+0	75.000000E+0	16.615637E+0	112.705102E+3
26.800000E+0	0.000000E+0	0.000000E+0	75.000000E+0	16.423012E+0	112.728909E+3
26.900000E+0	0.000000E+0	0.000000E+0	75.000000E+0	15.056899E+0	112.752619E+3
27.000000E+0	0.000000E+0	0.000000E+0	75.000000E+0	14.755289E+0	112.776511E+3
27.100000E+0	0.000000E+0	0.000000E+0	75.000000E+0	15.035355E+0	112.800558E+3
27.200000E+0	0.000000E+0	0.000000E+0	75.000000E+0	15.229247E+0	112.824520E+3
27.300000E+0	0.000000E+0	0.000000E+0	75.000000E+0	15.663920E+0	112.848244E+3
27.400000E+0	0.000000E+0	0.000000E+0	75.000000E+0	16.148016E+0	112.872319E+3
27.500000E+0	0.000000E+0	0.000000E+0	75.000000E+0	16.220250E+0	112.896211E+3
27.600000E+0	0.000000E+0	0.000000E+0	75.000000E+0	15.348370E+0	112.920370E+3
27.700000E+0	0.000000E+0	0.000000E+0	75.000000E+0	15.680394E+0	112.944347E+3
27.800000E+0	0.000000E+0	0.000000E+0	75.000000E+0	16.180965E+0	112.968239E+3
27.900000E+0	0.000000E+0	0.000000E+0	75.000000E+0	15.239385E+0	112.992427E+3
28.000000E+0	0.000000E+0	0.000000E+0	75.000000E+0	15.886959E+0	113.016291E+3
28.100000E+0	0.000000E+0	0.000000E+0	75.000000E+0	15.636040E+0	113.040422E+3
28.200000E+0	0.000000E+0	0.000000E+0	75.000000E+0	14.714737E+0	113.064595E+3
28.300000E+0	0.000000E+0	0.000000E+0	75.000000E+0	15.807121E+0	113.088684E+3
28.400000E+0	0.000000E+0	0.000000E+0	75.000000E+0	15.741223E+0	113.112773E+3
28.500000E+0	0.000000E+0	0.000000E+0	75.000000E+0	15.067037E+0	113.136609E+3
28.600000E+0	0.000000E+0	0.000000E+0	75.000000E+0	15.889493E+0	113.160684E+3
28.700000E+0	0.000000E+0	0.000000E+0	75.000000E+0	16.253199E+0	113.185139E+3
28.800000E+0	0.000000E+0	0.000000E+0	75.000000E+0	16.305157E+0	113.208863E+3
28.900000E+0	0.000000E+0	0.000000E+0	75.000000E+0	16.774045E+0	113.232952E+3
29.000000E+0	0.000000E+0	0.000000E+0	75.000000E+0	16.677733E+0	113.257266E+3
29.100000E+0	0.000000E+0	0.000000E+0	75.000000E+0	16.971739E+0	113.281158E+3
29.200000E+0	0.000000E+0	0.000000E+0	75.000000E+0	17.180838E+0	113.305247E+3
29.300000E+0	0.000000E+0	0.000000E+0	75.000000E+0	16.943859E+0	113.329589E+3
29.400000E+0	0.000000E+0	0.000000E+0	75.000000E+0	17.206183E+0	113.353481E+3
29.500000E+0	0.000000E+0	0.000000E+0	75.000000E+0	17.187174E+0	113.377753E+3
29.600000E+0	0.000000E+0	0.000000E+0	75.000000E+0	16.718286E+0	113.401927E+3
29.700000E+0	0.000000E+0	0.000000E+0	75.000000E+0	17.009757E+0	113.425847E+3
29.800000E+0	0.000000E+0	0.000000E+0	75.000000E+0	17.004688E+0	113.449922E+3
29.900000E+0	0.000000E+0	0.000000E+0	75.000000E+0	16.435685E+0	113.474081E+3
30.000000E+0	0.000000E+0	0.000000E+0	75.000000E+0	16.477505E+0	113.498311E+3
30.100000E+0	0.000000E+0	0.000000E+0	75.000000E+0	16.213913E+0	113.522316E+3
30.200000E+0	0.000000E+0	0.000000E+0	75.000000E+0	15.731085E+0	113.546447E+3
30.300000E+0	0.000000E+0	0.000000E+0	75.000000E+0	15.472562E+0	113.570606E+3
30.400000E+0	0.000000E+0	0.000000E+0	75.000000E+0	14.359902E+0	113.594850E+3
30.500000E+0	0.000000E+0	0.000000E+0	75.000000E+0	14.363704E+0	113.619038E+3
30.600000E+0	0.000000E+0	0.000000E+0	75.000000E+0	15.117728E+0	113.643155E+3
30.700000E+0	0.000000E+0	0.000000E+0	75.000000E+0	14.723608E+0	113.667019E+3
30.800000E+0	0.000000E+0	0.000000E+0	75.000000E+0	15.950322E+0	113.691347E+3
30.900000E+0	0.000000E+0	0.000000E+0	75.000000E+0	15.921175E+0	113.715323E+3
31.000000E+0	0.000000E+0	0.000000E+0	75.000000E+0	16.088454E+0	113.739441E+3
31.100000E+0	0.000000E+0	0.000000E+0	75.000000E+0	16.694207E+0	113.763614E+3
31.200000E+0	0.000000E+0	0.000000E+0	75.000000E+0	17.064249E+0	113.787886E+3
31.300000E+0	0.000000E+0	0.000000E+0	75.000000E+0	16.845012E+0	113.811933E+3
31.400000E+0	0.000000E+0	0.000000E+0	75.000000E+0	17.431757E+0	113.836078E+3
31.500000E+0	0.000000E+0	0.000000E+0	75.000000E+0	17.317703E+0	113.860055E+3
31.600000E+0	0.000000E+0	0.000000E+0	75.000000E+0	17.028766E+0	113.884158E+3
31.700000E+0	0.000000E+0	0.000000E+0	75.000000E+0	17.398808E+0	113.908303E+3
31.800000E+0	0.000000E+0	0.000000E+0	75.000000E+0	17.273348E+0	113.932491E+3
31.900000E+0	0.000000E+0	0.000000E+0	75.000000E+0	16.913445E+0	113.956552E+3
32.000000E+0	0.000000E+0	0.000000E+0	75.000000E+0	16.762640E+0	113.980866E+3
32.100000E+0	0.000000E+0	0.000000E+0	75.000000E+0	16.379925E+0	114.005039E+3
32.200000E+0	0.000000E+0	0.000000E+0	75.000000E+0	16.032694E+0	114.028959E+3
32.300000E+0	0.000000E+0	0.000000E+0	75.000000E+0	15.292611E+0	114.053288E+3
32.400000E+0	0.000000E+0	0.000000E+0	75.000000E+0	15.577746E+0	114.077222E+3
32.500000E+0	0.000000E+0	0.000000E+0	75.000000E+0	14.837662E+0	114.101325E+3
32.600000E+0	0.000000E+0	0.000000E+0	75.000000E+0	15.660118E+0	114.125541E+3
32.700000E+0	0.000000E+0	0.000000E+0	75.000000E+0	15.921175E+0	114.149616E+3
32.800000E+0	0.000000E+0	0.000000E+0	75.000000E+0	16.865288E+0	114.173902E+3
32.900000E+0	0.000000E+0	0.000000E+0	75.000000E+0	16.912177E+0	114.197822E+3
33.000000E+0	0.000000E+0	0.000000E+0	75.000000E+0	16.796856E+0	114.222178E+3
33.100000E+0	0.000000E+0	0.000000E+0	75.000000E+0	17.175769E+0	114.246169E+3
33.200000E+0	0.000000E+0	0.000000E+0	75.000000E+0	17.308832E+0	114.270230E+3
33.300000E+0	0.000000E+0	0.000000E+0	75.000000E+0	16.851349E+0	114.294614E+3
33.400000E+0	0.000000E+0	0.000000E+0	75.000000E+0	17.142820E+0	114.318534E+3
33.500000E+0	0.000000E+0	0.000000E+0	75.000000E+0	17.079457E+0	114.342666E+3
33.600000E+0	0.000000E+0	0.000000E+0	75.000000E+0	16.260802E+0	114.367022E+3
33.700000E+0	0.000000E+0	0.000000E+0	75.000000E+0	16.544670E+0	114.391012E+3
33.800000E+0	0.000000E+0	0.000000E+0	75.000000E+0	16.222784E+0	114.415130E+3
33.900000E+0	0.000000E+0	0.000000E+0	75.000000E+0	15.496640E+0	114.439444E+3
34.000000E+0	0.000000E+0	0.000000E+0	75.000000E+0	14.296539E+0	114.463744E+3
34.100000E+0	0.000000E+0	0.000000E+0	75.000000E+0	14.721073E+0	114.487833E+3
34.200000E+0	0.000000E+0	0.000000E+0	75.000000E+0	14.890887E+0	114.511880E+3
34.300000E+0	0.000000E+0	0.000000E+0	75.000000E+0	15.894562E+0	114.536109E+3
34.400000E+0	0.000000E+0	0.000000E+0	75.000000E+0	16.061841E+0	114.560213E+3
34.500000E+0	0.000000E+0	0.000000E+0	75.000000E+0	17.107336E+0	114.584597E+3
34.600000E+0	0.000000E+0	0.000000E+0	75.000000E+0	17.265745E+0	114.608812E+3
34.700000E+0	0.000000E+0	0.000000E+0	75.000000E+0	17.026231E+0	114.632803E+3
34.800000E+0	0.000000E+0	0.000000E+0	75.000000E+0	17.446964E+0	114.657131E+3
34.900000E+0	0.000000E+0	0.000000E+0	75.000000E+0	17.310099E+0	114.681361E+3
35.000000E+0	0.000000E+0	0.000000E+0	75.000000E+0	16.748700E+0	114.705506E+3
35.100000E+0	0.000000E+0	0.000000E+0	75.000000E+0	16.621973E+0	114.729708E+3
35.200000E+0	0.000000E+0	0.000000E+0	75.000000E+0	16.087187E+0	114.754064E+3
35.300000E+0	0.000000E+0	0.000000E+0	75.000000E+0	14.921301E+0	114.778139E+3
35.400000E+0	0.000000E+0	0.000000E+0	75.000000E+0	15.248256E+0	114.802073E+3
35.500000E+0	0.000000E+0	0.000000E+0	75.000000E+0	15.846406E+0	114.826373E+3
35.600000E+0	0.000000E+0	0.000000E+0	75.000000E+0	16.861487E+0	114.850673E+3
35.700000E+0	0.000000E+0	0.000000E+0	75.000000E+0	17.206183E+0	114.874861E+3
35.800000E+0	0.000000E+0	0.000000E+0	75.000000E+0	16.864021E+0	114.898964E+3
35.900000E+0	0.000000E+0	0.000000E+0	75.000000E+0	17.270814E+0	114.923208E+3
36.000000E+0	0.000000E+0	0.000000E+0	75.000000E+0	17.177036E+0	114.947423E+3
36.100000E+0	0.000000E+0	0.000000E+0	75.000000E+0	16.734760E+0	114.971512E+3
36.200000E+0	0.000000E+0	0.000000E+0	75.000000E+0	16.520592E+0	114.995855E+3
36.300000E+0	0.000000E+0	0.000000E+0	75.000000E+0	16.348244E+0	115.019887E+3
36.400000E+0	0.000000E+0	0.000000E+0	75.000000E+0	15.833733E+0	115.044019E+3
36.500000E+0	0.000000E+0	0.000000E+0	75.000000E+0	15.221644E+0	115.068347E+3
36.600000E+0	0.000000E+0	0.000000E+0	75.000000E+0	14.228107E+0	115.092478E+3
36.700000E+0	0.000000E+0	0.000000E+0	75.000000E+0	13.951842E+0	115.116581E+3
36.800000E+0	0.000000E+0	0.000000E+0	75.000000E+0	15.410466E+0	115.140783E+3
36.900000E+0	0.000000E+0	0.000000E+0	75.000000E+0	16.121403E+0	115.165055E+3
37.000000E+0	0.000000E+0	0.000000E+0	75.000000E+0	16.895703E+0	115.189298E+3
37.100000E+0	0.000000E+0	0.000000E+0	75.000000E+0	17.118742E+0	115.213444E+3
37.200000E+0	0.000000E+0	0.000000E+0	75.000000E+0	16.966670E+0	115.237463E+3
37.300000E+0	0.000000E+0	0.000000E+0	75.000000E+0	17.525534E+0	115.261706E+3
37.400000E+0	0.000000E+0	0.000000E+0	75.000000E+0	17.348117E+0	115.286077E+3
37.500000E+0	0.000000E+0	0.000000E+0	75.000000E+0	17.069318E+0	115.310053E+3
37.600000E+0	0.000000E+0	0.000000E+0	75.000000E+0	17.083258E+0	115.334241E+3
37.700000E+0	0.000000E+0	0.000000E+0	75.000000E+0	16.276010E+0	115.358667E+3
37.800000E+0	0.000000E+0	0.000000E+0	75.000000E+0	15.382586E+0	115.382939E+3
37.900000E+0	0.000000E+0	0.000000E+0	75.000000E+0	15.265998E+0	115.406986E+3
38.000000E+0	0.000000E+0	0.000000E+0	75.000000E+0	15.871751E+0	115.431216E+3
38.100000E+0	0.000000E+0	0.000000E+0	75.000000E+0	16.243061E+0	115.455220E+3
38.200000E+0	0.000000E+0	0.000000E+0	75.000000E+0	16.924850E+0	115.479394E+3
38.300000E+0	0.000000E+0	0.000000E+0	75.000000E+0	16.923583E+0	115.503877E+3
38.400000E+0	0.000000E+0	0.000000E+0	75.000000E+0	17.272081E+0	115.527980E+3
38.500000E+0	0.000000E+0	0.000000E+0	75.000000E+0	17.275883E+0	115.552111E+3
38.600000E+0	0.000000E+0	0.000000E+0	75.000000E+0	16.710682E+0	115.576327E+3
38.700000E+0	0.000000E+0	0.000000E+0	75.000000E+0	16.737295E+0	115.600500E+3
38.800000E+0	0.000000E+0	0.000000E+0	75.000000E+0	16.839943E+0	115.624448E+3
38.900000E+0	0.000000E+0	0.000000E+0	75.000000E+0	16.248130E+0	115.648622E+3
39.000000E+0	0.000000E+0	0.000000E+0	75.000000E+0	15.405397E+0	115.673048E+3
39.100000E+0	0.000000E+0	0.000000E+0	75.000000E+0	14.797109E+0	115.697278E+3
39.200000E+0	0.000000E+0	0.000000E+0	75.000000E+0	13.923962E+0	115.721353E+3
39.300000E+0	0.000000E+0	0.000000E+0	75.000000E+0	14.615890E+0	115.745245E+3
39.400000E+0	0.000000E+0	0.000000E+0	75.000000E+0	14.860473E+0	115.769461E+3
39.500000E+0	0.000000E+0	0.000000E+0	75.000000E+0	16.063109E+0	115.793789E+3
39.600000E+0	0.000000E+0	0.000000E+0	75.000000E+0	16.021289E+0	115.817752E+3
39.700000E+0	0.000000E+0	0.000000E+0	75.000000E+0	16.047901E+0	115.841827E+3
39.800000E+0	0.000000E+0	0.000000E+0	75.000000E+0	16.932454E+0	115.866127E+3
39.900000E+0	0.000000E+0	0.000000E+0	75.000000E+0	17.003421E+0	115.890159E+3
40.000000E+0	0.000000E+0	0.000000E+0	75.000000E+0	16.893168E+0	115.914234E+3
40.100000E+0	0.000000E+0	0.000000E+0	75.000000E+0	17.465973E+0	115.938562E+3
40.200000E+0	0.000000E+0	0.000000E+0	75.000000E+0	17.400075E+0	115.962764E+3
40.300000E+0	0.000000E+0	0.000000E+0	75.000000E+0	17.027499E+0	115.986741E+3
40.400000E+0	0.000000E+0	0.000000E+0	75.000000E+0	17.097198E+0	116.011139E+3
40.500000E+0	0.000000E+0	0.000000E+0	75.000000E+0	16.874159E+0	116.035214E+3
40.600000E+0	0.000000E+0	0.000000E+0	75.000000E+0	16.180965E+0	116.059345E+3
40.700000E+0	0.000000E+0	0.000000E+0	75.000000E+0	16.180965E+0	116.083448E+3
40.800000E+0	0.000000E+0	0.000000E+0	75.000000E+0	15.627169E+0	116.107650E+3
40.900000E+0	0.000000E+0	0.000000E+0	75.000000E+0	15.388923E+0	116.131570E+3
41.000000E+0	0.000000E+0	0.000000E+0	75.000000E+0	16.182232E+0	116.155955E+3
41.100000E+0	0.000000E+0	0.000000E+0	75.000000E+0	16.106196E+0	116.180128E+3
41.200000E+0	0.000000E+0	0.000000E+0	75.000000E+0	16.393865E+0	116.204077E+3
41.300000E+0	0.000000E+0	0.000000E+0	75.000000E+0	16.926117E+0	116.228208E+3
41.400000E+0	0.000000E+0	0.000000E+0	75.000000E+0	16.775313E+0	116.252494E+3
41.500000E+0	0.000000E+0	0.000000E+0	75.000000E+0	17.260676E+0	116.276583E+3
41.600000E+0	0.000000E+0	0.000000E+0	75.000000E+0	17.318970E+0	116.300841E+3
41.700000E+0	0.000000E+0	0.000000E+0	75.000000E+0	16.847547E+0	116.325098E+3
41.800000E+0	0.000000E+0	0.000000E+0	75.000000E+0	16.895703E+0	116.349131E+3
41.900000E+0	0.000000E+0	0.000000E+0	75.000000E+0	16.388796E+0	116.373502E+3
42.000000E+0	0.000000E+0	0.000000E+0	75.000000E+0	16.026358E+0	116.397520E+3
42.100000E+0	0.000000E+0	0.000000E+0	75.000000E+0	15.814724E+0	116.421722E+3
42.200000E+0	0.000000E+0	0.000000E+0	75.000000E+0	14.945379E+0	116.445895E+3
42.300000E+0	0.000000E+0	0.000000E+0	75.000000E+0	15.130400E+0	116.470336E+3
42.400000E+0	0.000000E+0	0.000000E+0	75.000000E+0	15.306550E+0	116.494355E+3
42.500000E+0	0.000000E+0	0.000000E+0	75.000000E+0	16.239259E+0	116.518697E+3
42.600000E+0	0.000000E+0	0.000000E+0	75.000000E+0	16.948928E+0	116.542927E+3
42.700000E+0	0.000000E+0	0.000000E+0	75.000000E+0	17.059180E+0	116.567002E+3
42.800000E+0	0.000000E+0	0.000000E+0	75.000000E+0	17.102267E+0	116.591372E+3
42.900000E+0	0.000000E+0	0.000000E+0	75.000000E+0	17.543276E+0	116.615419E+3
43.000000E+0	0.000000E+0	0.000000E+0	75.000000E+0	17.183372E+0	116.640000E+3
43.100000E+0	0.000000E+0	0.000000E+0	75.000000E+0	16.404003E+0	116.664075E+3
43.200000E+0	0.000000E+0	0.000000E+0	75.000000E+0	16.125205E+0	116.688262E+3
43.300000E+0	0.000000E+0	0.000000E+0	75.000000E+0	15.823595E+0	116.712380E+3
43.400000E+0	0.000000E+0	0.000000E+0	75.000000E+0	16.109998E+0	116.736806E+3
43.500000E+0	0.000000E+0	0.000000E+0	75.000000E+0	16.616904E+0	116.760853E+3
43.600000E+0	0.000000E+0	0.000000E+0	75.000000E+0	16.822201E+0	116.785294E+3
43.700000E+0	0.000000E+0	0.000000E+0	75.000000E+0	17.259408E+0	116.809341E+3
43.800000E+0	0.000000E+0	0.000000E+0	75.000000E+0	17.291090E+0	116.833753E+3
43.900000E+0	0.000000E+0	0.000000E+0	75.000000E+0	16.812063E+0	116.857870E+3
44.000000E+0	0.000000E+0	0.000000E+0	75.000000E+0	16.436952E+0	116.882339E+3
44.100000E+0	0.000000E+0	0.000000E+0	75.000000E+0	16.701811E+0	116.906175E+3
44.200000E+0	0.000000E+0	0.000000E+0	75.000000E+0	15.805854E+0	116.930447E+3
44.300000E+0	0.000000E+0	0.000000E+0	75.000000E+0	14.551260E+0	116.955155E+3
44.400000E+0	0.000000E+0	0.000000E+0	75.000000E+0	15.078442E+0	116.979117E+3
44.500000E+0	0.000000E+0	0.000000E+0	75.000000E+0	15.670256E+0	117.003220E+3
44.600000E+0	0.000000E+0	0.000000E+0	75.000000E+0	16.566214E+0	117.027492E+3
44.700000E+0	0.000000E+0	0.000000E+0	75.000000E+0	16.739829E+0	117.051694E+3
44.800000E+0	0.000000E+0	0.000000E+0	75.000000E+0	17.411480E+0	117.075937E+3
44.900000E+0	0.000000E+0	0.000000E+0	75.000000E+0	17.419084E+0	117.100434E+3
45.000000E+0	0.000000E+0	0.000000E+0	75.000000E+0	17.089595E+0	117.124453E+3
45.100000E+0	0.000000E+0	0.000000E+0	75.000000E+0	16.974273E+0	117.148753E+3
45.200000E+0	0.000000E+0	0.000000E+0	75.000000E+0	15.774172E+0	117.173222E+3
45.300000E+0	0.000000E+0	0.000000E+0	75.000000E+0	15.369914E+0	117.197466E+3
45.400000E+0	0.000000E+0	0.000000E+0	75.000000E+0	16.675198E+0	117.221695E+3
45.500000E+0	0.000000E+0	0.000000E+0	75.000000E+0	16.535799E+0	117.245883E+3
45.600000E+0	0.000000E+0	0.000000E+0	75.000000E+0	17.326574E+0	117.270436E+3
45.700000E+0	0.000000E+0	0.000000E+0	75.000000E+0	17.370928E+0	117.294398E+3
45.800000E+0	0.000000E+0	0.000000E+0	75.000000E+0	16.801925E+0	117.318713E+3
45.900000E+0	0.000000E+0	0.000000E+0	75.000000E+0	16.729691E+0	117.342970E+3
46.000000E+0	0.000000E+0	0.000000E+0	75.000000E+0	16.093523E+0	117.367200E+3
46.100000E+0	0.000000E+0	0.000000E+0	75.000000E+0	14.931440E+0	117.391514E+3
46.200000E+0	0.000000E+0	0.000000E+0	75.000000E+0	15.317956E+0	117.415955E+3
46.300000E+0	0.000000E+0	0.000000E+0	75.000000E+0	16.178430E+0	117.440269E+3
46.400000E+0	0.000000E+0	0.000000E+0	75.000000E+0	16.921048E+0	117.464498E+3
46.500000E+0	0.000000E+0	0.000000E+0	75.000000E+0	17.163096E+0	117.488644E+3
46.600000E+0	0.000000E+0	0.000000E+0	75.000000E+0	17.122544E+0	117.512845E+3
46.700000E+0	0.000000E+0	0.000000E+0	75.000000E+0	17.507793E+0	117.537103E+3
46.800000E+0	0.000000E+0	0.000000E+0	75.000000E+0	17.268279E+0	117.561417E+3
46.900000E+0	0.000000E+0	0.000000E+0	75.000000E+0	16.103661E+0	117.585914E+3
47.000000E+0	0.000000E+0	0.000000E+0	75.000000E+0	15.571409E+0	117.610031E+3
47.100000E+0	0.000000E+0	0.000000E+0	75.000000E+0	15.579013E+0	117.634303E+3
47.200000E+0	0.000000E+0	0.000000E+0	75.000000E+0	16.068178E+0	117.658364E+3
47.300000E+0	0.000000E+0	0.000000E+0	75.000000E+0	17.033835E+0	117.682636E+3
47.400000E+0	0.000000E+0	0.000000E+0	75.000000E+0	16.895703E+0	117.706908E+3
47.500000E+0	0.000000E+0	0.000000E+0	75.000000E+0	17.260676E+0	117.731306E+3
47.600000E+0	0.000000E+0	0.000000E+0	75.000000E+0	17.287288E+0	117.755339E+3
47.700000E+0	0.000000E+0	0.000000E+0	75.000000E+0	16.348244E+0	117.779822E+3
47.800000E+0	0.000000E+0	0.000000E+0	75.000000E+0	16.486376E+0	117.803883E+3
47.900000E+0	0.000000E+0	0.000000E+0	75.000000E+0	15.250791E+0	117.828239E+3
48.000000E+0	0.000000E+0	0.000000E+0	75.000000E+0	13.885944E+0	117.852567E+3
48.100000E+0	0.000000E+0	0.000000E+0	75.000000E+0	15.738688E+0	117.876881E+3
48.200000E+0	0.000000E+0	0.000000E+0	75.000000E+0	16.178430E+0	117.901195E+3
48.300000E+0	0.000000E+0	0.000000E+0	75.000000E+0	17.127613E+0	117.925397E+3
48.400000E+0	0.000000E+0	0.000000E+0	75.000000E+0	17.192243E+0	117.949472E+3
48.500000E+0	0.000000E+0	0.000000E+0	75.000000E+0	17.166898E+0	117.973772E+3
48.600000E+0	0.000000E+0	0.000000E+0	75.000000E+0	17.460904E+0	117.997945E+3
48.700000E+0	0.000000E+0	0.000000E+0	75.000000E+0	17.145354E+0	118.022288E+3
48.800000E+0	0.000000E+0	0.000000E+0	75.000000E+0	15.818526E+0	118.046686E+3
48.900000E+0	0.000000E+0	0.000000E+0	75.000000E+0	15.690532E+0	118.070775E+3
49.000000E+0	0.000000E+0	0.000000E+0	75.000000E+0	15.648712E+0	118.095103E+3
49.100000E+0	0.000000E+0	0.000000E+0	75.000000E+0	16.590292E+0	118.119333E+3
49.200000E+0	0.000000E+0	0.000000E+0	75.000000E+0	17.356988E+0	118.143773E+3
49.300000E+0	0.000000E+0	0.000000E+0	75.000000E+0	17.024964E+0	118.168102E+3
49.400000E+0	0.000000E+0	0.000000E+0	75.000000E+0	16.962868E+0	118.192373E+3
49.500000E+0	0.000000E+0	0.000000E+0	75.000000E+0	16.606766E+0	118.216772E+3
49.600000E+0	0.000000E+0	0.000000E+0	75.000000E+0	15.620833E+0	118.240931E+3
49.700000E+0	0.000000E+0	0.000000E+0	75.000000E+0	14.746419E+0	118.265245E+3
49.800000E+0	0.000000E+0	0.000000E+0	75.000000E+0	14.183752E+0	118.289292E+3
49.900000E+0	0.000000E+0	0.000000E+0	75.000000E+0	16.117601E+0	118.313761E+3
50.000000E+0	0.000000E+0	0.000000E+0	75.000000E+0	16.795589E+0	118.337977E+3
50.100000E+0	0.000000E+0	0.000000E+0	75.000000E+0	16.955264E+0	118.362220E+3
50.200000E+0	0.000000E+0	0.000000E+0	75.000000E+0	17.593967E+0	118.386520E+3
50.300000E+0	0.000000E+0	0.000000E+0	75.000000E+0	17.244201E+0	118.411045E+3
50.400000E+0	0.000000E+0	0.000000E+0	75.000000E+0	16.791787E+0	118.435106E+3
50.500000E+0	0.000000E+0	0.000000E+0	75.000000E+0	16.249397E+0	118.459434E+3
50.600000E+0	0.000000E+0	0.000000E+0	75.000000E+0	15.195031E+0	118.483791E+3
50.700000E+0	0.000000E+0	0.000000E+0	75.000000E+0	16.585223E+0	118.508133E+3
50.800000E+0	0.000000E+0	0.000000E+0	75.000000E+0	17.393739E+0	118.532700E+3
50.900000E+0	0.000000E+0	0.000000E+0	75.000000E+0	17.099733E+0	118.556761E+3
51.000000E+0	0.000000E+0	0.000000E+0	75.000000E+0	16.908376E+0	118.581258E+3
51.100000E+0	0.000000E+0	0.000000E+0	75.000000E+0	16.358382E+0	118.605544E+3
51.200000E+0	0.000000E+0	0.000000E+0	75.000000E+0	15.049295E+0	118.629900E+3
51.300000E+0	0.000000E+0	0.000000E+0	75.000000E+0	14.368773E+0	118.654130E+3
51.400000E+0	0.000000E+0	0.000000E+0	75.000000E+0	15.483968E+0	118.678402E+3
51.500000E+0	0.000000E+0	0.000000E+0	75.000000E+0	16.713216E+0	118.702758E+3
51.600000E+0	0.000000E+0	0.000000E+0	75.000000E+0	17.324039E+0	118.727114E+3
51.700000E+0	0.000000E+0	0.000000E+0	75.000000E+0	17.169432E+0	118.751611E+3
51.800000E+0	0.000000E+0	0.000000E+0	75.000000E+0	17.078189E+0	118.775953E+3
51.900000E+0	0.000000E+0	0.000000E+0	75.000000E+0	16.615637E+0	118.800169E+3
52.000000E+0	0.000000E+0	0.000000E+0	75.000000E+0	15.598022E+0	118.824708E+3
52.100000E+0	0.000000E+0	0.000000E+0	75.000000E+0	16.993282E+0	118.849120E+3
52.200000E+0	0.000000E+0	0.000000E+0	75.000000E+0	16.855150E+0	118.873238E+3
52.300000E+0	0.000000E+0	0.000000E+0	75.000000E+0	17.159294E+0	118.897861E+3
52.400000E+0	0.000000E+0	0.000000E+0	75.000000E+0	17.213787E+0	118.921880E+3
52.500000E+0	0.000000E+0	0.000000E+0	75.000000E+0	15.973133E+0	118.946419E+3
52.600000E+0	0.000000E+0	0.000000E+0	75.000000E+0	15.681661E+0	118.970564E+3
52.700000E+0	0.000000E+0	0.000000E+0	75.000000E+0	15.150677E+0	118.995117E+3
52.800000E+0	0.000000E+0	0.000000E+0	75.000000E+0	16.018754E+0	119.019305E+3
52.900000E+0	0.000000E+0	0.000000E+0	75.000000E+0	17.208718E+0	119.043830E+3
53.000000E+0	0.000000E+0	0.000000E+0	75.000000E+0	17.203649E+0	119.068172E+3
53.100000E+0	0.000000E+0	0.000000E+0	75.000000E+0	17.334177E+0	119.092500E+3
53.200000E+0	0.000000E+0	0.000000E+0	75.000000E+0	16.995817E+0	119.116814E+3
53.300000E+0	0.000000E+0	0.000000E+0	75.000000E+0	15.372448E+0	119.141241E+3
53.400000E+0	0.000000E+0	0.000000E+0	75.000000E+0	16.448358E+0	119.165738E+3
53.500000E+0	0.000000E+0	0.000000E+0	75.000000E+0	16.756304E+0	119.189981E+3
53.600000E+0	0.000000E+0	0.000000E+0	75.000000E+0	17.370928E+0	119.214169E+3
53.700000E+0	0.000000E+0	0.000000E+0	75.000000E+0	17.391204E+0	119.238497E+3
53.800000E+0	0.000000E+0	0.000000E+0	75.000000E+0	16.519325E+0	119.262937E+3
53.900000E+0	0.000000E+0	0.000000E+0	75.000000E+0	16.008616E+0	119.287294E+3
54.000000E+0	0.000000E+0	0.000000E+0	75.000000E+0	14.548725E+0	119.311622E+3
54.100000E+0	0.000000E+0	0.000000E+0	75.000000E+0	16.023823E+0	119.336105E+3
54.200000E+0	0.000000E+0	0.000000E+0	75.000000E+0	17.255607E+0	119.360658E+3
54.300000E+0	0.000000E+0	0.000000E+0	75.000000E+0	17.236598E+0	119.385183E+3
54.400000E+0	0.000000E+0	0.000000E+0	75.000000E+0	17.462171E+0	119.409216E+3
54.500000E+0	0.000000E+0	0.000000E+0	75.000000E+0	16.905841E+0	119.433656E+3
54.600000E+0	0.000000E+0	0.000000E+0	75.000000E+0	15.219109E+0	119.458083E+3
54.700000E+0	0.000000E+0	0.000000E+0	75.000000E+0	17.199847E+0	119.482833E+3
54.800000E+0	0.000000E+0	0.000000E+0	75.000000E+0	16.956532E+0	119.506894E+3
54.900000E+0	0.000000E+0	0.000000E+0	75.000000E+0	17.350652E+0	119.531334E+3
55.000000E+0	0.000000E+0	0.000000E+0	75.000000E+0	16.894436E+0	119.555719E+3
55.100000E+0	0.000000E+0	0.000000E+0	75.000000E+0	15.042959E+0	119.580328E+3
55.200000E+0	0.000000E+0	0.000000E+0	75.000000E+0	14.377644E+0	119.604544E+3
55.300000E+0	0.000000E+0	0.000000E+0	75.000000E+0	16.009883E+0	119.628928E+3
55.400000E+0	0.000000E+0	0.000000E+0	75.000000E+0	17.474844E+0	119.653509E+3
55.500000E+0	0.000000E+0	0.000000E+0	75.000000E+0	17.597769E+0	119.677936E+3
55.600000E+0	0.000000E+0	0.000000E+0	75.000000E+0	16.377391E+0	119.702545E+3
55.700000E+0	0.000000E+0	0.000000E+0	75.000000E+0	15.992142E+0	119.726719E+3
55.800000E+0	0.000000E+0	0.000000E+0	75.000000E+0	16.525661E+0	119.751427E+3
55.900000E+0	0.000000E+0	0.000000E+0	75.000000E+0	17.316435E+0	119.775656E+3
56.000000E+0	0.000000E+0	0.000000E+0	75.000000E+0	17.364592E+0	119.800364E+3
56.100000E+0	0.000000E+0	0.000000E+0	75.000000E+0	16.614370E+0	119.824509E+3
56.200000E+0	0.000000E+0	0.000000E+0	75.000000E+0	15.760232E+0	119.848978E+3
56.300000E+0	0.000000E+0	0.000000E+0	75.000000E+0	14.790773E+0	119.873391E+3
56.400000E+0	0.000000E+0	0.000000E+0	75.000000E+0	16.869090E+0	119.898000E+3
56.500000E+0	0.000000E+0	0.000000E+0	75.000000E+0	17.301228E+0	119.922272E+3
56.600000E+0	0.000000E+0	0.000000E+0	75.000000E+0	17.250538E+0	119.946811E+3
56.700000E+0	0.000000E+0	0.000000E+0	75.000000E+0	17.062982E+0	119.971055E+3
56.800000E+0	0.000000E+0	0.000000E+0	75.000000E+0	15.453553E+0	119.995734E+3
56.900000E+0	0.000000E+0	0.000000E+0	75.000000E+0	15.949055E+0	120.019908E+3
57.000000E+0	0.000000E+0	0.000000E+0	75.000000E+0	17.436826E+0	120.044559E+3
57.100000E+0	0.000000E+0	0.000000E+0	75.000000E+0	17.142820E+0	120.068817E+3
57.200000E+0	0.000000E+0	0.000000E+0	75.000000E+0	16.964135E+0	120.093258E+3
57.300000E+0	0.000000E+0	0.000000E+0	75.000000E+0	15.480166E+0	120.117966E+3
57.400000E+0	0.000000E+0	0.000000E+0	75.000000E+0	14.301608E+0	120.142083E+3
57.500000E+0	0.000000E+0	0.000000E+0	75.000000E+0	16.112532E+0	120.166523E+3
57.600000E+0	0.000000E+0	0.000000E+0	75.000000E+0	17.164363E+0	120.191175E+3
57.700000E+0	0.000000E+0	0.000000E+0	75.000000E+0	17.720693E+0	120.215405E+3
57.800000E+0	0.000000E+0	0.000000E+0	75.000000E+0	17.000886E+0	120.240070E+3
57.900000E+0	0.000000E+0	0.000000E+0	75.000000E+0	15.301481E+0	120.264483E+3
58.000000E+0	0.000000E+0	0.000000E+0	75.000000E+0	16.210112E+0	120.288698E+3
58.100000E+0	0.000000E+0	0.000000E+0	75.000000E+0	16.903306E+0	120.313238E+3
58.200000E+0	0.000000E+0	0.000000E+0	75.000000E+0	17.465973E+0	120.337650E+3
58.300000E+0	0.000000E+0	0.000000E+0	75.000000E+0	16.962868E+0	120.362105E+3
58.400000E+0	0.000000E+0	0.000000E+0	75.000000E+0	15.571409E+0	120.386559E+3
58.500000E+0	0.000000E+0	0.000000E+0	75.000000E+0	15.065770E+0	120.411070E+3
58.600000E+0	0.000000E+0	0.000000E+0	75.000000E+0	16.301355E+0	120.435511E+3
58.700000E+0	0.000000E+0	0.000000E+0	75.000000E+0	17.628183E+0	120.460050E+3
58.800000E+0	0.000000E+0	0.000000E+0	75.000000E+0	17.618045E+0	120.484364E+3
58.900000E+0	0.000000E+0	0.000000E+0	75.000000E+0	16.808261E+0	120.508748E+3
59.000000E+0	0.000000E+0	0.000000E+0	75.000000E+0	15.463692E+0	120.533386E+3
59.100000E+0	0.000000E+0	0.000000E+0	75.000000E+0	16.604232E+0	120.557883E+3
59.200000E+0	0.000000E+0	0.000000E+0	75.000000E+0	17.367126E+0	120.582113E+3
59.300000E+0	0.000000E+0	0.000000E+0	75.000000E+0	17.401342E+0	120.606525E+3
59.400000E+0	0.000000E+0	0.000000E+0	75.000000E+0	16.231655E+0	120.631134E+3
59.500000E+0	0.000000E+0	0.000000E+0	75.000000E+0	15.565073E+0	120.655420E+3
59.600000E+0	0.000000E+0	0.000000E+0	75.000000E+0	14.857938E+0	120.679805E+3
59.700000E+0	0.000000E+0	0.000000E+0	75.000000E+0	16.943859E+0	120.704456E+3
59.800000E+0	0.000000E+0	0.000000E+0	75.000000E+0	17.332910E+0	120.728714E+3
59.900000E+0	0.000000E+0	0.000000E+0	75.000000E+0	17.248003E+0	120.753295E+3
60.000000E+0	0.000000E+0	0.000000E+0	75.000000E+0	17.084526E+0	120.777553E+3
60.100000E+0	0.000000E+0	0.000000E+0	75.000000E+0	15.836268E+0	120.802022E+3
60.200000E+0	0.000000E+0	0.000000E+0	75.000000E+0	16.312760E+0	120.826406E+3
60.300000E+0	0.000000E+0	0.000000E+0	75.000000E+0	17.375997E+0	120.850847E+3
60.400000E+0	0.000000E+0	0.000000E+0	75.000000E+0	17.121276E+0	120.875273E+3
60.500000E+0	0.000000E+0	0.000000E+0	75.000000E+0	16.869090E+0	120.899714E+3
60.600000E+0	0.000000E+0	0.000000E+0	75.000000E+0	15.250791E+0	120.924281E+3
60.700000E+0	0.000000E+0	0.000000E+0	75.000000E+0	15.298947E+0	120.948750E+3
60.800000E+0	0.000000E+0	0.000000E+0	75.000000E+0	16.913445E+0	120.973219E+3
60.900000E+0	0.000000E+0	0.000000E+0	75.000000E+0	17.189709E+0	120.997589E+3
61.000000E+0	0.000000E+0	0.000000E+0	75.000000E+0	17.658597E+0	121.021819E+3
61.100000E+0	0.000000E+0	0.000000E+0	75.000000E+0	17.120009E+0	121.046386E+3
61.200000E+0	0.000000E+0	0.000000E+0	75.000000E+0	15.231782E+0	121.071038E+3
61.300000E+0	0.000000E+0	0.000000E+0	75.000000E+0	16.240526E+0	121.095113E+3
61.400000E+0	0.000000E+0	0.000000E+0	75.000000E+0	17.037637E+0	121.119764E+3
61.500000E+0	0.000000E+0	0.000000E+0	75.000000E+0	17.436826E+0	121.143980E+3
61.600000E+0	0.000000E+0	0.000000E+0	75.000000E+0	17.193511E+0	121.168378E+3
61.700000E+0	0.000000E+0	0.000000E+0	75.000000E+0	16.362184E+0	121.192636E+3
61.800000E+0	0.000000E+0	0.000000E+0	75.000000E+0	15.307818E+0	121.217105E+3
61.900000E+0	0.000000E+0	0.000000E+0	75.000000E+0	15.086046E+0	121.241461E+3
62.000000E+0	0.000000E+0	0.000000E+0	75.000000E+0	17.070586E+0	121.266098E+3
62.100000E+0	0.000000E+0	0.000000E+0	75.000000E+0	17.590165E+0	121.290609E+3
62.200000E+0	0.000000E+0	0.000000E+0	75.000000E+0	17.244201E+0	121.314783E+3
62.300000E+0	0.000000E+0	0.000000E+0	75.000000E+0	16.955264E+0	121.339238E+3
62.400000E+0	0.000000E+0	0.000000E+0	75.000000E+0	15.456088E+0	121.363861E+3
62.500000E+0	0.000000E+0	0.000000E+0	75.000000E+0	16.595361E+0	121.388217E+3
62.600000E+0	0.000000E+0	0.000000E+0	75.000000E+0	17.511594E+0	121.412686E+3
62.700000E+0	0.000000E+0	0.000000E+0	75.000000E+0	17.059180E+0	121.436986E+3
62.800000E+0	0.000000E+0	0.000000E+0	75.000000E+0	16.364718E+0	121.461637E+3
62.900000E+0	0.000000E+0	0.000000E+0	75.000000E+0	15.148142E+0	121.485895E+3
63.000000E+0	0.000000E+0	0.000000E+0	75.000000E+0	16.099859E+0	121.510533E+3
63.100000E+0	0.000000E+0	0.000000E+0	75.000000E+0	17.041439E+0	121.534833E+3
63.200000E+0	0.000000E+0	0.000000E+0	75.000000E+0	17.298694E+0	121.559400E+3
63.300000E+0	0.000000E+0	0.000000E+0	75.000000E+0	17.429222E+0	121.583672E+3
63.400000E+0	0.000000E+0	0.000000E+0	75.000000E+0	16.713216E+0	121.608183E+3
63.500000E+0	0.000000E+0	0.000000E+0	75.000000E+0	16.230388E+0	121.632792E+3
63.600000E+0	0.000000E+0	0.000000E+0	75.000000E+0	17.416549E+0	121.657219E+3
63.700000E+0	0.000000E+0	0.000000E+0	75.000000E+0	17.140285E+0	121.681730E+3
63.800000E+0	0.000000E+0	0.000000E+0	75.000000E+0	16.813331E+0	121.706353E+3
63.900000E+0	0.000000E+0	0.000000E+0	75.000000E+0	15.988340E+0	121.730470E+3
64.000000E+0	0.000000E+0	0.000000E+0	75.000000E+0	14.410593E+0	121.754995E+3
64.100000E+0	0.000000E+0	0.000000E+0	75.000000E+0	17.207450E+0	121.779759E+3
64.200000E+0	0.000000E+0	0.000000E+0	75.000000E+0	17.145354E+0	121.803877E+3
64.300000E+0	0.000000E+0	0.000000E+0	75.000000E+0	17.567354E+0	121.828373E+3
64.400000E+0	0.000000E+0	0.000000E+0	75.000000E+0	16.504118E+0	121.853053E+3
64.500000E+0	0.000000E+0	0.000000E+0	75.000000E+0	14.985932E+0	121.877353E+3
64.600000E+0	0.000000E+0	0.000000E+0	75.000000E+0	17.071853E+0	121.901780E+3
64.700000E+0	0.000000E+0	0.000000E+0	75.000000E+0	17.165631E+0	121.926516E+3
64.800000E+0	0.000000E+0	0.000000E+0	75.000000E+0	17.056646E+0	121.950802E+3
64.900000E+0	0.000000E+0	0.000000E+0	75.000000E+0	16.013685E+0	121.975256E+3
65.000000E+0	0.000000E+0	0.000000E+0	75.000000E+0	15.404130E+0	121.999950E+3
65.100000E+0	0.000000E+0	0.000000E+0	75.000000E+0	16.634646E+0	122.024334E+3
65.200000E+0	0.000000E+0	0.000000E+0	75.000000E+0	17.258141E+0	122.048887E+3
65.300000E+0	0.000000E+0	0.000000E+0	75.000000E+0	17.540742E+0	122.073202E+3
65.400000E+0	0.000000E+0	0.000000E+0	75.000000E+0	16.376124E+0	122.097895E+3
65.500000E+0	0.000000E+0	0.000000E+0	75.000000E+0	14.970725E+0	122.122153E+3
65.600000E+0	0.000000E+0	0.000000E+0	75.000000E+0	17.391204E+0	122.146791E+3
65.700000E+0	0.000000E+0	0.000000E+0	75.000000E+0	17.146622E+0	122.171147E+3
65.800000E+0	0.000000E+0	0.000000E+0	75.000000E+0	16.998351E+0	122.195644E+3
65.900000E+0	0.000000E+0	0.000000E+0	75.000000E+0	15.540995E+0	122.220211E+3
66.000000E+0	0.000000E+0	0.000000E+0	75.000000E+0	15.267265E+0	122.244722E+3
66.100000E+0	0.000000E+0	0.000000E+0	75.000000E+0	16.695475E+0	122.269064E+3
66.200000E+0	0.000000E+0	0.000000E+0	75.000000E+0	17.280952E+0	122.293659E+3
66.300000E+0	0.000000E+0	0.000000E+0	75.000000E+0	17.520465E+0	122.318016E+3
66.400000E+0	0.000000E+0	0.000000E+0	75.000000E+0	16.790520E+0	122.342667E+3
66.500000E+0	0.000000E+0	0.000000E+0	75.000000E+0	15.068304E+0	122.366995E+3
66.600000E+0	0.000000E+0	0.000000E+0	75.000000E+0	17.490051E+0	122.391689E+3
66.700000E+0	0.000000E+0	0.000000E+0	75.000000E+0	17.117475E+0	122.416186E+3
66.800000E+0	0.000000E+0	0.000000E+0	75.000000E+0	16.629577E+0	122.440711E+3
66.900000E+0	0.000000E+0	0.000000E+0	75.000000E+0	15.649980E+0	122.464955E+3
67.000000E+0	0.000000E+0	0.000000E+0	75.000000E+0	15.485235E+0	122.489550E+3
67.100000E+0	0.000000E+0	0.000000E+0	75.000000E+0	17.150423E+0	122.514103E+3
67.200000E+0	0.000000E+0	0.000000E+0	75.000000E+0	17.316435E+0	122.538741E+3
67.300000E+0	0.000000E+0	0.000000E+0	75.000000E+0	17.166898E+0	122.563111E+3
67.400000E+0	0.000000E+0	0.000000E+0	75.000000E+0	15.784310E+0	122.587650E+3
67.500000E+0	0.000000E+0	0.000000E+0	75.000000E+0	16.973006E+0	122.612203E+3
67.600000E+0	0.000000E+0	0.000000E+0	75.000000E+0	17.611709E+0	122.636742E+3
67.700000E+0	0.000000E+0	0.000000E+0	75.000000E+0	16.587757E+0	122.661464E+3
67.800000E+0	0.000000E+0	0.000000E+0	75.000000E+0	15.220376E+0	122.685961E+3
67.900000E+0	0.000000E+0	0.000000E+0	75.000000E+0	16.283613E+0	122.710613E+3
68.000000E+0	0.000000E+0	0.000000E+0	75.000000E+0	17.469775E+0	122.735067E+3
68.100000E+0	0.000000E+0	0.000000E+0	75.000000E+0	17.634519E+0	122.759705E+3
68.200000E+0	0.000000E+0	0.000000E+0	75.000000E+0	15.851475E+0	122.784342E+3
68.300000E+0	0.000000E+0	0.000000E+0	75.000000E+0	17.113673E+0	122.808994E+3
68.400000E+0	0.000000E+0	0.000000E+0	75.000000E+0	17.180838E+0	122.833350E+3
68.500000E+0	0.000000E+0	0.000000E+0	75.000000E+0	17.209985E+0	122.857945E+3
68.600000E+0	0.000000E+0	0.000000E+0	75.000000E+0	15.238118E+0	122.882709E+3
68.700000E+0	0.000000E+0	0.000000E+0	75.000000E+0	15.393992E+0	122.907108E+3
68.800000E+0	0.000000E+0	0.000000E+0	75.000000E+0	17.286021E+0	122.931731E+3
68.900000E+0	0.000000E+0	0.000000E+0	75.000000E+0	17.407679E+0	122.956270E+3
69.000000E+0	0.000000E+0	0.000000E+0	75.000000E+0	16.368520E+0	122.981217E+3
69.100000E+0	0.000000E+0	0.000000E+0	75.000000E+0	16.459763E+0	123.005756E+3
69.200000E+0	0.000000E+0	0.000000E+0	75.000000E+0	17.607907E+0	123.030309E+3
69.300000E+0	0.000000E+0	0.000000E+0	75.000000E+0	17.083258E+0	123.054933E+3
69.400000E+0	0.000000E+0	0.000000E+0	75.000000E+0	15.794448E+0	123.079317E+3
69.500000E+0	0.000000E+0	0.000000E+0	75.000000E+0	15.630971E+0	123.103983E+3
69.600000E+0	0.000000E+0	0.000000E+0	75.000000E+0	17.239132E+0	123.128691E+3
69.700000E+0	0.000000E+0	0.000000E+0	75.000000E+0	17.753642E+0	123.153117E+3
69.800000E+0	0.000000E+0	0.000000E+0	75.000000E+0	16.346976E+0	123.177937E+3
69.900000E+0	0.000000E+0	0.000000E+0	75.000000E+0	16.239259E+0	123.202364E+3
70.000000E+0	0.000000E+0	0.000000E+0	75.000000E+0	17.588898E+0	123.226903E+3
70.100000E+0	0.000000E+0	0.000000E+0	75.000000E+0	16.913445E+0	123.251597E+3
70.200000E+0	0.000000E+0	0.000000E+0	75.000000E+0	15.386388E+0	123.276333E+3
70.300000E+0	0.000000E+0	0.000000E+0	75.000000E+0	16.514256E+0	123.301252E+3
70.400000E+0	0.000000E+0	0.000000E+0	75.000000E+0	17.486249E+0	123.325495E+3
70.500000E+0	0.000000E+0	0.000000E+0	75.000000E+0	17.590165E+0	123.350175E+3
70.600000E+0	0.000000E+0	0.000000E+0	75.000000E+0	16.458496E+0	123.374559E+3
70.700000E+0	0.000000E+0	0.000000E+0	75.000000E+0	16.467367E+0	123.399141E+3
70.800000E+0	0.000000E+0	0.000000E+0	75.000000E+0	17.251805E+0	123.424003E+3
70.900000E+0	0.000000E+0	0.000000E+0	75.000000E+0	17.199847E+0	123.448359E+3
71.000000E+0	0.000000E+0	0.000000E+0	75.000000E+0	15.404130E+0	123.473067E+3
71.100000E+0	0.000000E+0	0.000000E+0	75.000000E+0	15.462424E+0	123.497536E+3
71.200000E+0	0.000000E+0	0.000000E+0	75.000000E+0	17.528069E+0	123.522370E+3
71.300000E+0	0.000000E+0	0.000000E+0	75.000000E+0	17.370928E+0	123.546727E+3
71.400000E+0	0.000000E+0	0.000000E+0	75.000000E+0	16.936255E+0	123.571266E+3
71.500000E+0	0.000000E+0	0.000000E+0	75.000000E+0	16.504118E+0	123.596170E+3
71.600000E+0	0.000000E+0	0.000000E+0	75.000000E+0	17.476111E+0	123.620611E+3
71.700000E+0	0.000000E+0	0.000000E+0	75.000000E+0	17.411480E+0	123.645038E+3
71.800000E+0	0.000000E+0	0.000000E+0	75.000000E+0	15.978202E+0	123.669661E+3
71.900000E+0	0.000000E+0	0.000000E+0	75.000000E+0	15.430743E+0	123.694327E+3
72.000000E+0	0.000000E+0	0.000000E+0	75.000000E+0	16.872892E+0	123.718823E+3
72.100000E+0	0.000000E+0	0.000000E+0	75.000000E+0	17.785324E+0	123.743447E+3
72.200000E+0	0.000000E+0	0.000000E+0	75.000000E+0	16.419211E+0	123.768309E+3
72.300000E+0	0.000000E+0	0.000000E+0	75.000000E+0	16.587757E+0	123.792891E+3
72.400000E+0	0.000000E+0	0.000000E+0	75.000000E+0	17.524267E+0	123.817233E+3
72.500000E+0	0.000000E+0	0.000000E+0	75.000000E+0	17.117475E+0	123.841856E+3
72.600000E+0	0.000000E+0	0.000000E+0	75.000000E+0	15.390190E+0	123.866733E+3
72.700000E+0	0.000000E+0	0.000000E+0	75.000000E+0	15.233049E+0	123.891075E+3
72.800000E+0	0.000000E+0	0.000000E+0	75.000000E+0	17.163096E+0	123.915684E+3
72.900000E+0	0.000000E+0	0.000000E+0	75.000000E+0	17.681408E+0	123.940603E+3
73.000000E+0	0.000000E+0	0.000000E+0	75.000000E+0	15.985805E+0	123.965100E+3
73.100000E+0	0.000000E+0	0.000000E+0	75.000000E+0	15.907235E+0	123.989428E+3
73.200000E+0	0.000000E+0	0.000000E+0	75.000000E+0	17.177036E+0	124.014220E+3
73.300000E+0	0.000000E+0	0.000000E+0	75.000000E+0	17.375997E+0	124.038605E+3
73.400000E+0	0.000000E+0	0.000000E+0	75.000000E+0	16.562412E+0	124.063116E+3
73.500000E+0	0.000000E+0	0.000000E+0	75.000000E+0	14.832593E+0	124.087852E+3
73.600000E+0	0.000000E+0	0.000000E+0	75.000000E+0	16.862754E+0	124.112306E+3
73.700000E+0	0.000000E+0	0.000000E+0	75.000000E+0	17.344315E+0	124.136873E+3
73.800000E+0	0.000000E+0	0.000000E+0	75.000000E+0	17.050309E+0	124.161623E+3
73.900000E+0	0.000000E+0	0.000000E+0	75.000000E+0	15.639842E+0	124.186092E+3
74.000000E+0	0.000000E+0	0.000000E+0	75.000000E+0	17.012291E+0	124.210617E+3
74.100000E+0	0.000000E+0	0.000000E+0	75.000000E+0	17.558483E+0	124.235269E+3
74.200000E+0	0.000000E+0	0.000000E+0	75.000000E+0	16.521859E+0	124.259892E+3
74.300000E+0	0.000000E+0	0.000000E+0	75.000000E+0	14.879482E+0	124.284656E+3
74.400000E+0	0.000000E+0	0.000000E+0	75.000000E+0	16.236724E+0	124.308970E+3
74.500000E+0	0.000000E+0	0.000000E+0	75.000000E+0	17.654796E+0	124.333580E+3
74.600000E+0	0.000000E+0	0.000000E+0	75.000000E+0	17.244201E+0	124.358386E+3
74.700000E+0	0.000000E+0	0.000000E+0	75.000000E+0	15.168418E+0	124.382939E+3
74.800000E+0	0.000000E+0	0.000000E+0	75.000000E+0	17.093396E+0	124.407338E+3
74.900000E+0	0.000000E+0	0.000000E+0	75.000000E+0	17.204916E+0	124.432200E+3
75.000000E+0	0.000000E+0	0.000000E+0	75.000000E+0	16.486376E+0	124.456809E+3
75.100000E+0	0.000000E+0	0.000000E+0	75.000000E+0	14.824989E+0	124.481180E+3
75.200000E+0	0.000000E+0	0.000000E+0	75.000000E+0	16.896970E+0	124.505972E+3
75.300000E+0	0.000000E+0	0.000000E+0	75.000000E+0	17.656063E+0	124.530539E+3
75.400000E+0	0.000000E+0	0.000000E+0	75.000000E+0	17.203649E+0	124.555008E+3
75.500000E+0	0.000000E+0	0.000000E+0	75.000000E+0	15.831199E+0	124.579730E+3
75.600000E+0	0.000000E+0	0.000000E+0	75.000000E+0	17.038904E+0	124.604480E+3
75.700000E+0	0.000000E+0	0.000000E+0	75.000000E+0	17.520465E+0	124.628850E+3
75.800000E+0	0.000000E+0	0.000000E+0	75.000000E+0	16.300088E+0	124.653628E+3
75.900000E+0	0.000000E+0	0.000000E+0	75.000000E+0	14.409326E+0	124.678083E+3
76.000000E+0	0.000000E+0	0.000000E+0	75.000000E+0	17.151691E+0	124.702875E+3
76.100000E+0	0.000000E+0	0.000000E+0	75.000000E+0	17.362057E+0	124.727245E+3
76.200000E+0	0.000000E+0	0.000000E+0	75.000000E+0	17.315168E+0	124.751869E+3
76.300000E+0	0.000000E+0	0.000000E+0	75.000000E+0	15.842604E+0	124.776717E+3
76.400000E+0	0.000000E+0	0.000000E+0	75.000000E+0	17.457102E+0	124.801270E+3
76.500000E+0	0.000000E+0	0.000000E+0	75.000000E+0	17.593967E+0	124.825641E+3
76.600000E+0	0.000000E+0	0.000000E+0	75.000000E+0	15.998478E+0	124.850475E+3
76.700000E+0	0.000000E+0	0.000000E+0	75.000000E+0	14.913698E+0	124.875042E+3
76.800000E+0	0.000000E+0	0.000000E+0	75.000000E+0	16.358382E+0	124.899539E+3
76.900000E+0	0.000000E+0	0.000000E+0	75.000000E+0	17.828411E+0	124.924247E+3
77.000000E+0	0.000000E+0	0.000000E+0	75.000000E+0	17.405144E+0	124.948687E+3
77.100000E+0	0.000000E+0	0.000000E+0	75.000000E+0	15.544797E+0	124.973452E+3
77.200000E+0	0.000000E+0	0.000000E+0	75.000000E+0	17.542009E+0	124.998033E+3
77.300000E+0	0.000000E+0	0.000000E+0	75.000000E+0	17.235330E+0	125.022544E+3
77.400000E+0	0.000000E+0	0.000000E+0	75.000000E+0	16.611835E+0	125.047139E+3
77.500000E+0	0.000000E+0	0.000000E+0	75.000000E+0	15.148142E+0	125.071875E+3
77.600000E+0	0.000000E+0	0.000000E+0	75.000000E+0	17.261943E+0	125.096527E+3
77.700000E+0	0.000000E+0	0.000000E+0	75.000000E+0	17.683943E+0	125.120981E+3
77.800000E+0	0.000000E+0	0.000000E+0	75.000000E+0	16.509187E+0	125.145745E+3
77.900000E+0	0.000000E+0	0.000000E+0	75.000000E+0	16.327967E+0	125.170341E+3
78.000000E+0	0.000000E+0	0.000000E+0	75.000000E+0	17.040171E+0	125.194823E+3
78.100000E+0	0.000000E+0	0.000000E+0	75.000000E+0	17.118742E+0	125.219798E+3
78.200000E+0	0.000000E+0	0.000000E+0	75.000000E+0	15.554935E+0	125.244239E+3
78.300000E+0	0.000000E+0	0.000000E+0	75.000000E+0	16.051703E+0	125.268877E+3
78.400000E+0	0.000000E+0	0.000000E+0	75.000000E+0	17.464706E+0	125.293528E+3
78.500000E+0	0.000000E+0	0.000000E+0	75.000000E+0	17.318970E+0	125.318095E+3
78.600000E+0	0.000000E+0	0.000000E+0	75.000000E+0	16.812063E+0	125.342536E+3
78.700000E+0	0.000000E+0	0.000000E+0	75.000000E+0	16.591559E+0	125.367398E+3
78.800000E+0	0.000000E+0	0.000000E+0	75.000000E+0	17.606639E+0	125.391895E+3
78.900000E+0	0.000000E+0	0.000000E+0	75.000000E+0	17.225192E+0	125.416392E+3
79.000000E+0	0.000000E+0	0.000000E+0	75.000000E+0	15.596755E+0	125.441016E+3
79.100000E+0	0.000000E+0	0.000000E+0	75.000000E+0	15.765301E+0	125.465625E+3
79.200000E+0	0.000000E+0	0.000000E+0	75.000000E+0	17.197312E+0	125.490262E+3
79.300000E+0	0.000000E+0	0.000000E+0	75.000000E+0	17.517931E+0	125.514914E+3
79.400000E+0	0.000000E+0	0.000000E+0	75.000000E+0	16.798123E+0	125.539523E+3
79.500000E+0	0.000000E+0	0.000000E+0	75.000000E+0	16.329235E+0	125.563964E+3
79.600000E+0	0.000000E+0	0.000000E+0	75.000000E+0	17.599036E+0	125.588559E+3
79.700000E+0	0.000000E+0	0.000000E+0	75.000000E+0	16.817132E+0	125.613267E+3
79.800000E+0	0.000000E+0	0.000000E+0	75.000000E+0	15.429475E+0	125.637905E+3
79.900000E+0	0.000000E+0	0.000000E+0	75.000000E+0	15.826130E+0	125.662430E+3
80.000000E+0	0.000000E+0	0.000000E+0	75.000000E+0	17.782790E+0	125.687278E+3
80.100000E+0	0.000000E+0	0.000000E+0	75.000000E+0	17.588898E+0	125.711761E+3
80.200000E+0	0.000000E+0	0.000000E+0	75.000000E+0	15.775439E+0	125.736342E+3
80.300000E+0	0.000000E+0	0.000000E+0	75.000000E+0	17.465973E+0	125.761191E+3
80.400000E+0	0.000000E+0	0.000000E+0	75.000000E+0	17.180838E+0	125.785814E+3
80.500000E+0	0.000000E+0	0.000000E+0	75.000000E+0	16.817132E+0	125.810255E+3
80.600000E+0	0.000000E+0	0.000000E+0	75.000000E+0	15.049295E+0	125.835047E+3
80.700000E+0	0.000000E+0	0.000000E+0	75.000000E+0	17.083258E+0	125.859797E+3
80.800000E+0	0.000000E+0	0.000000E+0	75.000000E+0	17.690279E+0	125.884167E+3
80.900000E+0	0.000000E+0	0.000000E+0	75.000000E+0	16.568748E+0	125.908917E+3
81.000000E+0	0.000000E+0	0.000000E+0	75.000000E+0	15.481433E+0	125.933344E+3
81.100000E+0	0.000000E+0	0.000000E+0	75.000000E+0	17.213787E+0	125.958220E+3
81.200000E+0	0.000000E+0	0.000000E+0	75.000000E+0	17.188441E+0	125.982844E+3
81.300000E+0	0.000000E+0	0.000000E+0	75.000000E+0	16.096058E+0	126.007270E+3
81.400000E+0	0.000000E+0	0.000000E+0	75.000000E+0	15.225445E+0	126.031880E+3
81.500000E+0	0.000000E+0	0.000000E+0	75.000000E+0	17.502724E+0	126.056742E+3
81.600000E+0	0.000000E+0	0.000000E+0	75.000000E+0	17.387402E+0	126.081098E+3
81.700000E+0	0.000000E+0	0.000000E+0	75.000000E+0	16.758838E+0	126.105750E+3
81.800000E+0	0.000000E+0	0.000000E+0	75.000000E+0	16.582688E+0	126.130598E+3
81.900000E+0	0.000000E+0	0.000000E+0	75.000000E+0	17.600303E+0	126.155180E+3
82.000000E+0	0.000000E+0	0.000000E+0	75.000000E+0	16.978075E+0	126.179916E+3
82.100000E+0	0.000000E+0	0.000000E+0	75.000000E+0	14.887085E+0	126.204384E+3
82.200000E+0	0.000000E+0	0.000000E+0	75.000000E+0	16.085919E+0	126.228881E+3
82.300000E+0	0.000000E+0	0.000000E+0	75.000000E+0	17.299961E+0	126.253505E+3
82.400000E+0	0.000000E+0	0.000000E+0	75.000000E+0	17.374730E+0	126.278283E+3
82.500000E+0	0.000000E+0	0.000000E+0	75.000000E+0	15.572676E+0	126.302948E+3
82.600000E+0	0.000000E+0	0.000000E+0	75.000000E+0	17.009757E+0	126.327389E+3
82.700000E+0	0.000000E+0	0.000000E+0	75.000000E+0	17.612976E+0	126.351956E+3
82.800000E+0	0.000000E+0	0.000000E+0	75.000000E+0	16.554808E+0	126.376622E+3
82.900000E+0	0.000000E+0	0.000000E+0	75.000000E+0	14.778100E+0	126.401259E+3
83.000000E+0	0.000000E+0	0.000000E+0	75.000000E+0	16.813331E+0	126.426023E+3
83.100000E+0	0.000000E+0	0.000000E+0	75.000000E+0	17.725763E+0	126.450436E+3
83.200000E+0	0.000000E+0	0.000000E+0	75.000000E+0	16.995817E+0	126.475298E+3
83.300000E+0	0.000000E+0	0.000000E+0	75.000000E+0	15.658851E+0	126.500020E+3
83.400000E+0	0.000000E+0	0.000000E+0	75.000000E+0	17.258141E+0	126.524236E+3
83.500000E+0	0.000000E+0	0.000000E+0	75.000000E+0	17.120009E+0	126.549056E+3
83.600000E+0	0.000000E+0	0.000000E+0	75.000000E+0	16.722087E+0	126.573469E+3
83.700000E+0	0.000000E+0	0.000000E+0	75.000000E+0	14.575338E+0	126.598163E+3
83.800000E+0	0.000000E+0	0.000000E+0	75.000000E+0	16.543403E+0	126.622617E+3
83.900000E+0	0.000000E+0	0.000000E+0	75.000000E+0	17.657330E+0	126.647395E+3
84.000000E+0	0.000000E+0	0.000000E+0	75.000000E+0	17.208718E+0	126.671766E+3
84.100000E+0	0.000000E+0	0.000000E+0	75.000000E+0	16.078316E+0	126.696333E+3
84.200000E+0	0.000000E+0	0.000000E+0	75.000000E+0	16.839943E+0	126.721153E+3
84.300000E+0	0.000000E+0	0.000000E+0	75.000000E+0	17.402610E+0	126.745791E+3
84.400000E+0	0.000000E+0	0.000000E+0	75.000000E+0	17.136484E+0	126.770048E+3
84.500000E+0	0.000000E+0	0.000000E+0	75.000000E+0	14.809782E+0	126.794784E+3
84.600000E+0	0.000000E+0	0.000000E+0	75.000000E+0	15.974400E+0	126.819380E+3
84.700000E+0	0.000000E+0	0.000000E+0	75.000000E+0	17.131414E+0	126.843778E+3
84.800000E+0	0.000000E+0	0.000000E+0	75.000000E+0	17.539474E+0	126.868444E+3
84.900000E+0	0.000000E+0	0.000000E+0	75.000000E+0	16.293751E+0	126.893152E+3
85.000000E+0	0.000000E+0	0.000000E+0	75.000000E+0	15.987073E+0	126.917522E+3
85.100000E+0	0.000000E+0	0.000000E+0	75.000000E+0	17.596501E+0	126.942244E+3
85.200000E+0	0.000000E+0	0.000000E+0	75.000000E+0	17.102267E+0	126.966642E+3
85.300000E+0	0.000000E+0	0.000000E+0	75.000000E+0	16.120136E+0	126.991294E+3
85.400000E+0	0.000000E+0	0.000000E+0	75.000000E+0	15.414268E+0	127.015945E+3
85.500000E+0	0.000000E+0	0.000000E+0	75.000000E+0	17.209985E+0	127.040527E+3
85.600000E+0	0.000000E+0	0.000000E+0	75.000000E+0	17.649727E+0	127.064939E+3
85.700000E+0	0.000000E+0	0.000000E+0	75.000000E+0	16.354580E+0	127.089773E+3
85.800000E+0	0.000000E+0	0.000000E+0	75.000000E+0	15.423139E+0	127.114116E+3
85.900000E+0	0.000000E+0	0.000000E+0	75.000000E+0	16.884297E+0	127.138823E+3
86.000000E+0	0.000000E+0	0.000000E+0	75.000000E+0	17.246736E+0	127.163573E+3
86.100000E+0	0.000000E+0	0.000000E+0	75.000000E+0	16.762640E+0	127.187831E+3
86.200000E+0	0.000000E+0	0.000000E+0	75.000000E+0	14.439740E+0	127.212469E+3
86.300000E+0	0.000000E+0	0.000000E+0	75.000000E+0	16.936255E+0	127.237148E+3
86.400000E+0	0.000000E+0	0.000000E+0	75.000000E+0	17.336712E+0	127.261603E+3
86.500000E+0	0.000000E+0	0.000000E+0	75.000000E+0	17.032568E+0	127.286452E+3
86.600000E+0	0.000000E+0	0.000000E+0	75.000000E+0	15.475097E+0	127.310934E+3
86.700000E+0	0.000000E+0	0.000000E+0	75.000000E+0	17.425420E+0	127.335670E+3
86.800000E+0	0.000000E+0	0.000000E+0	75.000000E+0	17.540742E+0	127.360069E+3
86.900000E+0	0.000000E+0	0.000000E+0	75.000000E+0	16.246862E+0	127.384777E+3
87.000000E+0	0.000000E+0	0.000000E+0	75.000000E+0	14.939043E+0	127.409217E+3
87.100000E+0	0.000000E+0	0.000000E+0	75.000000E+0	16.311493E+0	127.433798E+3
87.200000E+0	0.000000E+0	0.000000E+0	75.000000E+0	17.780255E+0	127.458689E+3
87.300000E+0	0.000000E+0	0.000000E+0	75.000000E+0	17.536940E+0	127.483003E+3
87.400000E+0	0.000000E+0	0.000000E+0	75.000000E+0	15.094917E+0	127.507823E+3
87.500000E+0	0.000000E+0	0.000000E+0	75.000000E+0	17.282219E+0	127.532278E+3
87.600000E+0	0.000000E+0	0.000000E+0	75.000000E+0	17.189709E+0	127.556930E+3
87.700000E+0	0.000000E+0	0.000000E+0	75.000000E+0	17.024964E+0	127.581286E+3
87.800000E+0	0.000000E+0	0.000000E+0	75.000000E+0	15.334430E+0	127.605853E+3
87.900000E+0	0.000000E+0	0.000000E+0	75.000000E+0	16.417943E+0	127.630617E+3
88.000000E+0	0.000000E+0	0.000000E+0	75.000000E+0	17.530603E+0	127.655198E+3
88.100000E+0	0.000000E+0	0.000000E+0	75.000000E+0	17.301228E+0	127.679695E+3
88.200000E+0	0.000000E+0	0.000000E+0	75.000000E+0	16.325433E+0	127.704277E+3
88.300000E+0	0.000000E+0	0.000000E+0	75.000000E+0	16.467367E+0	127.728956E+3
88.400000E+0	0.000000E+0	0.000000E+0	75.000000E+0	17.439360E+0	127.753256E+3
88.500000E+0	0.000000E+0	0.000000E+0	75.000000E+0	17.474844E+0	127.777852E+3
88.600000E+0	0.000000E+0	0.000000E+0	75.000000E+0	16.264604E+0	127.802334E+3
88.700000E+0	0.000000E+0	0.000000E+0	75.000000E+0	15.353439E+0	127.827141E+3
88.800000E+0	0.000000E+0	0.000000E+0	75.000000E+0	16.335571E+0	127.851427E+3
88.900000E+0	0.000000E+0	0.000000E+0	75.000000E+0	17.762513E+0	127.876177E+3
89.000000E+0	0.000000E+0	0.000000E+0	75.000000E+0	17.166898E+0	127.900814E+3
89.100000E+0	0.000000E+0	0.000000E+0	75.000000E+0	15.657583E+0	127.925170E+3
89.200000E+0	0.000000E+0	0.000000E+0	75.000000E+0	16.917246E+0	127.949695E+3
89.300000E+0	0.000000E+0	0.000000E+0	75.000000E+0	17.201114E+0	127.974291E+3
89.400000E+0	0.000000E+0	0.000000E+0	75.000000E+0	16.913445E+0	127.998998E+3
89.500000E+0	0.000000E+0	0.000000E+0	75.000000E+0	15.211505E+0	128.023509E+3
89.600000E+0	0.000000E+0	0.000000E+0	75.000000E+0	16.159421E+0	128.048119E+3
89.700000E+0	0.000000E+0	0.000000E+0	75.000000E+0	17.417817E+0	128.072700E+3
89.800000E+0	0.000000E+0	0.000000E+0	75.000000E+0	17.382333E+0	128.097253E+3
89.900000E+0	0.000000E+0	0.000000E+0	75.000000E+0	16.480039E+0	128.121848E+3
90.000000E+0	0.000000E+0	0.000000E+0	75.000000E+0	15.698136E+0	128.146261E+3
90.100000E+0	0.000000E+0	0.000000E+0	75.000000E+0	17.448231E+0	128.170856E+3
90.200000E+0	0.000000E+0	0.000000E+0	75.000000E+0	17.483715E+0	128.195381E+3
90.300000E+0	0.000000E+0	0.000000E+0	75.000000E+0	15.310352E+0	128.220286E+3
90.400000E+0	0.000000E+0	0.000000E+0	75.000000E+0	14.909896E+0	128.244628E+3
90.500000E+0	0.000000E+0	0.000000E+0	75.000000E+0	17.123811E+0	128.269392E+3
90.600000E+0	0.000000E+0	0.000000E+0	75.000000E+0	17.814471E+0	128.293777E+3
90.700000E+0	0.000000E+0	0.000000E+0	75.000000E+0	17.081991E+0	128.318442E+3
90.800000E+0	0.000000E+0	0.000000E+0	75.000000E+0	16.315295E+0	128.343206E+3
90.900000E+0	0.000000E+0	0.000000E+0	75.000000E+0	17.479913E+0	128.367633E+3
91.000000E+0	0.000000E+0	0.000000E+0	75.000000E+0	17.139018E+0	128.392256E+3
91.100000E+0	0.000000E+0	0.000000E+0	75.000000E+0	16.139145E+0	128.416978E+3
91.200000E+0	0.000000E+0	0.000000E+0	75.000000E+0	15.781775E+0	128.441644E+3
91.300000E+0	0.000000E+0	0.000000E+0	75.000000E+0	17.198580E+0	128.466084E+3
91.400000E+0	0.000000E+0	0.000000E+0	75.000000E+0	17.609174E+0	128.490961E+3
91.500000E+0	0.000000E+0	0.000000E+0	75.000000E+0	16.439487E+0	128.515331E+3
91.600000E+0	0.000000E+0	0.000000E+0	75.000000E+0	16.523127E+0	128.539955E+3
91.700000E+0	0.000000E+0	0.000000E+0	75.000000E+0	17.258141E+0	128.564845E+3
91.800000E+0	0.000000E+0	0.000000E+0	75.000000E+0	17.069318E+0	128.589272E+3
91.900000E+0	0.000000E+0	0.000000E+0	75.000000E+0	14.676719E+0	128.614050E+3
92.000000E+0	0.000000E+0	0.000000E+0	75.000000E+0	16.258268E+0	128.638519E+3
92.100000E+0	0.000000E+0	0.000000E+0	75.000000E+0	17.675072E+0	128.663367E+3
92.200000E+0	0.000000E+0	0.000000E+0	75.000000E+0	16.971739E+0	128.687934E+3
92.300000E+0	0.000000E+0	0.000000E+0	75.000000E+0	15.553667E+0	128.712586E+3
92.400000E+0	0.000000E+0	0.000000E+0	75.000000E+0	16.941324E+0	128.737350E+3
92.500000E+0	0.000000E+0	0.000000E+0	75.000000E+0	17.536940E+0	128.761636E+3
92.600000E+0	0.000000E+0	0.000000E+0	75.000000E+0	16.833607E+0	128.786217E+3
92.700000E+0	0.000000E+0	0.000000E+0	75.000000E+0	14.571536E+0	128.810841E+3
92.800000E+0	0.000000E+0	0.000000E+0	75.000000E+0	16.760105E+0	128.835478E+3
92.900000E+0	0.000000E+0	0.000000E+0	75.000000E+0	17.344315E+0	128.860045E+3
93.000000E+0	0.000000E+0	0.000000E+0	75.000000E+0	17.386135E+0	128.884627E+3
93.100000E+0	0.000000E+0	0.000000E+0	75.000000E+0	15.684196E+0	128.909292E+3
93.200000E+0	0.000000E+0	0.000000E+0	75.000000E+0	17.038904E+0	128.933845E+3
93.300000E+0	0.000000E+0	0.000000E+0	75.000000E+0	17.629450E+0	128.958427E+3
93.400000E+0	0.000000E+0	0.000000E+0	75.000000E+0	16.516790E+0	128.983036E+3
93.500000E+0	0.000000E+0	0.000000E+0	75.000000E+0	14.847800E+0	129.007659E+3
93.600000E+0	0.000000E+0	0.000000E+0	75.000000E+0	16.428082E+0	129.032241E+3
93.700000E+0	0.000000E+0	0.000000E+0	75.000000E+0	17.784057E+0	129.056977E+3
93.800000E+0	0.000000E+0	0.000000E+0	75.000000E+0	16.985679E+0	129.081727E+3
93.900000E+0	0.000000E+0	0.000000E+0	75.000000E+0	15.214040E+0	129.106111E+3
94.000000E+0	0.000000E+0	0.000000E+0	75.000000E+0	17.597769E+0	129.130931E+3
94.100000E+0	0.000000E+0	0.000000E+0	75.000000E+0	16.945126E+0	129.155639E+3
94.200000E+0	0.000000E+0	0.000000E+0	75.000000E+0	16.165757E+0	129.180094E+3
94.300000E+0	0.000000E+0	0.000000E+0	75.000000E+0	16.036496E+0	129.204928E+3
94.400000E+0	0.000000E+0	0.000000E+0	75.000000E+0	17.725763E+0	129.229594E+3
94.500000E+0	0.000000E+0	0.000000E+0	75.000000E+0	17.681408E+0	129.254105E+3
94.600000E+0	0.000000E+0	0.000000E+0	75.000000E+0	15.836268E+0	129.278742E+3
94.700000E+0	0.000000E+0	0.000000E+0	75.000000E+0	17.164363E+0	129.303338E+3
94.800000E+0	0.000000E+0	0.000000E+0	75.000000E+0	17.177036E+0	129.328256E+3
94.900000E+0	0.000000E+0	0.000000E+0	75.000000E+0	16.092256E+0	129.352922E+3
95.000000E+0	0.000000E+0	0.000000E+0	75.000000E+0	15.490304E+0	129.377700E+3
95.100000E+0	0.000000E+0	0.000000E+0	75.000000E+0	17.515396E+0	129.402239E+3
95.200000E+0	0.000000E+0	0.000000E+0	75.000000E+0	17.778988E+0	129.426764E+3
95.300000E+0	0.000000E+0	0.000000E+0	75.000000E+0	16.243061E+0	129.451430E+3
95.400000E+0	0.000000E+0	0.000000E+0	75.000000E+0	16.872892E+0	129.476039E+3
95.500000E+0	0.000000E+0	0.000000E+0	75.000000E+0	17.293625E+0	129.500817E+3
95.600000E+0	0.000000E+0	0.000000E+0	75.000000E+0	16.395133E+0	129.525652E+3
95.700000E+0	0.000000E+0	0.000000E+0	75.000000E+0	15.276136E+0	129.550303E+3
95.800000E+0	0.000000E+0	0.000000E+0	75.000000E+0	17.450766E+0	129.575011E+3
95.900000E+0	0.000000E+0	0.000000E+0	75.000000E+0	17.681408E+0	129.599747E+3
96.000000E+0	0.000000E+0	0.000000E+0	75.000000E+0	16.368520E+0	129.624173E+3
96.100000E+0	0.000000E+0	0.000000E+0	75.000000E+0	16.889367E+0	129.648853E+3
96.200000E+0	0.000000E+0	0.000000E+0	75.000000E+0	17.248003E+0	129.673744E+3
96.300000E+0	0.000000E+0	0.000000E+0	75.000000E+0	16.434418E+0	129.698578E+3
96.400000E+0	0.000000E+0	0.000000E+0	75.000000E+0	14.754022E+0	129.722991E+3
96.500000E+0	0.000000E+0	0.000000E+0	75.000000E+0	16.215181E+0	129.747305E+3
96.600000E+0	0.000000E+0	0.000000E+0	75.000000E+0	17.643390E+0	129.772111E+3
96.700000E+0	0.000000E+0	0.000000E+0	75.000000E+0	17.275883E+0	129.796552E+3
96.800000E+0	0.000000E+0	0.000000E+0	75.000000E+0	15.845139E+0	129.821217E+3
96.900000E+0	0.000000E+0	0.000000E+0	75.000000E+0	16.934988E+0	129.846009E+3
97.000000E+0	0.000000E+0	0.000000E+0	75.000000E+0	17.397540E+0	129.870633E+3
97.100000E+0	0.000000E+0	0.000000E+0	75.000000E+0	16.268406E+0	129.895256E+3
97.200000E+0	0.000000E+0	0.000000E+0	75.000000E+0	14.462551E+0	129.919669E+3
97.300000E+0	0.000000E+0	0.000000E+0	75.000000E+0	16.866556E+0	129.944320E+3
97.400000E+0	0.000000E+0	0.000000E+0	75.000000E+0	17.332910E+0	129.968887E+3
97.500000E+0	0.000000E+0	0.000000E+0	75.000000E+0	17.041439E+0	129.993652E+3
97.600000E+0	0.000000E+0	0.000000E+0	75.000000E+0	15.535926E+0	130.018261E+3
97.700000E+0	0.000000E+0	0.000000E+0	75.000000E+0	17.194778E+0	130.042702E+3
97.800000E+0	0.000000E+0	0.000000E+0	75.000000E+0	17.567354E+0	130.067269E+3
97.900000E+0	0.000000E+0	0.000000E+0	75.000000E+0	16.429349E+0	130.091878E+3
98.000000E+0	0.000000E+0	0.000000E+0	75.000000E+0	15.046761E+0	130.116670E+3
98.100000E+0	0.000000E+0	0.000000E+0	75.000000E+0	16.378658E+0	130.141041E+3
98.200000E+0	0.000000E+0	0.000000E+0	75.000000E+0	17.808135E+0	130.165805E+3
98.300000E+0	0.000000E+0	0.000000E+0	75.000000E+0	16.733493E+0	130.190625E+3
98.400000E+0	0.000000E+0	0.000000E+0	75.000000E+0	15.598022E+0	130.214798E+3
98.500000E+0	0.000000E+0	0.000000E+0	75.000000E+0	17.275883E+0	130.239436E+3
98.600000E+0	0.000000E+0	0.000000E+0	75.000000E+0	17.156760E+0	130.264242E+3
98.700000E+0	0.000000E+0	0.000000E+0	75.000000E+0	16.842478E+0	130.288613E+3
98.800000E+0	0.000000E+0	0.000000E+0	75.000000E+0	14.665314E+0	130.313222E+3
98.900000E+0	0.000000E+0	0.000000E+0	75.000000E+0	16.910910E+0	130.338113E+3
99.000000E+0	0.000000E+0	0.000000E+0	75.000000E+0	17.573691E+0	130.362427E+3
99.100000E+0	0.000000E+0	0.000000E+0	75.000000E+0	17.056646E+0	130.387092E+3
99.200000E+0	0.000000E+0	0.000000E+0	75.000000E+0	15.752628E+0	130.411617E+3
99.300000E+0	0.000000E+0	0.000000E+0	75.000000E+0	16.714484E+0	130.436269E+3
99.400000E+0	0.000000E+0	0.000000E+0	75.000000E+0	17.539474E+0	130.460836E+3
99.500000E+0	0.000000E+0	0.000000E+0	75.000000E+0	16.884297E+0	130.485389E+3
99.600000E+0	0.000000E+0	0.000000E+0	75.000000E+0	14.645037E+0	130.510238E+3
99.700000E+0	0.000000E+0	0.000000E+0	75.000000E+0	16.828538E+0	130.534692E+3
99.800000E+0	0.000000E+0	0.000000E+0	75.000000E+0	17.415282E+0	130.559456E+3
99.900000E+0	0.000000E+0	0.000000E+0	75.000000E+0	17.292357E+0	130.583883E+3
100.000000E+0	0.000000E+0	0.000000E+0	75.000000E+0	15.970598E+0	130.608745E+3
100.100000E+0	0.000000E+0	0.000000E+0	75.000000E+0	17.506525E+0	130.633327E+3
100.200000E+0	0.000000E+0	0.000000E+0	75.000000E+0	17.386135E+0	130.658062E+3
100.300000E+0	0.000000E+0	0.000000E+0	75.000000E+0	15.757697E+0	130.682531E+3
100.400000E+0	0.000000E+0	0.000000E+0	75.000000E+0	15.765301E+0	130.707211E+3
100.500000E+0	0.000000E+0	0.000000E+0	75.000000E+0	17.047775E+0	130.731722E+3
100.600000E+0	0.000000E+0	0.000000E+0	75.000000E+0	17.498922E+0	130.756528E+3
100.700000E+0	0.000000E+0	0.000000E+0	75.000000E+0	16.553541E+0	130.781053E+3
100.800000E+0	0.000000E+0	0.000000E+0	75.000000E+0	17.062982E+0	130.805845E+3
100.900000E+0	0.000000E+0	0.000000E+0	75.000000E+0	17.634519E+0	130.830272E+3
101.000000E+0	0.000000E+0	0.000000E+0	75.000000E+0	16.691673E+0	130.854952E+3
101.100000E+0	0.000000E+0	0.000000E+0	75.000000E+0	15.380052E+0	130.879941E+3
101.200000E+0	0.000000E+0	0.000000E+0	75.000000E+0	16.509187E+0	130.904269E+3
101.300000E+0	0.000000E+0	0.000000E+0	75.000000E+0	17.759979E+0	130.929173E+3
101.400000E+0	0.000000E+0	0.000000E+0	75.000000E+0	16.461030E+0	130.953923E+3
101.500000E+0	0.000000E+0	0.000000E+0	75.000000E+0	16.078316E+0	130.978434E+3
101.600000E+0	0.000000E+0	0.000000E+0	75.000000E+0	17.639588E+0	131.003044E+3
101.700000E+0	0.000000E+0	0.000000E+0	75.000000E+0	16.937523E+0	131.027611E+3
101.800000E+0	0.000000E+0	0.000000E+0	75.000000E+0	15.442148E+0	131.052305E+3
101.900000E+0	0.000000E+0	0.000000E+0	75.000000E+0	16.587757E+0	131.077111E+3
102.000000E+0	0.000000E+0	0.000000E+0	75.000000E+0	17.872765E+0	131.101833E+3
102.100000E+0	0.000000E+0	0.000000E+0	75.000000E+0	16.876694E+0	131.126583E+3
102.200000E+0	0.000000E+0	0.000000E+0	75.000000E+0	15.092382E+0	131.150953E+3
102.300000E+0	0.000000E+0	0.000000E+0	75.000000E+0	17.657330E+0	131.175872E+3
102.400000E+0	0.000000E+0	0.000000E+0	75.000000E+0	16.736027E+0	131.200552E+3
102.500000E+0	0.000000E+0	0.000000E+0	75.000000E+0	15.713343E+0	131.225034E+3
102.600000E+0	0.000000E+0	0.000000E+0	75.000000E+0	16.035229E+0	131.249700E+3
102.700000E+0	0.000000E+0	0.000000E+0	75.000000E+0	17.782790E+0	131.274408E+3
102.800000E+0	0.000000E+0	0.000000E+0	75.000000E+0	17.439360E+0	131.299228E+3
102.900000E+0	0.000000E+0	0.000000E+0	75.000000E+0	16.515523E+0	131.324034E+3
103.000000E+0	0.000000E+0	0.000000E+0	75.000000E+0	17.644657E+0	131.348461E+3
103.100000E+0	0.000000E+0	0.000000E+0	75.000000E+0	16.476238E+0	131.373506E+3
103.200000E+0	0.000000E+0	0.000000E+0	75.000000E+0	14.788238E+0	131.398116E+3
103.300000E+0	0.000000E+0	0.000000E+0	75.000000E+0	17.083258E+0	131.422908E+3
103.400000E+0	0.000000E+0	0.000000E+0	75.000000E+0	17.904447E+0	131.447377E+3
103.500000E+0	0.000000E+0	0.000000E+0	75.000000E+0	16.289949E+0	131.472366E+3
103.600000E+0	0.000000E+0	0.000000E+0	75.000000E+0	16.453427E+0	131.496792E+3
103.700000E+0	0.000000E+0	0.000000E+0	75.000000E+0	17.678874E+0	131.521514E+3
103.800000E+0	0.000000E+0	0.000000E+0	75.000000E+0	16.585223E+0	131.546236E+3
103.900000E+0	0.000000E+0	0.000000E+0	75.000000E+0	15.747559E+0	131.571211E+3
104.000000E+0	0.000000E+0	0.000000E+0	75.000000E+0	17.230261E+0	131.595820E+3
104.100000E+0	0.000000E+0	0.000000E+0	75.000000E+0	17.517931E+0	131.620697E+3
104.200000E+0	0.000000E+0	0.000000E+0	75.000000E+0	15.755163E+0	131.645306E+3
104.300000E+0	0.000000E+0	0.000000E+0	75.000000E+0	17.529336E+0	131.670070E+3
104.400000E+0	0.000000E+0	0.000000E+0	75.000000E+0	17.469775E+0	131.694736E+3
104.500000E+0	0.000000E+0	0.000000E+0	75.000000E+0	15.879355E+0	131.719289E+3
104.600000E+0	0.000000E+0	0.000000E+0	75.000000E+0	15.918640E+0	131.744039E+3
104.700000E+0	0.000000E+0	0.000000E+0	75.000000E+0	17.379799E+0	131.768691E+3
104.800000E+0	0.000000E+0	0.000000E+0	75.000000E+0	17.406411E+0	131.793441E+3
104.900000E+0	0.000000E+0	0.000000E+0	75.000000E+0	15.473830E+0	131.818205E+3
105.000000E+0	0.000000E+0	0.000000E+0	75.000000E+0	17.580027E+0	131.842898E+3
105.100000E+0	0.000000E+0	0.000000E+0	75.000000E+0	17.322772E+0	131.867606E+3
105.200000E+0	0.000000E+0	0.000000E+0	75.000000E+0	14.969458E+0	131.892356E+3
105.300000E+0	0.000000E+0	0.000000E+0	75.000000E+0	16.978075E+0	131.917120E+3
105.400000E+0	0.000000E+0	0.000000E+0	75.000000E+0	17.473576E+0	131.942123E+3
105.500000E+0	0.000000E+0	0.000000E+0	75.000000E+0	16.395133E+0	131.966705E+3
105.600000E+0	0.000000E+0	0.000000E+0	75.000000E+0	16.758838E+0	131.991455E+3
105.700000E+0	0.000000E+0	0.000000E+0	75.000000E+0	17.507793E+0	132.016191E+3
105.800000E+0	0.000000E+0	0.000000E+0	75.000000E+0	16.226586E+0	132.040870E+3
105.900000E+0	0.000000E+0	0.000000E+0	75.000000E+0	15.164617E+0	132.065466E+3
106.000000E+0	0.000000E+0	0.000000E+0	75.000000E+0	17.652261E+0	132.090398E+3
106.100000E+0	0.000000E+0	0.000000E+0	75.000000E+0	17.274616E+0	132.115022E+3
106.200000E+0	0.000000E+0	0.000000E+0	75.000000E+0	15.865415E+0	132.139828E+3
106.300000E+0	0.000000E+0	0.000000E+0	75.000000E+0	17.306297E+0	132.164677E+3
106.400000E+0	0.000000E+0	0.000000E+0	75.000000E+0	17.320237E+0	132.189159E+3
106.500000E+0	0.000000E+0	0.000000E+0	75.000000E+0	14.551260E+0	132.214092E+3
106.600000E+0	0.000000E+0	0.000000E+0	75.000000E+0	16.673931E+0	132.238645E+3
106.700000E+0	0.000000E+0	0.000000E+0	75.000000E+0	17.611709E+0	132.263522E+3
106.800000E+0	0.000000E+0	0.000000E+0	75.000000E+0	16.348244E+0	132.288216E+3
106.900000E+0	0.000000E+0	0.000000E+0	75.000000E+0	16.913445E+0	132.312853E+3
107.000000E+0	0.000000E+0	0.000000E+0	75.000000E+0	17.283486E+0	132.337814E+3
107.100000E+0	0.000000E+0	0.000000E+0	75.000000E+0	16.376124E+0	132.362452E+3
107.200000E+0	0.000000E+0	0.000000E+0	75.000000E+0	15.938917E+0	132.387272E+3
107.300000E+0	0.000000E+0	0.000000E+0	75.000000E+0	17.871498E+0	132.412064E+3
107.400000E+0	0.000000E+0	0.000000E+0	75.000000E+0	17.332910E+0	132.436800E+3
107.500000E+0	0.000000E+0	0.000000E+0	75.000000E+0	15.187427E+0	132.461339E+3
107.600000E+0	0.000000E+0	0.000000E+0	75.000000E+0	17.654796E+0	132.486230E+3
107.700000E+0	0.000000E+0	0.000000E+0	75.000000E+0	16.985679E+0	132.510797E+3
107.800000E+0	0.000000E+0	0.000000E+0	75.000000E+0	14.669115E+0	132.535744E+3
107.900000E+0	0.000000E+0	0.000000E+0	100.000000E-3	15.477631E+0	132.560184E+3
