t [s] || setpoint speed [rot. s^-1] || setpoint pos [°] || duty cycle [%] || Ang Speed [rot. s^-1] ||
Ang Pos [°]
0.000000E+0	0.000000E+0	0.000000E+0	75.000000E+0	16.175895E+0	53.359158E+3
100.000000E-3	0.000000E+0	0.000000E+0	75.000000E+0	15.637307E+0	53.383303E+3
200.000000E-3	0.000000E+0	0.000000E+0	75.000000E+0	15.752628E+0	53.407336E+3
300.000000E-3	0.000000E+0	0.000000E+0	75.000000E+0	14.931440E+0	53.431495E+3
400.000000E-3	0.000000E+0	0.000000E+0	75.000000E+0	14.434671E+0	53.455725E+3
500.000000E-3	0.000000E+0	0.000000E+0	75.000000E+0	14.906094E+0	53.479870E+3
600.000000E-3	0.000000E+0	0.000000E+0	75.000000E+0	15.964262E+0	53.504184E+3
700.000000E-3	0.000000E+0	0.000000E+0	75.000000E+0	16.847547E+0	53.528456E+3
800.000000E-3	0.000000E+0	0.000000E+0	75.000000E+0	17.213787E+0	53.552728E+3
900.000000E-3	0.000000E+0	0.000000E+0	75.000000E+0	17.078189E+0	53.576775E+3
1.000000E+0	0.000000E+0	0.000000E+0	75.000000E+0	17.482447E+0	53.601089E+3
1.100000E+0	0.000000E+0	0.000000E+0	75.000000E+0	17.345583E+0	53.625361E+3
1.200000E+0	0.000000E+0	0.000000E+0	75.000000E+0	16.173361E+0	53.649773E+3
1.300000E+0	0.000000E+0	0.000000E+0	75.000000E+0	16.049169E+0	53.673891E+3
1.400000E+0	0.000000E+0	0.000000E+0	75.000000E+0	15.390190E+0	53.698233E+3
1.500000E+0	0.000000E+0	0.000000E+0	75.000000E+0	16.891901E+0	53.722673E+3
1.600000E+0	0.000000E+0	0.000000E+0	75.000000E+0	17.350652E+0	53.746931E+3
1.700000E+0	0.000000E+0	0.000000E+0	75.000000E+0	17.083258E+0	53.771161E+3
1.800000E+0	0.000000E+0	0.000000E+0	75.000000E+0	17.111138E+0	53.795559E+3
1.900000E+0	0.000000E+0	0.000000E+0	75.000000E+0	16.995817E+0	53.819620E+3
2.000000E+0	0.000000E+0	0.000000E+0	75.000000E+0	15.935115E+0	53.844019E+3
2.100000E+0	0.000000E+0	0.000000E+0	75.000000E+0	15.106322E+0	53.868333E+3
2.200000E+0	0.000000E+0	0.000000E+0	75.000000E+0	14.277530E+0	53.892520E+3
2.300000E+0	0.000000E+0	0.000000E+0	75.000000E+0	16.314028E+0	53.917031E+3
2.400000E+0	0.000000E+0	0.000000E+0	75.000000E+0	17.046508E+0	53.941345E+3
2.500000E+0	0.000000E+0	0.000000E+0	75.000000E+0	16.993282E+0	53.965463E+3
2.600000E+0	0.000000E+0	0.000000E+0	75.000000E+0	17.481180E+0	53.989875E+3
2.700000E+0	0.000000E+0	0.000000E+0	75.000000E+0	17.301228E+0	54.014231E+3
2.800000E+0	0.000000E+0	0.000000E+0	75.000000E+0	16.372322E+0	54.038489E+3
2.900000E+0	0.000000E+0	0.000000E+0	75.000000E+0	16.382460E+0	54.062578E+3
3.000000E+0	0.000000E+0	0.000000E+0	75.000000E+0	15.153211E+0	54.087075E+3
3.100000E+0	0.000000E+0	0.000000E+0	75.000000E+0	16.686604E+0	54.111375E+3
3.200000E+0	0.000000E+0	0.000000E+0	75.000000E+0	17.289823E+0	54.135619E+3
3.300000E+0	0.000000E+0	0.000000E+0	75.000000E+0	16.959066E+0	54.159764E+3
3.400000E+0	0.000000E+0	0.000000E+0	75.000000E+0	17.197312E+0	54.184247E+3
3.500000E+0	0.000000E+0	0.000000E+0	75.000000E+0	16.870358E+0	54.208505E+3
3.600000E+0	0.000000E+0	0.000000E+0	75.000000E+0	16.324166E+0	54.232636E+3
3.700000E+0	0.000000E+0	0.000000E+0	75.000000E+0	15.810923E+0	54.256936E+3
3.800000E+0	0.000000E+0	0.000000E+0	75.000000E+0	14.368773E+0	54.281363E+3
3.900000E+0	0.000000E+0	0.000000E+0	75.000000E+0	15.761499E+0	54.305662E+3
4.000000E+0	0.000000E+0	0.000000E+0	75.000000E+0	16.819667E+0	54.330033E+3
4.100000E+0	0.000000E+0	0.000000E+0	75.000000E+0	16.684069E+0	54.354037E+3
4.200000E+0	0.000000E+0	0.000000E+0	75.000000E+0	17.396273E+0	54.378338E+3
4.300000E+0	0.000000E+0	0.000000E+0	75.000000E+0	17.462171E+0	54.402764E+3
4.400000E+0	0.000000E+0	0.000000E+0	75.000000E+0	17.099733E+0	54.426867E+3
4.500000E+0	0.000000E+0	0.000000E+0	75.000000E+0	16.770243E+0	54.451266E+3
4.600000E+0	0.000000E+0	0.000000E+0	75.000000E+0	15.904700E+0	54.475594E+3
4.700000E+0	0.000000E+0	0.000000E+0	75.000000E+0	15.046761E+0	54.499823E+3
4.800000E+0	0.000000E+0	0.000000E+0	75.000000E+0	16.537066E+0	54.524039E+3
4.900000E+0	0.000000E+0	0.000000E+0	75.000000E+0	16.321631E+0	54.548156E+3
5.000000E+0	0.000000E+0	0.000000E+0	75.000000E+0	17.161829E+0	54.572428E+3
5.100000E+0	0.000000E+0	0.000000E+0	75.000000E+0	17.420351E+0	54.596756E+3
5.200000E+0	0.000000E+0	0.000000E+0	75.000000E+0	16.861487E+0	54.621056E+3
5.300000E+0	0.000000E+0	0.000000E+0	75.000000E+0	16.798123E+0	54.645314E+3
5.400000E+0	0.000000E+0	0.000000E+0	75.000000E+0	16.737295E+0	54.669361E+3
5.500000E+0	0.000000E+0	0.000000E+0	75.000000E+0	15.878088E+0	54.693619E+3
5.600000E+0	0.000000E+0	0.000000E+0	75.000000E+0	14.637434E+0	54.718200E+3
5.700000E+0	0.000000E+0	0.000000E+0	75.000000E+0	14.669115E+0	54.742219E+3
5.800000E+0	0.000000E+0	0.000000E+0	75.000000E+0	15.246989E+0	54.766336E+3
5.900000E+0	0.000000E+0	0.000000E+0	75.000000E+0	16.732225E+0	54.790777E+3
6.000000E+0	0.000000E+0	0.000000E+0	75.000000E+0	16.858952E+0	54.815006E+3
6.100000E+0	0.000000E+0	0.000000E+0	75.000000E+0	17.211252E+0	54.839011E+3
6.200000E+0	0.000000E+0	0.000000E+0	75.000000E+0	17.430489E+0	54.863494E+3
6.300000E+0	0.000000E+0	0.000000E+0	75.000000E+0	17.083258E+0	54.887667E+3
6.400000E+0	0.000000E+0	0.000000E+0	75.000000E+0	17.213787E+0	54.911770E+3
6.500000E+0	0.000000E+0	0.000000E+0	75.000000E+0	16.518057E+0	54.936197E+3
6.600000E+0	0.000000E+0	0.000000E+0	75.000000E+0	15.912304E+0	54.960216E+3
6.700000E+0	0.000000E+0	0.000000E+0	75.000000E+0	15.420604E+0	54.984459E+3
6.800000E+0	0.000000E+0	0.000000E+0	75.000000E+0	16.253199E+0	55.008942E+3
6.900000E+0	0.000000E+0	0.000000E+0	75.000000E+0	17.074387E+0	55.033312E+3
7.000000E+0	0.000000E+0	0.000000E+0	75.000000E+0	17.245468E+0	55.057219E+3
7.100000E+0	0.000000E+0	0.000000E+0	75.000000E+0	17.004688E+0	55.081491E+3
7.200000E+0	0.000000E+0	0.000000E+0	75.000000E+0	17.024964E+0	55.105945E+3
7.300000E+0	0.000000E+0	0.000000E+0	75.000000E+0	17.016093E+0	55.129992E+3
7.400000E+0	0.000000E+0	0.000000E+0	75.000000E+0	15.827397E+0	55.154475E+3
7.500000E+0	0.000000E+0	0.000000E+0	75.000000E+0	15.592953E+0	55.178578E+3
7.600000E+0	0.000000E+0	0.000000E+0	75.000000E+0	14.364971E+0	55.202836E+3
7.700000E+0	0.000000E+0	0.000000E+0	75.000000E+0	15.173487E+0	55.227108E+3
7.800000E+0	0.000000E+0	0.000000E+0	75.000000E+0	16.757571E+0	55.251591E+3
7.900000E+0	0.000000E+0	0.000000E+0	75.000000E+0	16.955264E+0	55.275834E+3
8.000000E+0	0.000000E+0	0.000000E+0	75.000000E+0	17.514129E+0	55.300008E+3
8.100000E+0	0.000000E+0	0.000000E+0	75.000000E+0	17.419084E+0	55.324463E+3
8.200000E+0	0.000000E+0	0.000000E+0	75.000000E+0	17.051577E+0	55.348650E+3
8.300000E+0	0.000000E+0	0.000000E+0	75.000000E+0	16.400202E+0	55.372992E+3
8.400000E+0	0.000000E+0	0.000000E+0	75.000000E+0	15.999745E+0	55.397138E+3
8.500000E+0	0.000000E+0	0.000000E+0	75.000000E+0	15.772905E+0	55.421508E+3
8.600000E+0	0.000000E+0	0.000000E+0	75.000000E+0	17.024964E+0	55.445850E+3
8.700000E+0	0.000000E+0	0.000000E+0	75.000000E+0	16.928652E+0	55.470164E+3
8.800000E+0	0.000000E+0	0.000000E+0	75.000000E+0	17.335444E+0	55.494267E+3
8.900000E+0	0.000000E+0	0.000000E+0	75.000000E+0	17.315168E+0	55.518525E+3
9.000000E+0	0.000000E+0	0.000000E+0	75.000000E+0	16.395133E+0	55.543008E+3
9.100000E+0	0.000000E+0	0.000000E+0	75.000000E+0	16.483841E+0	55.567111E+3
9.200000E+0	0.000000E+0	0.000000E+0	75.000000E+0	15.008743E+0	55.591509E+3
9.300000E+0	0.000000E+0	0.000000E+0	75.000000E+0	14.499302E+0	55.615838E+3
9.400000E+0	0.000000E+0	0.000000E+0	75.000000E+0	15.276136E+0	55.639927E+3
9.500000E+0	0.000000E+0	0.000000E+0	75.000000E+0	16.425547E+0	55.664480E+3
9.600000E+0	0.000000E+0	0.000000E+0	75.000000E+0	17.239132E+0	55.688639E+3
9.700000E+0	0.000000E+0	0.000000E+0	75.000000E+0	17.307565E+0	55.712742E+3
9.800000E+0	0.000000E+0	0.000000E+0	75.000000E+0	17.156760E+0	55.737000E+3
9.900000E+0	0.000000E+0	0.000000E+0	75.000000E+0	17.175769E+0	55.761441E+3
10.000000E+0	0.000000E+0	0.000000E+0	75.000000E+0	16.965403E+0	55.785614E+3
10.100000E+0	0.000000E+0	0.000000E+0	75.000000E+0	15.846406E+0	55.809858E+3
10.200000E+0	0.000000E+0	0.000000E+0	75.000000E+0	16.077049E+0	55.834312E+3
10.300000E+0	0.000000E+0	0.000000E+0	75.000000E+0	16.207577E+0	55.858500E+3
10.400000E+0	0.000000E+0	0.000000E+0	75.000000E+0	16.986946E+0	55.882702E+3
10.500000E+0	0.000000E+0	0.000000E+0	75.000000E+0	17.431757E+0	55.907142E+3
10.600000E+0	0.000000E+0	0.000000E+0	75.000000E+0	17.028766E+0	55.931302E+3
10.700000E+0	0.000000E+0	0.000000E+0	75.000000E+0	16.988213E+0	55.955559E+3
10.800000E+0	0.000000E+0	0.000000E+0	75.000000E+0	16.193637E+0	55.980127E+3
10.900000E+0	0.000000E+0	0.000000E+0	75.000000E+0	14.952983E+0	56.004328E+3
11.000000E+0	0.000000E+0	0.000000E+0	75.000000E+0	14.421998E+0	56.028516E+3
11.100000E+0	0.000000E+0	0.000000E+0	75.000000E+0	15.677860E+0	56.052872E+3
11.200000E+0	0.000000E+0	0.000000E+0	75.000000E+0	16.350778E+0	56.077003E+3
11.300000E+0	0.000000E+0	0.000000E+0	75.000000E+0	17.228994E+0	56.101444E+3
11.400000E+0	0.000000E+0	0.000000E+0	75.000000E+0	17.064249E+0	56.125561E+3
11.500000E+0	0.000000E+0	0.000000E+0	75.000000E+0	17.465973E+0	56.149903E+3
11.600000E+0	0.000000E+0	0.000000E+0	75.000000E+0	17.125078E+0	56.174358E+3
11.700000E+0	0.000000E+0	0.000000E+0	75.000000E+0	16.042832E+0	56.198630E+3
11.800000E+0	0.000000E+0	0.000000E+0	75.000000E+0	15.950322E+0	56.222705E+3
11.900000E+0	0.000000E+0	0.000000E+0	75.000000E+0	15.463692E+0	56.247047E+3
12.000000E+0	0.000000E+0	0.000000E+0	75.000000E+0	16.624508E+0	56.271333E+3
12.100000E+0	0.000000E+0	0.000000E+0	75.000000E+0	17.236598E+0	56.295731E+3
12.200000E+0	0.000000E+0	0.000000E+0	75.000000E+0	17.040171E+0	56.319975E+3
12.300000E+0	0.000000E+0	0.000000E+0	75.000000E+0	16.950195E+0	56.344402E+3
12.400000E+0	0.000000E+0	0.000000E+0	75.000000E+0	16.412874E+0	56.368716E+3
12.500000E+0	0.000000E+0	0.000000E+0	75.000000E+0	15.893295E+0	56.392833E+3
12.600000E+0	0.000000E+0	0.000000E+0	75.000000E+0	15.225445E+0	56.417133E+3
12.700000E+0	0.000000E+0	0.000000E+0	75.000000E+0	14.613356E+0	56.441194E+3
12.800000E+0	0.000000E+0	0.000000E+0	75.000000E+0	16.158154E+0	56.465775E+3
12.900000E+0	0.000000E+0	0.000000E+0	75.000000E+0	16.672664E+0	56.489920E+3
13.000000E+0	0.000000E+0	0.000000E+0	75.000000E+0	17.111138E+0	56.514417E+3
13.100000E+0	0.000000E+0	0.000000E+0	75.000000E+0	17.558483E+0	56.538591E+3
13.200000E+0	0.000000E+0	0.000000E+0	75.000000E+0	17.261943E+0	56.563088E+3
13.300000E+0	0.000000E+0	0.000000E+0	75.000000E+0	16.259535E+0	56.587345E+3
13.400000E+0	0.000000E+0	0.000000E+0	75.000000E+0	15.521986E+0	56.611800E+3
13.500000E+0	0.000000E+0	0.000000E+0	75.000000E+0	15.486502E+0	56.635847E+3
13.600000E+0	0.000000E+0	0.000000E+0	75.000000E+0	16.670129E+0	56.660133E+3
13.700000E+0	0.000000E+0	0.000000E+0	75.000000E+0	17.431757E+0	56.684616E+3
13.800000E+0	0.000000E+0	0.000000E+0	75.000000E+0	17.050309E+0	56.708845E+3
13.900000E+0	0.000000E+0	0.000000E+0	75.000000E+0	17.054111E+0	56.733131E+3
14.000000E+0	0.000000E+0	0.000000E+0	75.000000E+0	16.548472E+0	56.757488E+3
14.100000E+0	0.000000E+0	0.000000E+0	75.000000E+0	14.704599E+0	56.781984E+3
14.200000E+0	0.000000E+0	0.000000E+0	75.000000E+0	14.598148E+0	56.806200E+3
14.300000E+0	0.000000E+0	0.000000E+0	75.000000E+0	15.723481E+0	56.830458E+3
14.400000E+0	0.000000E+0	0.000000E+0	75.000000E+0	17.287288E+0	56.855025E+3
14.500000E+0	0.000000E+0	0.000000E+0	75.000000E+0	17.387402E+0	56.879213E+3
14.600000E+0	0.000000E+0	0.000000E+0	75.000000E+0	17.161829E+0	56.903709E+3
14.700000E+0	0.000000E+0	0.000000E+0	75.000000E+0	17.158027E+0	56.927995E+3
14.800000E+0	0.000000E+0	0.000000E+0	75.000000E+0	15.620833E+0	56.952478E+3
14.900000E+0	0.000000E+0	0.000000E+0	75.000000E+0	16.104929E+0	56.976778E+3
15.000000E+0	0.000000E+0	0.000000E+0	75.000000E+0	16.905841E+0	57.000937E+3
15.100000E+0	0.000000E+0	0.000000E+0	75.000000E+0	17.052844E+0	57.025519E+3
15.200000E+0	0.000000E+0	0.000000E+0	75.000000E+0	17.198580E+0	57.049875E+3
15.300000E+0	0.000000E+0	0.000000E+0	75.000000E+0	17.026231E+0	57.074034E+3
15.400000E+0	0.000000E+0	0.000000E+0	75.000000E+0	15.954124E+0	57.098419E+3
15.500000E+0	0.000000E+0	0.000000E+0	75.000000E+0	14.359902E+0	57.123000E+3
15.600000E+0	0.000000E+0	0.000000E+0	75.000000E+0	15.283740E+0	57.147117E+3
15.700000E+0	0.000000E+0	0.000000E+0	75.000000E+0	17.087060E+0	57.171698E+3
15.800000E+0	0.000000E+0	0.000000E+0	75.000000E+0	17.384868E+0	57.195956E+3
15.900000E+0	0.000000E+0	0.000000E+0	75.000000E+0	17.189709E+0	57.220439E+3
16.000000E+0	0.000000E+0	0.000000E+0	75.000000E+0	17.207450E+0	57.244795E+3
16.100000E+0	0.000000E+0	0.000000E+0	75.000000E+0	16.298820E+0	57.269081E+3
16.200000E+0	0.000000E+0	0.000000E+0	75.000000E+0	16.149283E+0	57.293592E+3
16.300000E+0	0.000000E+0	0.000000E+0	75.000000E+0	17.226459E+0	57.317934E+3
16.400000E+0	0.000000E+0	0.000000E+0	75.000000E+0	17.103535E+0	57.342375E+3
16.500000E+0	0.000000E+0	0.000000E+0	75.000000E+0	17.318970E+0	57.366534E+3
16.600000E+0	0.000000E+0	0.000000E+0	75.000000E+0	16.923583E+0	57.390877E+3
16.700000E+0	0.000000E+0	0.000000E+0	75.000000E+0	15.771637E+0	57.415275E+3
16.800000E+0	0.000000E+0	0.000000E+0	75.000000E+0	14.481560E+0	57.439702E+3
16.900000E+0	0.000000E+0	0.000000E+0	75.000000E+0	15.527055E+0	57.463973E+3
17.000000E+0	0.000000E+0	0.000000E+0	75.000000E+0	17.236598E+0	57.488597E+3
17.100000E+0	0.000000E+0	0.000000E+0	75.000000E+0	17.411480E+0	57.512812E+3
17.200000E+0	0.000000E+0	0.000000E+0	75.000000E+0	17.151691E+0	57.537323E+3
17.300000E+0	0.000000E+0	0.000000E+0	75.000000E+0	16.800658E+0	57.561834E+3
17.400000E+0	0.000000E+0	0.000000E+0	75.000000E+0	15.402863E+0	57.586148E+3
17.500000E+0	0.000000E+0	0.000000E+0	75.000000E+0	16.050436E+0	57.610350E+3
17.600000E+0	0.000000E+0	0.000000E+0	75.000000E+0	17.194778E+0	57.634678E+3
17.700000E+0	0.000000E+0	0.000000E+0	75.000000E+0	17.090862E+0	57.659316E+3
17.800000E+0	0.000000E+0	0.000000E+0	75.000000E+0	17.116207E+0	57.683545E+3
17.900000E+0	0.000000E+0	0.000000E+0	75.000000E+0	16.028892E+0	57.708070E+3
18.000000E+0	0.000000E+0	0.000000E+0	75.000000E+0	14.857938E+0	57.732342E+3
18.100000E+0	0.000000E+0	0.000000E+0	75.000000E+0	15.340767E+0	57.756727E+3
18.200000E+0	0.000000E+0	0.000000E+0	75.000000E+0	16.755036E+0	57.781266E+3
18.300000E+0	0.000000E+0	0.000000E+0	75.000000E+0	17.483715E+0	57.805523E+3
18.400000E+0	0.000000E+0	0.000000E+0	75.000000E+0	17.558483E+0	57.829936E+3
18.500000E+0	0.000000E+0	0.000000E+0	75.000000E+0	16.874159E+0	57.854292E+3
18.600000E+0	0.000000E+0	0.000000E+0	75.000000E+0	16.255733E+0	57.878761E+3
18.700000E+0	0.000000E+0	0.000000E+0	75.000000E+0	15.547331E+0	57.903047E+3
18.800000E+0	0.000000E+0	0.000000E+0	75.000000E+0	17.203649E+0	57.927614E+3
18.900000E+0	0.000000E+0	0.000000E+0	75.000000E+0	17.487516E+0	57.951802E+3
19.000000E+0	0.000000E+0	0.000000E+0	75.000000E+0	16.983144E+0	57.976242E+3
19.100000E+0	0.000000E+0	0.000000E+0	75.000000E+0	16.637181E+0	58.000655E+3
19.200000E+0	0.000000E+0	0.000000E+0	75.000000E+0	15.108857E+0	58.025109E+3
19.300000E+0	0.000000E+0	0.000000E+0	75.000000E+0	13.964515E+0	58.049339E+3
19.400000E+0	0.000000E+0	0.000000E+0	75.000000E+0	16.264604E+0	58.073766E+3
19.500000E+0	0.000000E+0	0.000000E+0	75.000000E+0	17.033835E+0	58.098263E+3
19.600000E+0	0.000000E+0	0.000000E+0	75.000000E+0	17.605372E+0	58.122478E+3
19.700000E+0	0.000000E+0	0.000000E+0	75.000000E+0	17.401342E+0	58.146947E+3
19.800000E+0	0.000000E+0	0.000000E+0	75.000000E+0	16.433151E+0	58.171275E+3
19.900000E+0	0.000000E+0	0.000000E+0	75.000000E+0	15.581547E+0	58.195730E+3
20.000000E+0	0.000000E+0	0.000000E+0	75.000000E+0	16.291217E+0	58.220128E+3
20.100000E+0	0.000000E+0	0.000000E+0	75.000000E+0	17.386135E+0	58.244611E+3
20.200000E+0	0.000000E+0	0.000000E+0	75.000000E+0	17.358255E+0	58.268953E+3
20.300000E+0	0.000000E+0	0.000000E+0	75.000000E+0	16.696742E+0	58.293211E+3
20.400000E+0	0.000000E+0	0.000000E+0	75.000000E+0	16.423012E+0	58.317553E+3
20.500000E+0	0.000000E+0	0.000000E+0	75.000000E+0	15.026485E+0	58.341895E+3
20.600000E+0	0.000000E+0	0.000000E+0	75.000000E+0	15.897097E+0	58.366491E+3
20.700000E+0	0.000000E+0	0.000000E+0	75.000000E+0	16.689138E+0	58.390706E+3
20.800000E+0	0.000000E+0	0.000000E+0	75.000000E+0	17.075655E+0	58.415077E+3
20.900000E+0	0.000000E+0	0.000000E+0	75.000000E+0	17.483715E+0	58.439602E+3
21.000000E+0	0.000000E+0	0.000000E+0	75.000000E+0	17.296159E+0	58.463845E+3
21.100000E+0	0.000000E+0	0.000000E+0	75.000000E+0	15.687998E+0	58.488356E+3
21.200000E+0	0.000000E+0	0.000000E+0	75.000000E+0	15.336965E+0	58.512670E+3
21.300000E+0	0.000000E+0	0.000000E+0	75.000000E+0	16.423012E+0	58.536970E+3
21.400000E+0	0.000000E+0	0.000000E+0	75.000000E+0	17.401342E+0	58.561495E+3
21.500000E+0	0.000000E+0	0.000000E+0	75.000000E+0	17.427955E+0	58.585641E+3
21.600000E+0	0.000000E+0	0.000000E+0	75.000000E+0	16.635913E+0	58.610039E+3
21.700000E+0	0.000000E+0	0.000000E+0	75.000000E+0	15.714610E+0	58.634606E+3
21.800000E+0	0.000000E+0	0.000000E+0	75.000000E+0	14.780635E+0	58.658752E+3
21.900000E+0	0.000000E+0	0.000000E+0	75.000000E+0	15.892028E+0	58.683305E+3
22.000000E+0	0.000000E+0	0.000000E+0	75.000000E+0	16.733493E+0	58.707534E+3
22.100000E+0	0.000000E+0	0.000000E+0	75.000000E+0	17.125078E+0	58.731975E+3
22.200000E+0	0.000000E+0	0.000000E+0	75.000000E+0	17.525534E+0	58.756331E+3
22.300000E+0	0.000000E+0	0.000000E+0	75.000000E+0	17.384868E+0	58.780575E+3
22.400000E+0	0.000000E+0	0.000000E+0	75.000000E+0	16.439487E+0	58.804861E+3
22.500000E+0	0.000000E+0	0.000000E+0	75.000000E+0	15.524520E+0	58.829358E+3
22.600000E+0	0.000000E+0	0.000000E+0	75.000000E+0	16.265871E+0	58.853728E+3
22.700000E+0	0.000000E+0	0.000000E+0	75.000000E+0	17.101000E+0	58.877930E+3
22.800000E+0	0.000000E+0	0.000000E+0	75.000000E+0	17.459637E+0	58.902356E+3
22.900000E+0	0.000000E+0	0.000000E+0	75.000000E+0	17.008490E+0	58.926586E+3
23.000000E+0	0.000000E+0	0.000000E+0	75.000000E+0	16.725889E+0	58.950956E+3
23.100000E+0	0.000000E+0	0.000000E+0	75.000000E+0	15.573944E+0	58.975397E+3
23.200000E+0	0.000000E+0	0.000000E+0	75.000000E+0	14.581674E+0	58.999598E+3
23.300000E+0	0.000000E+0	0.000000E+0	75.000000E+0	15.442148E+0	59.023955E+3
23.400000E+0	0.000000E+0	0.000000E+0	75.000000E+0	16.696742E+0	59.048437E+3
23.500000E+0	0.000000E+0	0.000000E+0	75.000000E+0	17.263210E+0	59.072597E+3
23.600000E+0	0.000000E+0	0.000000E+0	75.000000E+0	17.528069E+0	59.096981E+3
23.700000E+0	0.000000E+0	0.000000E+0	75.000000E+0	17.113673E+0	59.121295E+3
23.800000E+0	0.000000E+0	0.000000E+0	75.000000E+0	16.817132E+0	59.145778E+3
23.900000E+0	0.000000E+0	0.000000E+0	75.000000E+0	15.685463E+0	59.170050E+3
24.000000E+0	0.000000E+0	0.000000E+0	75.000000E+0	16.690406E+0	59.194575E+3
24.100000E+0	0.000000E+0	0.000000E+0	75.000000E+0	17.132682E+0	59.218664E+3
24.200000E+0	0.000000E+0	0.000000E+0	75.000000E+0	17.088327E+0	59.243259E+3
24.300000E+0	0.000000E+0	0.000000E+0	75.000000E+0	17.209985E+0	59.267405E+3
24.400000E+0	0.000000E+0	0.000000E+0	75.000000E+0	16.458496E+0	59.291916E+3
24.500000E+0	0.000000E+0	0.000000E+0	75.000000E+0	15.772905E+0	59.316089E+3
24.600000E+0	0.000000E+0	0.000000E+0	75.000000E+0	14.391584E+0	59.340530E+3
24.700000E+0	0.000000E+0	0.000000E+0	75.000000E+0	15.878088E+0	59.364928E+3
24.800000E+0	0.000000E+0	0.000000E+0	75.000000E+0	17.054111E+0	59.389312E+3
24.900000E+0	0.000000E+0	0.000000E+0	75.000000E+0	17.322772E+0	59.413486E+3
25.000000E+0	0.000000E+0	0.000000E+0	75.000000E+0	17.216321E+0	59.437814E+3
25.100000E+0	0.000000E+0	0.000000E+0	75.000000E+0	17.292357E+0	59.462241E+3
25.200000E+0	0.000000E+0	0.000000E+0	75.000000E+0	16.737295E+0	59.486527E+3
25.300000E+0	0.000000E+0	0.000000E+0	75.000000E+0	15.372448E+0	59.510812E+3
25.400000E+0	0.000000E+0	0.000000E+0	75.000000E+0	16.277277E+0	59.535127E+3
25.500000E+0	0.000000E+0	0.000000E+0	75.000000E+0	16.876694E+0	59.559708E+3
25.600000E+0	0.000000E+0	0.000000E+0	75.000000E+0	17.341781E+0	59.583839E+3
25.700000E+0	0.000000E+0	0.000000E+0	75.000000E+0	17.322772E+0	59.608139E+3
25.800000E+0	0.000000E+0	0.000000E+0	75.000000E+0	16.549739E+0	59.632509E+3
25.900000E+0	0.000000E+0	0.000000E+0	75.000000E+0	16.172094E+0	59.656838E+3
26.000000E+0	0.000000E+0	0.000000E+0	75.000000E+0	14.637434E+0	59.681208E+3
26.100000E+0	0.000000E+0	0.000000E+0	75.000000E+0	15.660118E+0	59.705634E+3
26.200000E+0	0.000000E+0	0.000000E+0	75.000000E+0	16.845012E+0	59.730005E+3
26.300000E+0	0.000000E+0	0.000000E+0	75.000000E+0	16.869090E+0	59.754122E+3
26.400000E+0	0.000000E+0	0.000000E+0	75.000000E+0	17.574958E+0	59.778745E+3
26.500000E+0	0.000000E+0	0.000000E+0	75.000000E+0	17.462171E+0	59.802848E+3
26.600000E+0	0.000000E+0	0.000000E+0	75.000000E+0	16.459763E+0	59.827275E+3
26.700000E+0	0.000000E+0	0.000000E+0	75.000000E+0	15.851475E+0	59.851575E+3
26.800000E+0	0.000000E+0	0.000000E+0	75.000000E+0	15.207704E+0	59.875748E+3
26.900000E+0	0.000000E+0	0.000000E+0	75.000000E+0	16.881763E+0	59.900259E+3
27.000000E+0	0.000000E+0	0.000000E+0	75.000000E+0	17.412748E+0	59.924559E+3
27.100000E+0	0.000000E+0	0.000000E+0	75.000000E+0	17.064249E+0	59.948761E+3
27.200000E+0	0.000000E+0	0.000000E+0	75.000000E+0	17.173234E+0	59.973061E+3
27.300000E+0	0.000000E+0	0.000000E+0	75.000000E+0	16.774045E+0	59.997333E+3
27.400000E+0	0.000000E+0	0.000000E+0	75.000000E+0	15.653782E+0	60.021717E+3
27.500000E+0	0.000000E+0	0.000000E+0	75.000000E+0	14.736280E+0	60.046031E+3
27.600000E+0	0.000000E+0	0.000000E+0	75.000000E+0	15.420604E+0	60.070373E+3
27.700000E+0	0.000000E+0	0.000000E+0	75.000000E+0	17.011024E+0	60.095025E+3
27.800000E+0	0.000000E+0	0.000000E+0	75.000000E+0	17.244201E+0	60.119044E+3
27.900000E+0	0.000000E+0	0.000000E+0	75.000000E+0	17.208718E+0	60.143513E+3
28.000000E+0	0.000000E+0	0.000000E+0	75.000000E+0	17.321504E+0	60.167700E+3
28.100000E+0	0.000000E+0	0.000000E+0	75.000000E+0	16.860219E+0	60.192070E+3
28.200000E+0	0.000000E+0	0.000000E+0	75.000000E+0	15.586616E+0	60.216356E+3
28.300000E+0	0.000000E+0	0.000000E+0	75.000000E+0	16.558610E+0	60.240839E+3
28.400000E+0	0.000000E+0	0.000000E+0	75.000000E+0	16.753769E+0	60.265195E+3
28.500000E+0	0.000000E+0	0.000000E+0	75.000000E+0	17.331643E+0	60.289327E+3
28.600000E+0	0.000000E+0	0.000000E+0	75.000000E+0	17.277150E+0	60.313795E+3
28.700000E+0	0.000000E+0	0.000000E+0	75.000000E+0	16.656190E+0	60.338039E+3
28.800000E+0	0.000000E+0	0.000000E+0	75.000000E+0	16.041565E+0	60.362494E+3
28.900000E+0	0.000000E+0	0.000000E+0	75.000000E+0	15.442148E+0	60.386597E+3
29.000000E+0	0.000000E+0	0.000000E+0	75.000000E+0	15.173487E+0	60.411389E+3
29.100000E+0	0.000000E+0	0.000000E+0	75.000000E+0	16.377391E+0	60.435450E+3
29.200000E+0	0.000000E+0	0.000000E+0	75.000000E+0	16.819667E+0	60.459708E+3
29.300000E+0	0.000000E+0	0.000000E+0	75.000000E+0	17.525534E+0	60.484050E+3
29.400000E+0	0.000000E+0	0.000000E+0	75.000000E+0	17.490051E+0	60.508195E+3
29.500000E+0	0.000000E+0	0.000000E+0	75.000000E+0	17.112405E+0	60.532523E+3
29.600000E+0	0.000000E+0	0.000000E+0	75.000000E+0	16.924850E+0	60.556809E+3
29.700000E+0	0.000000E+0	0.000000E+0	75.000000E+0	15.871751E+0	60.581194E+3
29.800000E+0	0.000000E+0	0.000000E+0	75.000000E+0	15.665187E+0	60.605480E+3
29.900000E+0	0.000000E+0	0.000000E+0	75.000000E+0	17.166898E+0	60.629934E+3
30.000000E+0	0.000000E+0	0.000000E+0	75.000000E+0	16.946394E+0	60.654164E+3
30.100000E+0	0.000000E+0	0.000000E+0	75.000000E+0	17.337979E+0	60.678352E+3
30.200000E+0	0.000000E+0	0.000000E+0	75.000000E+0	17.264477E+0	60.702652E+3
30.300000E+0	0.000000E+0	0.000000E+0	75.000000E+0	16.713216E+0	60.726909E+3
30.400000E+0	0.000000E+0	0.000000E+0	75.000000E+0	16.410340E+0	60.751139E+3
30.500000E+0	0.000000E+0	0.000000E+0	75.000000E+0	15.221644E+0	60.775453E+3
30.600000E+0	0.000000E+0	0.000000E+0	75.000000E+0	13.946773E+0	60.799739E+3
30.700000E+0	0.000000E+0	0.000000E+0	75.000000E+0	16.442021E+0	60.824264E+3
30.800000E+0	0.000000E+0	0.000000E+0	75.000000E+0	16.820934E+0	60.848536E+3
30.900000E+0	0.000000E+0	0.000000E+0	75.000000E+0	17.402610E+0	60.872695E+3
31.000000E+0	0.000000E+0	0.000000E+0	75.000000E+0	17.510327E+0	60.897052E+3
31.100000E+0	0.000000E+0	0.000000E+0	75.000000E+0	16.884297E+0	60.921478E+3
31.200000E+0	0.000000E+0	0.000000E+0	75.000000E+0	16.467367E+0	60.945778E+3
31.300000E+0	0.000000E+0	0.000000E+0	75.000000E+0	15.994676E+0	60.969937E+3
31.400000E+0	0.000000E+0	0.000000E+0	75.000000E+0	15.388923E+0	60.994238E+3
31.500000E+0	0.000000E+0	0.000000E+0	75.000000E+0	16.909643E+0	61.018552E+3
31.600000E+0	0.000000E+0	0.000000E+0	75.000000E+0	16.952730E+0	61.043077E+3
31.700000E+0	0.000000E+0	0.000000E+0	75.000000E+0	17.325306E+0	61.067194E+3
31.800000E+0	0.000000E+0	0.000000E+0	75.000000E+0	17.005955E+0	61.091634E+3
31.900000E+0	0.000000E+0	0.000000E+0	75.000000E+0	16.055505E+0	61.115991E+3
32.000000E+0	0.000000E+0	0.000000E+0	75.000000E+0	15.058166E+0	61.140361E+3
32.100000E+0	0.000000E+0	0.000000E+0	75.000000E+0	14.840196E+0	61.164338E+3
32.200000E+0	0.000000E+0	0.000000E+0	75.000000E+0	15.013812E+0	61.188694E+3
32.300000E+0	0.000000E+0	0.000000E+0	75.000000E+0	16.753769E+0	61.213191E+3
32.400000E+0	0.000000E+0	0.000000E+0	75.000000E+0	16.813331E+0	61.237294E+3
32.500000E+0	0.000000E+0	0.000000E+0	75.000000E+0	17.528069E+0	61.261734E+3
32.600000E+0	0.000000E+0	0.000000E+0	75.000000E+0	17.421619E+0	61.286077E+3
32.700000E+0	0.000000E+0	0.000000E+0	75.000000E+0	17.037637E+0	61.310138E+3
32.800000E+0	0.000000E+0	0.000000E+0	75.000000E+0	16.753769E+0	61.334466E+3
32.900000E+0	0.000000E+0	0.000000E+0	75.000000E+0	15.677860E+0	61.358934E+3
33.000000E+0	0.000000E+0	0.000000E+0	75.000000E+0	16.357115E+0	61.383263E+3
33.100000E+0	0.000000E+0	0.000000E+0	75.000000E+0	17.146622E+0	61.407534E+3
33.200000E+0	0.000000E+0	0.000000E+0	75.000000E+0	16.937523E+0	61.431722E+3
33.300000E+0	0.000000E+0	0.000000E+0	75.000000E+0	17.272081E+0	61.456177E+3
33.400000E+0	0.000000E+0	0.000000E+0	75.000000E+0	17.154225E+0	61.480280E+3
33.500000E+0	0.000000E+0	0.000000E+0	75.000000E+0	16.381193E+0	61.504622E+3
33.600000E+0	0.000000E+0	0.000000E+0	75.000000E+0	15.079710E+0	61.529161E+3
33.700000E+0	0.000000E+0	0.000000E+0	75.000000E+0	14.520845E+0	61.553391E+3
33.800000E+0	0.000000E+0	0.000000E+0	75.000000E+0	15.538460E+0	61.577578E+3
33.900000E+0	0.000000E+0	0.000000E+0	75.000000E+0	16.689138E+0	61.601920E+3
34.000000E+0	0.000000E+0	0.000000E+0	75.000000E+0	16.976808E+0	61.626248E+3
34.100000E+0	0.000000E+0	0.000000E+0	75.000000E+0	17.465973E+0	61.650731E+3
34.200000E+0	0.000000E+0	0.000000E+0	75.000000E+0	17.246736E+0	61.675228E+3
34.300000E+0	0.000000E+0	0.000000E+0	75.000000E+0	16.213913E+0	61.699373E+3
34.400000E+0	0.000000E+0	0.000000E+0	75.000000E+0	15.998478E+0	61.723505E+3
34.500000E+0	0.000000E+0	0.000000E+0	75.000000E+0	15.988340E+0	61.748030E+3
34.600000E+0	0.000000E+0	0.000000E+0	75.000000E+0	16.749967E+0	61.772161E+3
34.700000E+0	0.000000E+0	0.000000E+0	75.000000E+0	17.429222E+0	61.796630E+3
34.800000E+0	0.000000E+0	0.000000E+0	75.000000E+0	16.988213E+0	61.821014E+3
34.900000E+0	0.000000E+0	0.000000E+0	75.000000E+0	17.075655E+0	61.845117E+3
35.000000E+0	0.000000E+0	0.000000E+0	75.000000E+0	16.104929E+0	61.869628E+3
35.100000E+0	0.000000E+0	0.000000E+0	75.000000E+0	15.258394E+0	61.893830E+3
35.200000E+0	0.000000E+0	0.000000E+0	75.000000E+0	14.969458E+0	61.918270E+3
35.300000E+0	0.000000E+0	0.000000E+0	75.000000E+0	15.916106E+0	61.942542E+3
35.400000E+0	0.000000E+0	0.000000E+0	75.000000E+0	16.576352E+0	61.966687E+3
35.500000E+0	0.000000E+0	0.000000E+0	75.000000E+0	17.250538E+0	61.991184E+3
35.600000E+0	0.000000E+0	0.000000E+0	75.000000E+0	17.223925E+0	62.015456E+3
35.700000E+0	0.000000E+0	0.000000E+0	75.000000E+0	17.315168E+0	62.039756E+3
35.800000E+0	0.000000E+0	0.000000E+0	75.000000E+0	17.151691E+0	62.063916E+3
35.900000E+0	0.000000E+0	0.000000E+0	75.000000E+0	15.632238E+0	62.088356E+3
36.000000E+0	0.000000E+0	0.000000E+0	75.000000E+0	15.875553E+0	62.112670E+3
36.100000E+0	0.000000E+0	0.000000E+0	75.000000E+0	16.377391E+0	62.136998E+3
36.200000E+0	0.000000E+0	0.000000E+0	75.000000E+0	17.222658E+0	62.161284E+3
36.300000E+0	0.000000E+0	0.000000E+0	75.000000E+0	17.395006E+0	62.185388E+3
36.400000E+0	0.000000E+0	0.000000E+0	75.000000E+0	17.012291E+0	62.209744E+3
36.500000E+0	0.000000E+0	0.000000E+0	75.000000E+0	16.883030E+0	62.234058E+3
36.600000E+0	0.000000E+0	0.000000E+0	75.000000E+0	16.344442E+0	62.258344E+3
36.700000E+0	0.000000E+0	0.000000E+0	75.000000E+0	15.163349E+0	62.282658E+3
36.800000E+0	0.000000E+0	0.000000E+0	75.000000E+0	14.729944E+0	62.307098E+3
36.900000E+0	0.000000E+0	0.000000E+0	75.000000E+0	16.177163E+0	62.331441E+3
37.000000E+0	0.000000E+0	0.000000E+0	75.000000E+0	17.225192E+0	62.355797E+3
37.100000E+0	0.000000E+0	0.000000E+0	75.000000E+0	17.455835E+0	62.380125E+3
37.200000E+0	0.000000E+0	0.000000E+0	75.000000E+0	17.221390E+0	62.404200E+3
37.300000E+0	0.000000E+0	0.000000E+0	75.000000E+0	17.123811E+0	62.428711E+3
37.400000E+0	0.000000E+0	0.000000E+0	75.000000E+0	16.730958E+0	62.452941E+3
37.500000E+0	0.000000E+0	0.000000E+0	75.000000E+0	14.926370E+0	62.477367E+3
37.600000E+0	0.000000E+0	0.000000E+0	75.000000E+0	16.139145E+0	62.501498E+3
37.700000E+0	0.000000E+0	0.000000E+0	75.000000E+0	16.851349E+0	62.526066E+3
37.800000E+0	0.000000E+0	0.000000E+0	75.000000E+0	17.354453E+0	62.550380E+3
37.900000E+0	0.000000E+0	0.000000E+0	75.000000E+0	17.240399E+0	62.574666E+3
38.000000E+0	0.000000E+0	0.000000E+0	75.000000E+0	16.320364E+0	62.599078E+3
38.100000E+0	0.000000E+0	0.000000E+0	75.000000E+0	15.809655E+0	62.623505E+3
38.200000E+0	0.000000E+0	0.000000E+0	75.000000E+0	15.103788E+0	62.647467E+3
38.300000E+0	0.000000E+0	0.000000E+0	75.000000E+0	15.658851E+0	62.672034E+3
38.400000E+0	0.000000E+0	0.000000E+0	75.000000E+0	16.383727E+0	62.696222E+3
38.500000E+0	0.000000E+0	0.000000E+0	75.000000E+0	16.870358E+0	62.720536E+3
38.600000E+0	0.000000E+0	0.000000E+0	75.000000E+0	17.561018E+0	62.744977E+3
38.700000E+0	0.000000E+0	0.000000E+0	75.000000E+0	17.495120E+0	62.769178E+3
38.800000E+0	0.000000E+0	0.000000E+0	75.000000E+0	16.749967E+0	62.793506E+3
38.900000E+0	0.000000E+0	0.000000E+0	75.000000E+0	15.918640E+0	62.817947E+3
39.000000E+0	0.000000E+0	0.000000E+0	75.000000E+0	15.359776E+0	62.842120E+3
39.100000E+0	0.000000E+0	0.000000E+0	75.000000E+0	16.211379E+0	62.866392E+3
39.200000E+0	0.000000E+0	0.000000E+0	75.000000E+0	17.180838E+0	62.890720E+3
39.300000E+0	0.000000E+0	0.000000E+0	75.000000E+0	17.089595E+0	62.915231E+3
39.400000E+0	0.000000E+0	0.000000E+0	75.000000E+0	17.260676E+0	62.939517E+3
39.500000E+0	0.000000E+0	0.000000E+0	75.000000E+0	16.933721E+0	62.963662E+3
39.600000E+0	0.000000E+0	0.000000E+0	75.000000E+0	15.367379E+0	62.988230E+3
39.700000E+0	0.000000E+0	0.000000E+0	75.000000E+0	14.338359E+0	63.012558E+3
39.800000E+0	0.000000E+0	0.000000E+0	75.000000E+0	15.784310E+0	63.036900E+3
39.900000E+0	0.000000E+0	0.000000E+0	75.000000E+0	16.396400E+0	63.061017E+3
40.000000E+0	0.000000E+0	0.000000E+0	75.000000E+0	17.406411E+0	63.085655E+3
40.100000E+0	0.000000E+0	0.000000E+0	75.000000E+0	17.183372E+0	63.109702E+3
40.200000E+0	0.000000E+0	0.000000E+0	75.000000E+0	17.239132E+0	63.134269E+3
40.300000E+0	0.000000E+0	0.000000E+0	75.000000E+0	16.538334E+0	63.158625E+3
40.400000E+0	0.000000E+0	0.000000E+0	75.000000E+0	15.510580E+0	63.182798E+3
40.500000E+0	0.000000E+0	0.000000E+0	75.000000E+0	16.061841E+0	63.207084E+3
40.600000E+0	0.000000E+0	0.000000E+0	75.000000E+0	16.620706E+0	63.231469E+3
40.700000E+0	0.000000E+0	0.000000E+0	75.000000E+0	17.379799E+0	63.256120E+3
40.800000E+0	0.000000E+0	0.000000E+0	75.000000E+0	17.353186E+0	63.280125E+3
40.900000E+0	0.000000E+0	0.000000E+0	75.000000E+0	16.346976E+0	63.304678E+3
41.000000E+0	0.000000E+0	0.000000E+0	75.000000E+0	16.044100E+0	63.328880E+3
41.100000E+0	0.000000E+0	0.000000E+0	75.000000E+0	14.685590E+0	63.353180E+3
41.200000E+0	0.000000E+0	0.000000E+0	75.000000E+0	15.502977E+0	63.377564E+3
41.300000E+0	0.000000E+0	0.000000E+0	75.000000E+0	16.762640E+0	63.401948E+3
41.400000E+0	0.000000E+0	0.000000E+0	75.000000E+0	17.142820E+0	63.426445E+3
41.500000E+0	0.000000E+0	0.000000E+0	75.000000E+0	17.523000E+0	63.450661E+3
41.600000E+0	0.000000E+0	0.000000E+0	75.000000E+0	17.275883E+0	63.475045E+3
41.700000E+0	0.000000E+0	0.000000E+0	75.000000E+0	15.666454E+0	63.499556E+3
41.800000E+0	0.000000E+0	0.000000E+0	75.000000E+0	15.262196E+0	63.523744E+3
41.900000E+0	0.000000E+0	0.000000E+0	75.000000E+0	16.358382E+0	63.548142E+3
42.000000E+0	0.000000E+0	0.000000E+0	75.000000E+0	17.372195E+0	63.572836E+3
42.100000E+0	0.000000E+0	0.000000E+0	75.000000E+0	17.440628E+0	63.596812E+3
42.200000E+0	0.000000E+0	0.000000E+0	75.000000E+0	16.665060E+0	63.621211E+3
42.300000E+0	0.000000E+0	0.000000E+0	75.000000E+0	16.339373E+0	63.645581E+3
42.400000E+0	0.000000E+0	0.000000E+0	75.000000E+0	14.508172E+0	63.670036E+3
42.500000E+0	0.000000E+0	0.000000E+0	75.000000E+0	15.879355E+0	63.694477E+3
42.600000E+0	0.000000E+0	0.000000E+0	75.000000E+0	16.945126E+0	63.718847E+3
42.700000E+0	0.000000E+0	0.000000E+0	75.000000E+0	17.112405E+0	63.743175E+3
42.800000E+0	0.000000E+0	0.000000E+0	75.000000E+0	17.509060E+0	63.767531E+3
42.900000E+0	0.000000E+0	0.000000E+0	75.000000E+0	17.170700E+0	63.791944E+3
43.000000E+0	0.000000E+0	0.000000E+0	75.000000E+0	16.311493E+0	63.816117E+3
43.100000E+0	0.000000E+0	0.000000E+0	75.000000E+0	15.695601E+0	63.840628E+3
43.200000E+0	0.000000E+0	0.000000E+0	75.000000E+0	16.159421E+0	63.864844E+3
43.300000E+0	0.000000E+0	0.000000E+0	75.000000E+0	17.228994E+0	63.889270E+3
43.400000E+0	0.000000E+0	0.000000E+0	75.000000E+0	17.401342E+0	63.913725E+3
43.500000E+0	0.000000E+0	0.000000E+0	75.000000E+0	16.791787E+0	63.937927E+3
43.600000E+0	0.000000E+0	0.000000E+0	75.000000E+0	16.530730E+0	63.962311E+3
43.700000E+0	0.000000E+0	0.000000E+0	75.000000E+0	14.576605E+0	63.986822E+3
43.800000E+0	0.000000E+0	0.000000E+0	75.000000E+0	15.434544E+0	64.011164E+3
43.900000E+0	0.000000E+0	0.000000E+0	75.000000E+0	16.468634E+0	64.035436E+3
44.000000E+0	0.000000E+0	0.000000E+0	75.000000E+0	17.159294E+0	64.059975E+3
44.100000E+0	0.000000E+0	0.000000E+0	75.000000E+0	17.566087E+0	64.084162E+3
44.200000E+0	0.000000E+0	0.000000E+0	75.000000E+0	17.353186E+0	64.108617E+3
44.300000E+0	0.000000E+0	0.000000E+0	75.000000E+0	16.201241E+0	64.132959E+3
44.400000E+0	0.000000E+0	0.000000E+0	75.000000E+0	15.905968E+0	64.157470E+3
44.500000E+0	0.000000E+0	0.000000E+0	75.000000E+0	16.647319E+0	64.181897E+3
44.600000E+0	0.000000E+0	0.000000E+0	75.000000E+0	17.270814E+0	64.206169E+3
44.700000E+0	0.000000E+0	0.000000E+0	75.000000E+0	17.340513E+0	64.230581E+3
44.800000E+0	0.000000E+0	0.000000E+0	75.000000E+0	16.666328E+0	64.254825E+3
44.900000E+0	0.000000E+0	0.000000E+0	75.000000E+0	15.790646E+0	64.279378E+3
45.000000E+0	0.000000E+0	0.000000E+0	75.000000E+0	14.207830E+0	64.303706E+3
45.100000E+0	0.000000E+0	0.000000E+0	75.000000E+0	15.867950E+0	64.328077E+3
45.200000E+0	0.000000E+0	0.000000E+0	75.000000E+0	17.027499E+0	64.352475E+3
45.300000E+0	0.000000E+0	0.000000E+0	75.000000E+0	17.004688E+0	64.376620E+3
45.400000E+0	0.000000E+0	0.000000E+0	75.000000E+0	17.501456E+0	64.401173E+3
45.500000E+0	0.000000E+0	0.000000E+0	75.000000E+0	17.130147E+0	64.425558E+3
45.600000E+0	0.000000E+0	0.000000E+0	75.000000E+0	15.867950E+0	64.449886E+3
45.700000E+0	0.000000E+0	0.000000E+0	75.000000E+0	15.589151E+0	64.474214E+3
45.800000E+0	0.000000E+0	0.000000E+0	75.000000E+0	16.129007E+0	64.498444E+3
45.900000E+0	0.000000E+0	0.000000E+0	75.000000E+0	17.312634E+0	64.523123E+3
46.000000E+0	0.000000E+0	0.000000E+0	75.000000E+0	17.388670E+0	64.547311E+3
46.100000E+0	0.000000E+0	0.000000E+0	75.000000E+0	16.809529E+0	64.571513E+3
46.200000E+0	0.000000E+0	0.000000E+0	75.000000E+0	16.528196E+0	64.595911E+3
46.300000E+0	0.000000E+0	0.000000E+0	75.000000E+0	14.889620E+0	64.620352E+3
46.400000E+0	0.000000E+0	0.000000E+0	75.000000E+0	15.317956E+0	64.644764E+3
46.500000E+0	0.000000E+0	0.000000E+0	75.000000E+0	16.387529E+0	64.668952E+3
46.600000E+0	0.000000E+0	0.000000E+0	75.000000E+0	16.798123E+0	64.693266E+3
46.700000E+0	0.000000E+0	0.000000E+0	75.000000E+0	17.544543E+0	64.717847E+3
46.800000E+0	0.000000E+0	0.000000E+0	75.000000E+0	17.468507E+0	64.742091E+3
46.900000E+0	0.000000E+0	0.000000E+0	75.000000E+0	16.629577E+0	64.766377E+3
47.000000E+0	0.000000E+0	0.000000E+0	75.000000E+0	15.824863E+0	64.790775E+3
47.100000E+0	0.000000E+0	0.000000E+0	75.000000E+0	16.311493E+0	64.815342E+3
47.200000E+0	0.000000E+0	0.000000E+0	75.000000E+0	17.040171E+0	64.839600E+3
47.300000E+0	0.000000E+0	0.000000E+0	75.000000E+0	17.471042E+0	64.864013E+3
47.400000E+0	0.000000E+0	0.000000E+0	75.000000E+0	16.751234E+0	64.888397E+3
47.500000E+0	0.000000E+0	0.000000E+0	75.000000E+0	16.766442E+0	64.912542E+3
47.600000E+0	0.000000E+0	0.000000E+0	75.000000E+0	16.518057E+0	64.936659E+3
47.700000E+0	0.000000E+0	0.000000E+0	75.000000E+0	15.257127E+0	64.961044E+3
47.800000E+0	0.000000E+0	0.000000E+0	75.000000E+0	14.648839E+0	64.985400E+3
47.900000E+0	0.000000E+0	0.000000E+0	75.000000E+0	16.315295E+0	65.009883E+3
48.000000E+0	0.000000E+0	0.000000E+0	75.000000E+0	17.027499E+0	65.034070E+3
48.100000E+0	0.000000E+0	0.000000E+0	75.000000E+0	17.417817E+0	65.058427E+3
48.200000E+0	0.000000E+0	0.000000E+0	75.000000E+0	17.190976E+0	65.082853E+3
48.300000E+0	0.000000E+0	0.000000E+0	75.000000E+0	17.166898E+0	65.107083E+3
48.400000E+0	0.000000E+0	0.000000E+0	75.000000E+0	16.262070E+0	65.131481E+3
48.500000E+0	0.000000E+0	0.000000E+0	75.000000E+0	16.161956E+0	65.156133E+3
48.600000E+0	0.000000E+0	0.000000E+0	75.000000E+0	17.126345E+0	65.180278E+3
48.700000E+0	0.000000E+0	0.000000E+0	75.000000E+0	17.047775E+0	65.204662E+3
48.800000E+0	0.000000E+0	0.000000E+0	75.000000E+0	17.265745E+0	65.229005E+3
48.900000E+0	0.000000E+0	0.000000E+0	75.000000E+0	16.904574E+0	65.253291E+3
49.000000E+0	0.000000E+0	0.000000E+0	75.000000E+0	16.254466E+0	65.277478E+3
49.100000E+0	0.000000E+0	0.000000E+0	75.000000E+0	15.634773E+0	65.301792E+3
49.200000E+0	0.000000E+0	0.000000E+0	75.000000E+0	14.783169E+0	65.326233E+3
49.300000E+0	0.000000E+0	0.000000E+0	75.000000E+0	15.504244E+0	65.350378E+3
49.400000E+0	0.000000E+0	0.000000E+0	75.000000E+0	17.038904E+0	65.374931E+3
49.500000E+0	0.000000E+0	0.000000E+0	75.000000E+0	16.926117E+0	65.398950E+3
49.600000E+0	0.000000E+0	0.000000E+0	75.000000E+0	17.487516E+0	65.423461E+3
49.700000E+0	0.000000E+0	0.000000E+0	75.000000E+0	17.457102E+0	65.447620E+3
49.800000E+0	0.000000E+0	0.000000E+0	75.000000E+0	16.428082E+0	65.472216E+3
49.900000E+0	0.000000E+0	0.000000E+0	75.000000E+0	15.895829E+0	65.496347E+3
50.000000E+0	0.000000E+0	0.000000E+0	75.000000E+0	15.196298E+0	65.520591E+3
50.100000E+0	0.000000E+0	0.000000E+0	75.000000E+0	16.225319E+0	65.544806E+3
50.200000E+0	0.000000E+0	0.000000E+0	75.000000E+0	17.087060E+0	65.569064E+3
50.300000E+0	0.000000E+0	0.000000E+0	75.000000E+0	16.988213E+0	65.593378E+3
50.400000E+0	0.000000E+0	0.000000E+0	75.000000E+0	17.320237E+0	65.617650E+3
50.500000E+0	0.000000E+0	0.000000E+0	75.000000E+0	17.159294E+0	65.641880E+3
50.600000E+0	0.000000E+0	0.000000E+0	75.000000E+0	16.312760E+0	65.666222E+3
50.700000E+0	0.000000E+0	0.000000E+0	75.000000E+0	15.931313E+0	65.690494E+3
50.800000E+0	0.000000E+0	0.000000E+0	75.000000E+0	14.956785E+0	65.714695E+3
50.900000E+0	0.000000E+0	0.000000E+0	75.000000E+0	14.368773E+0	65.739009E+3
51.000000E+0	0.000000E+0	0.000000E+0	75.000000E+0	15.864148E+0	65.763281E+3
51.100000E+0	0.000000E+0	0.000000E+0	75.000000E+0	16.177163E+0	65.787539E+3
51.200000E+0	0.000000E+0	0.000000E+0	75.000000E+0	17.289823E+0	65.811881E+3
51.300000E+0	0.000000E+0	0.000000E+0	75.000000E+0	17.436826E+0	65.836153E+3
51.400000E+0	0.000000E+0	0.000000E+0	75.000000E+0	17.165631E+0	65.860355E+3
51.500000E+0	0.000000E+0	0.000000E+0	75.000000E+0	17.454567E+0	65.884430E+3
51.600000E+0	0.000000E+0	0.000000E+0	75.000000E+0	16.809529E+0	65.908884E+3
51.700000E+0	0.000000E+0	0.000000E+0	75.000000E+0	16.260802E+0	65.932903E+3
51.800000E+0	0.000000E+0	0.000000E+0	75.000000E+0	15.276136E+0	65.957316E+3
51.900000E+0	0.000000E+0	0.000000E+0	75.000000E+0	15.822328E+0	65.981588E+3
52.000000E+0	0.000000E+0	0.000000E+0	75.000000E+0	16.364718E+0	66.005648E+3
52.100000E+0	0.000000E+0	0.000000E+0	75.000000E+0	17.038904E+0	66.029836E+3
52.200000E+0	0.000000E+0	0.000000E+0	75.000000E+0	16.884297E+0	66.054136E+3
52.300000E+0	0.000000E+0	0.000000E+0	75.000000E+0	17.310099E+0	66.078422E+3
52.400000E+0	0.000000E+0	0.000000E+0	75.000000E+0	17.267012E+0	66.102666E+3
52.500000E+0	0.000000E+0	0.000000E+0	75.000000E+0	16.606766E+0	66.126811E+3
52.600000E+0	0.000000E+0	0.000000E+0	75.000000E+0	16.514256E+0	66.151055E+3
52.700000E+0	0.000000E+0	0.000000E+0	75.000000E+0	15.911037E+0	66.175242E+3
52.800000E+0	0.000000E+0	0.000000E+0	75.000000E+0	14.182485E+0	66.199697E+3
52.900000E+0	0.000000E+0	0.000000E+0	75.000000E+0	14.257254E+0	66.223758E+3
53.000000E+0	0.000000E+0	0.000000E+0	75.000000E+0	15.905968E+0	66.248156E+3
53.100000E+0	0.000000E+0	0.000000E+0	75.000000E+0	16.250664E+0	66.272203E+3
53.200000E+0	0.000000E+0	0.000000E+0	75.000000E+0	17.120009E+0	66.296644E+3
53.300000E+0	0.000000E+0	0.000000E+0	75.000000E+0	16.922315E+0	66.320663E+3
53.400000E+0	0.000000E+0	0.000000E+0	75.000000E+0	17.430489E+0	66.345047E+3
53.500000E+0	0.000000E+0	0.000000E+0	75.000000E+0	17.302495E+0	66.369347E+3
53.600000E+0	0.000000E+0	0.000000E+0	75.000000E+0	17.050309E+0	66.393309E+3
53.700000E+0	0.000000E+0	0.000000E+0	75.000000E+0	16.487643E+0	66.417891E+3
53.800000E+0	0.000000E+0	0.000000E+0	75.000000E+0	15.822328E+0	66.442008E+3
53.900000E+0	0.000000E+0	0.000000E+0	75.000000E+0	15.201367E+0	66.466041E+3
54.000000E+0	0.000000E+0	0.000000E+0	75.000000E+0	15.835001E+0	66.490256E+3
54.100000E+0	0.000000E+0	0.000000E+0	75.000000E+0	16.259535E+0	66.514542E+3
54.200000E+0	0.000000E+0	0.000000E+0	75.000000E+0	17.213787E+0	66.538927E+3
54.300000E+0	0.000000E+0	0.000000E+0	75.000000E+0	17.405144E+0	66.563114E+3
54.400000E+0	0.000000E+0	0.000000E+0	75.000000E+0	16.976808E+0	66.587358E+3
54.500000E+0	0.000000E+0	0.000000E+0	75.000000E+0	16.871625E+0	66.611616E+3
54.600000E+0	0.000000E+0	0.000000E+0	75.000000E+0	16.938790E+0	66.635606E+3
54.700000E+0	0.000000E+0	0.000000E+0	75.000000E+0	16.210112E+0	66.659864E+3
54.800000E+0	0.000000E+0	0.000000E+0	75.000000E+0	15.726016E+0	66.684150E+3
54.900000E+0	0.000000E+0	0.000000E+0	75.000000E+0	14.517043E+0	66.708422E+3
55.000000E+0	0.000000E+0	0.000000E+0	75.000000E+0	13.969584E+0	66.732666E+3
55.100000E+0	0.000000E+0	0.000000E+0	75.000000E+0	15.263463E+0	66.756741E+3
55.200000E+0	0.000000E+0	0.000000E+0	75.000000E+0	16.255733E+0	66.781083E+3
55.300000E+0	0.000000E+0	0.000000E+0	75.000000E+0	16.722087E+0	66.805186E+3
55.400000E+0	0.000000E+0	0.000000E+0	75.000000E+0	17.123811E+0	66.829430E+3
55.500000E+0	0.000000E+0	0.000000E+0	75.000000E+0	17.089595E+0	66.853758E+3
55.600000E+0	0.000000E+0	0.000000E+0	75.000000E+0	17.462171E+0	66.877805E+3
55.700000E+0	0.000000E+0	0.000000E+0	75.000000E+0	17.212520E+0	66.902245E+3
55.800000E+0	0.000000E+0	0.000000E+0	75.000000E+0	16.809529E+0	66.926250E+3
55.900000E+0	0.000000E+0	0.000000E+0	75.000000E+0	16.237992E+0	66.950620E+3
56.000000E+0	0.000000E+0	0.000000E+0	75.000000E+0	15.880622E+0	66.974780E+3
56.100000E+0	0.000000E+0	0.000000E+0	75.000000E+0	14.930172E+0	66.998925E+3
56.200000E+0	0.000000E+0	0.000000E+0	75.000000E+0	16.084652E+0	67.023098E+3
56.300000E+0	0.000000E+0	0.000000E+0	75.000000E+0	16.578886E+0	67.047666E+3
56.400000E+0	0.000000E+0	0.000000E+0	75.000000E+0	17.079457E+0	67.071544E+3
56.500000E+0	0.000000E+0	0.000000E+0	75.000000E+0	17.362057E+0	67.095759E+3
56.600000E+0	0.000000E+0	0.000000E+0	75.000000E+0	17.008490E+0	67.120045E+3
56.700000E+0	0.000000E+0	0.000000E+0	75.000000E+0	17.168165E+0	67.144205E+3
56.800000E+0	0.000000E+0	0.000000E+0	75.000000E+0	16.908376E+0	67.168420E+3
56.900000E+0	0.000000E+0	0.000000E+0	75.000000E+0	16.226586E+0	67.192664E+3
57.000000E+0	0.000000E+0	0.000000E+0	75.000000E+0	15.838802E+0	67.216922E+3
57.100000E+0	0.000000E+0	0.000000E+0	75.000000E+0	15.040424E+0	67.241081E+3
57.200000E+0	0.000000E+0	0.000000E+0	75.000000E+0	14.803446E+0	67.265480E+3
57.300000E+0	0.000000E+0	0.000000E+0	75.000000E+0	15.861613E+0	67.289709E+3
57.400000E+0	0.000000E+0	0.000000E+0	75.000000E+0	15.755163E+0	67.313700E+3
57.500000E+0	0.000000E+0	0.000000E+0	75.000000E+0	16.618172E+0	67.337930E+3
57.600000E+0	0.000000E+0	0.000000E+0	75.000000E+0	17.104802E+0	67.362314E+3
57.700000E+0	0.000000E+0	0.000000E+0	75.000000E+0	17.003421E+0	67.386361E+3
57.800000E+0	0.000000E+0	0.000000E+0	75.000000E+0	17.452033E+0	67.410591E+3
57.900000E+0	0.000000E+0	0.000000E+0	75.000000E+0	17.227727E+0	67.435017E+3
58.000000E+0	0.000000E+0	0.000000E+0	75.000000E+0	16.383727E+0	67.459289E+3
58.100000E+0	0.000000E+0	0.000000E+0	75.000000E+0	16.363451E+0	67.483406E+3
58.200000E+0	0.000000E+0	0.000000E+0	75.000000E+0	15.534658E+0	67.507678E+3
58.300000E+0	0.000000E+0	0.000000E+0	75.000000E+0	14.991001E+0	67.531711E+3
58.400000E+0	0.000000E+0	0.000000E+0	75.000000E+0	16.221517E+0	67.555927E+3
58.500000E+0	0.000000E+0	0.000000E+0	75.000000E+0	16.314028E+0	67.580156E+3
58.600000E+0	0.000000E+0	0.000000E+0	75.000000E+0	17.074387E+0	67.604372E+3
58.700000E+0	0.000000E+0	0.000000E+0	75.000000E+0	17.393739E+0	67.628756E+3
58.800000E+0	0.000000E+0	0.000000E+0	75.000000E+0	17.027499E+0	67.652873E+3
58.900000E+0	0.000000E+0	0.000000E+0	75.000000E+0	17.055378E+0	67.677216E+3
59.000000E+0	0.000000E+0	0.000000E+0	75.000000E+0	16.691673E+0	67.701375E+3
59.100000E+0	0.000000E+0	0.000000E+0	75.000000E+0	15.448484E+0	67.725788E+3
59.200000E+0	0.000000E+0	0.000000E+0	75.000000E+0	14.609554E+0	67.750073E+3
59.300000E+0	0.000000E+0	0.000000E+0	75.000000E+0	14.996070E+0	67.774289E+3
59.400000E+0	0.000000E+0	0.000000E+0	75.000000E+0	15.767836E+0	67.798448E+3
59.500000E+0	0.000000E+0	0.000000E+0	75.000000E+0	16.649853E+0	67.822706E+3
59.600000E+0	0.000000E+0	0.000000E+0	75.000000E+0	16.864021E+0	67.846936E+3
59.700000E+0	0.000000E+0	0.000000E+0	75.000000E+0	17.462171E+0	67.871180E+3
59.800000E+0	0.000000E+0	0.000000E+0	75.000000E+0	17.478646E+0	67.895550E+3
59.900000E+0	0.000000E+0	0.000000E+0	75.000000E+0	17.054111E+0	67.919709E+3
60.000000E+0	0.000000E+0	0.000000E+0	75.000000E+0	16.455961E+0	67.944178E+3
60.100000E+0	0.000000E+0	0.000000E+0	75.000000E+0	16.154352E+0	67.968309E+3
60.200000E+0	0.000000E+0	0.000000E+0	75.000000E+0	15.061968E+0	67.992609E+3
60.300000E+0	0.000000E+0	0.000000E+0	75.000000E+0	16.443289E+0	68.016797E+3
60.400000E+0	0.000000E+0	0.000000E+0	75.000000E+0	16.730958E+0	68.041209E+3
60.500000E+0	0.000000E+0	0.000000E+0	75.000000E+0	17.282219E+0	68.065439E+3
60.600000E+0	0.000000E+0	0.000000E+0	75.000000E+0	17.407679E+0	68.089500E+3
60.700000E+0	0.000000E+0	0.000000E+0	75.000000E+0	16.961601E+0	68.113786E+3
60.800000E+0	0.000000E+0	0.000000E+0	75.000000E+0	16.808261E+0	68.138072E+3
60.900000E+0	0.000000E+0	0.000000E+0	75.000000E+0	16.014953E+0	68.162442E+3
61.000000E+0	0.000000E+0	0.000000E+0	75.000000E+0	15.423139E+0	68.186573E+3
61.100000E+0	0.000000E+0	0.000000E+0	75.000000E+0	14.693193E+0	68.211042E+3
61.200000E+0	0.000000E+0	0.000000E+0	75.000000E+0	15.596755E+0	68.235258E+3
61.300000E+0	0.000000E+0	0.000000E+0	75.000000E+0	16.620706E+0	68.259544E+3
61.400000E+0	0.000000E+0	0.000000E+0	75.000000E+0	16.961601E+0	68.283675E+3
61.500000E+0	0.000000E+0	0.000000E+0	75.000000E+0	17.038904E+0	68.307989E+3
61.600000E+0	0.000000E+0	0.000000E+0	75.000000E+0	17.408946E+0	68.332373E+3
61.700000E+0	0.000000E+0	0.000000E+0	75.000000E+0	17.211252E+0	68.356673E+3
61.800000E+0	0.000000E+0	0.000000E+0	75.000000E+0	16.225319E+0	68.380945E+3
61.900000E+0	0.000000E+0	0.000000E+0	75.000000E+0	16.354580E+0	68.404992E+3
62.000000E+0	0.000000E+0	0.000000E+0	75.000000E+0	15.629703E+0	68.429531E+3
62.100000E+0	0.000000E+0	0.000000E+0	75.000000E+0	16.098592E+0	68.453578E+3
62.200000E+0	0.000000E+0	0.000000E+0	75.000000E+0	17.002153E+0	68.477808E+3
62.300000E+0	0.000000E+0	0.000000E+0	75.000000E+0	16.894436E+0	68.502122E+3
62.400000E+0	0.000000E+0	0.000000E+0	75.000000E+0	17.265745E+0	68.526548E+3
62.500000E+0	0.000000E+0	0.000000E+0	75.000000E+0	17.064249E+0	68.550778E+3
62.600000E+0	0.000000E+0	0.000000E+0	75.000000E+0	16.486376E+0	68.574895E+3
62.700000E+0	0.000000E+0	0.000000E+0	75.000000E+0	15.836268E+0	68.599336E+3
62.800000E+0	0.000000E+0	0.000000E+0	75.000000E+0	14.833860E+0	68.623692E+3
62.900000E+0	0.000000E+0	0.000000E+0	75.000000E+0	14.274995E+0	68.647655E+3
63.000000E+0	0.000000E+0	0.000000E+0	75.000000E+0	15.951589E+0	68.672123E+3
63.100000E+0	0.000000E+0	0.000000E+0	75.000000E+0	15.902166E+0	68.696128E+3
63.200000E+0	0.000000E+0	0.000000E+0	75.000000E+0	16.998351E+0	68.720512E+3
63.300000E+0	0.000000E+0	0.000000E+0	75.000000E+0	17.230261E+0	68.744700E+3
63.400000E+0	0.000000E+0	0.000000E+0	75.000000E+0	17.170700E+0	68.769098E+3
63.500000E+0	0.000000E+0	0.000000E+0	75.000000E+0	17.387402E+0	68.793173E+3
63.600000E+0	0.000000E+0	0.000000E+0	75.000000E+0	16.864021E+0	68.817656E+3
63.700000E+0	0.000000E+0	0.000000E+0	75.000000E+0	16.295019E+0	68.841689E+3
63.800000E+0	0.000000E+0	0.000000E+0	75.000000E+0	15.257127E+0	68.866116E+3
63.900000E+0	0.000000E+0	0.000000E+0	75.000000E+0	15.399061E+0	68.890233E+3
64.000000E+0	0.000000E+0	0.000000E+0	75.000000E+0	16.646051E+0	68.914547E+3
64.100000E+0	0.000000E+0	0.000000E+0	75.000000E+0	17.330375E+0	68.939058E+3
64.200000E+0	0.000000E+0	0.000000E+0	75.000000E+0	16.994550E+0	68.963048E+3
64.300000E+0	0.000000E+0	0.000000E+0	75.000000E+0	17.140285E+0	68.987447E+3
64.400000E+0	0.000000E+0	0.000000E+0	75.000000E+0	17.131414E+0	69.011494E+3
64.500000E+0	0.000000E+0	0.000000E+0	75.000000E+0	16.282346E+0	69.035850E+3
64.600000E+0	0.000000E+0	0.000000E+0	75.000000E+0	16.044100E+0	69.060066E+3
64.700000E+0	0.000000E+0	0.000000E+0	75.000000E+0	14.364971E+0	69.084464E+3
64.800000E+0	0.000000E+0	0.000000E+0	75.000000E+0	13.958179E+0	69.108525E+3
64.900000E+0	0.000000E+0	0.000000E+0	75.000000E+0	15.841337E+0	69.132881E+3
65.000000E+0	0.000000E+0	0.000000E+0	75.000000E+0	16.633379E+0	69.157238E+3
65.100000E+0	0.000000E+0	0.000000E+0	75.000000E+0	16.525661E+0	69.181088E+3
65.200000E+0	0.000000E+0	0.000000E+0	75.000000E+0	17.023697E+0	69.205373E+3
65.300000E+0	0.000000E+0	0.000000E+0	75.000000E+0	17.107336E+0	69.229758E+3
65.400000E+0	0.000000E+0	0.000000E+0	75.000000E+0	17.491318E+0	69.253917E+3
65.500000E+0	0.000000E+0	0.000000E+0	75.000000E+0	17.318970E+0	69.278105E+3
65.600000E+0	0.000000E+0	0.000000E+0	75.000000E+0	16.728424E+0	69.302306E+3
65.700000E+0	0.000000E+0	0.000000E+0	75.000000E+0	15.969331E+0	69.326733E+3
65.800000E+0	0.000000E+0	0.000000E+0	75.000000E+0	15.245722E+0	69.351033E+3
65.900000E+0	0.000000E+0	0.000000E+0	75.000000E+0	16.287415E+0	69.375248E+3
66.000000E+0	0.000000E+0	0.000000E+0	75.000000E+0	16.685337E+0	69.399267E+3
66.100000E+0	0.000000E+0	0.000000E+0	75.000000E+0	16.701811E+0	69.423595E+3
66.200000E+0	0.000000E+0	0.000000E+0	75.000000E+0	17.306297E+0	69.448008E+3
66.300000E+0	0.000000E+0	0.000000E+0	75.000000E+0	17.388670E+0	69.472027E+3
66.400000E+0	0.000000E+0	0.000000E+0	75.000000E+0	16.677733E+0	69.496369E+3
66.500000E+0	0.000000E+0	0.000000E+0	75.000000E+0	16.374856E+0	69.520781E+3
66.600000E+0	0.000000E+0	0.000000E+0	75.000000E+0	16.089721E+0	69.544800E+3
66.700000E+0	0.000000E+0	0.000000E+0	75.000000E+0	14.961854E+0	69.569227E+3
66.800000E+0	0.000000E+0	0.000000E+0	75.000000E+0	14.632365E+0	69.593414E+3
66.900000E+0	0.000000E+0	0.000000E+0	75.000000E+0	15.487770E+0	69.617602E+3
67.000000E+0	0.000000E+0	0.000000E+0	75.000000E+0	16.608033E+0	69.641930E+3
67.100000E+0	0.000000E+0	0.000000E+0	75.000000E+0	17.207450E+0	69.666258E+3
67.200000E+0	0.000000E+0	0.000000E+0	75.000000E+0	17.137751E+0	69.690600E+3
67.300000E+0	0.000000E+0	0.000000E+0	75.000000E+0	17.364592E+0	69.714844E+3
67.400000E+0	0.000000E+0	0.000000E+0	75.000000E+0	17.251805E+0	69.739031E+3
67.500000E+0	0.000000E+0	0.000000E+0	75.000000E+0	16.442021E+0	69.763233E+3
67.600000E+0	0.000000E+0	0.000000E+0	75.000000E+0	15.945253E+0	69.787519E+3
67.700000E+0	0.000000E+0	0.000000E+0	75.000000E+0	15.885691E+0	69.812002E+3
67.800000E+0	0.000000E+0	0.000000E+0	75.000000E+0	16.608033E+0	69.836119E+3
67.900000E+0	0.000000E+0	0.000000E+0	75.000000E+0	17.199847E+0	69.860348E+3
68.000000E+0	0.000000E+0	0.000000E+0	75.000000E+0	17.066784E+0	69.884817E+3
68.100000E+0	0.000000E+0	0.000000E+0	75.000000E+0	17.054111E+0	69.909145E+3
68.200000E+0	0.000000E+0	0.000000E+0	75.000000E+0	16.955264E+0	69.933234E+3
68.300000E+0	0.000000E+0	0.000000E+0	75.000000E+0	15.736154E+0	69.957703E+3
68.400000E+0	0.000000E+0	0.000000E+0	75.000000E+0	15.548598E+0	69.981792E+3
68.500000E+0	0.000000E+0	0.000000E+0	75.000000E+0	14.269926E+0	70.006064E+3
68.600000E+0	0.000000E+0	0.000000E+0	75.000000E+0	15.579013E+0	70.030406E+3
68.700000E+0	0.000000E+0	0.000000E+0	75.000000E+0	16.687871E+0	70.054734E+3
68.800000E+0	0.000000E+0	0.000000E+0	75.000000E+0	17.032568E+0	70.079105E+3
68.900000E+0	0.000000E+0	0.000000E+0	75.000000E+0	17.553414E+0	70.103405E+3
69.000000E+0	0.000000E+0	0.000000E+0	75.000000E+0	17.378531E+0	70.127747E+3
69.100000E+0	0.000000E+0	0.000000E+0	75.000000E+0	17.000886E+0	70.151780E+3
69.200000E+0	0.000000E+0	0.000000E+0	75.000000E+0	16.257001E+0	70.176248E+3
69.300000E+0	0.000000E+0	0.000000E+0	75.000000E+0	15.731085E+0	70.200492E+3
69.400000E+0	0.000000E+0	0.000000E+0	75.000000E+0	15.515649E+0	70.224652E+3
69.500000E+0	0.000000E+0	0.000000E+0	75.000000E+0	16.861487E+0	70.248923E+3
69.600000E+0	0.000000E+0	0.000000E+0	75.000000E+0	16.838676E+0	70.273280E+3
69.700000E+0	0.000000E+0	0.000000E+0	75.000000E+0	17.321504E+0	70.297509E+3
69.800000E+0	0.000000E+0	0.000000E+0	75.000000E+0	17.076922E+0	70.321950E+3
69.900000E+0	0.000000E+0	0.000000E+0	75.000000E+0	16.298820E+0	70.346250E+3
70.000000E+0	0.000000E+0	0.000000E+0	75.000000E+0	16.282346E+0	70.370409E+3
70.100000E+0	0.000000E+0	0.000000E+0	75.000000E+0	15.371181E+0	70.394611E+3
70.200000E+0	0.000000E+0	0.000000E+0	75.000000E+0	14.794575E+0	70.419080E+3
70.300000E+0	0.000000E+0	0.000000E+0	75.000000E+0	16.140412E+0	70.443380E+3
70.400000E+0	0.000000E+0	0.000000E+0	75.000000E+0	16.244328E+0	70.467384E+3
70.500000E+0	0.000000E+0	0.000000E+0	75.000000E+0	17.012291E+0	70.491684E+3
70.600000E+0	0.000000E+0	0.000000E+0	75.000000E+0	17.358255E+0	70.516097E+3
70.700000E+0	0.000000E+0	0.000000E+0	75.000000E+0	17.169432E+0	70.540383E+3
70.800000E+0	0.000000E+0	0.000000E+0	75.000000E+0	17.311366E+0	70.564458E+3
70.900000E+0	0.000000E+0	0.000000E+0	75.000000E+0	16.665060E+0	70.588941E+3
71.000000E+0	0.000000E+0	0.000000E+0	75.000000E+0	15.405397E+0	70.613213E+3
71.100000E+0	0.000000E+0	0.000000E+0	75.000000E+0	15.472562E+0	70.637245E+3
71.200000E+0	0.000000E+0	0.000000E+0	75.000000E+0	15.931313E+0	70.661573E+3
71.300000E+0	0.000000E+0	0.000000E+0	75.000000E+0	17.125078E+0	70.686000E+3
71.400000E+0	0.000000E+0	0.000000E+0	75.000000E+0	17.312634E+0	70.710103E+3
71.500000E+0	0.000000E+0	0.000000E+0	75.000000E+0	16.964135E+0	70.734600E+3
71.600000E+0	0.000000E+0	0.000000E+0	75.000000E+0	16.864021E+0	70.758844E+3
71.700000E+0	0.000000E+0	0.000000E+0	75.000000E+0	16.496514E+0	70.783088E+3
71.800000E+0	0.000000E+0	0.000000E+0	75.000000E+0	15.254593E+0	70.807444E+3
71.900000E+0	0.000000E+0	0.000000E+0	75.000000E+0	14.477758E+0	70.831856E+3
72.000000E+0	0.000000E+0	0.000000E+0	75.000000E+0	15.367379E+0	70.855988E+3
72.100000E+0	0.000000E+0	0.000000E+0	75.000000E+0	15.921175E+0	70.880091E+3
72.200000E+0	0.000000E+0	0.000000E+0	75.000000E+0	17.081991E+0	70.904573E+3
72.300000E+0	0.000000E+0	0.000000E+0	75.000000E+0	17.070586E+0	70.928789E+3
72.400000E+0	0.000000E+0	0.000000E+0	75.000000E+0	17.549612E+0	70.952892E+3
72.500000E+0	0.000000E+0	0.000000E+0	75.000000E+0	17.454567E+0	70.977220E+3
72.600000E+0	0.000000E+0	0.000000E+0	75.000000E+0	16.837409E+0	71.001464E+3
72.700000E+0	0.000000E+0	0.000000E+0	75.000000E+0	16.507919E+0	71.025736E+3
72.800000E+0	0.000000E+0	0.000000E+0	75.000000E+0	15.562538E+0	71.050064E+3
72.900000E+0	0.000000E+0	0.000000E+0	75.000000E+0	15.903433E+0	71.074322E+3
73.000000E+0	0.000000E+0	0.000000E+0	75.000000E+0	17.199847E+0	71.098791E+3
73.100000E+0	0.000000E+0	0.000000E+0	75.000000E+0	16.881763E+0	71.122908E+3
73.200000E+0	0.000000E+0	0.000000E+0	75.000000E+0	17.287288E+0	71.147503E+3
73.300000E+0	0.000000E+0	0.000000E+0	75.000000E+0	17.016093E+0	71.171592E+3
73.400000E+0	0.000000E+0	0.000000E+0	75.000000E+0	16.419211E+0	71.195766E+3
73.500000E+0	0.000000E+0	0.000000E+0	75.000000E+0	15.472562E+0	71.220248E+3
73.600000E+0	0.000000E+0	0.000000E+0	75.000000E+0	14.249650E+0	71.244492E+3
73.700000E+0	0.000000E+0	0.000000E+0	75.000000E+0	15.585349E+0	71.268820E+3
73.800000E+0	0.000000E+0	0.000000E+0	75.000000E+0	16.701811E+0	71.293134E+3
73.900000E+0	0.000000E+0	0.000000E+0	75.000000E+0	16.639715E+0	71.317195E+3
74.000000E+0	0.000000E+0	0.000000E+0	75.000000E+0	17.503991E+0	71.341594E+3
74.100000E+0	0.000000E+0	0.000000E+0	75.000000E+0	17.431757E+0	71.366048E+3
74.200000E+0	0.000000E+0	0.000000E+0	75.000000E+0	17.047775E+0	71.390180E+3
74.300000E+0	0.000000E+0	0.000000E+0	75.000000E+0	16.779114E+0	71.414452E+3
74.400000E+0	0.000000E+0	0.000000E+0	75.000000E+0	15.269800E+0	71.438977E+3
74.500000E+0	0.000000E+0	0.000000E+0	75.000000E+0	16.369787E+0	71.463403E+3
74.600000E+0	0.000000E+0	0.000000E+0	75.000000E+0	17.145354E+0	71.487520E+3
74.700000E+0	0.000000E+0	0.000000E+0	75.000000E+0	16.923583E+0	71.511722E+3
74.800000E+0	0.000000E+0	0.000000E+0	75.000000E+0	17.315168E+0	71.536148E+3
74.900000E+0	0.000000E+0	0.000000E+0	75.000000E+0	16.912177E+0	71.560477E+3
75.000000E+0	0.000000E+0	0.000000E+0	75.000000E+0	16.298820E+0	71.584650E+3
75.100000E+0	0.000000E+0	0.000000E+0	75.000000E+0	15.665187E+0	71.608964E+3
75.200000E+0	0.000000E+0	0.000000E+0	75.000000E+0	14.236977E+0	71.633278E+3
75.300000E+0	0.000000E+0	0.000000E+0	75.000000E+0	15.755163E+0	71.657648E+3
75.400000E+0	0.000000E+0	0.000000E+0	75.000000E+0	16.804460E+0	71.681948E+3
75.500000E+0	0.000000E+0	0.000000E+0	75.000000E+0	17.078189E+0	71.706291E+3
75.600000E+0	0.000000E+0	0.000000E+0	75.000000E+0	17.615510E+0	71.730562E+3
75.700000E+0	0.000000E+0	0.000000E+0	75.000000E+0	17.350652E+0	71.754947E+3
75.800000E+0	0.000000E+0	0.000000E+0	75.000000E+0	16.368520E+0	71.779387E+3
75.900000E+0	0.000000E+0	0.000000E+0	75.000000E+0	15.791914E+0	71.803561E+3
76.000000E+0	0.000000E+0	0.000000E+0	75.000000E+0	16.365985E+0	71.828184E+3
76.100000E+0	0.000000E+0	0.000000E+0	75.000000E+0	17.212520E+0	71.852456E+3
76.200000E+0	0.000000E+0	0.000000E+0	75.000000E+0	17.434291E+0	71.876588E+3
76.300000E+0	0.000000E+0	0.000000E+0	75.000000E+0	17.023697E+0	71.900944E+3
76.400000E+0	0.000000E+0	0.000000E+0	75.000000E+0	16.633379E+0	71.925469E+3
76.500000E+0	0.000000E+0	0.000000E+0	75.000000E+0	15.732352E+0	71.949741E+3
76.600000E+0	0.000000E+0	0.000000E+0	75.000000E+0	14.903560E+0	71.973914E+3
76.700000E+0	0.000000E+0	0.000000E+0	75.000000E+0	15.731085E+0	71.998453E+3
76.800000E+0	0.000000E+0	0.000000E+0	75.000000E+0	16.488910E+0	72.022753E+3
76.900000E+0	0.000000E+0	0.000000E+0	75.000000E+0	17.078189E+0	72.046898E+3
77.000000E+0	0.000000E+0	0.000000E+0	75.000000E+0	17.521733E+0	72.071480E+3
77.100000E+0	0.000000E+0	0.000000E+0	75.000000E+0	17.199847E+0	72.095695E+3
77.200000E+0	0.000000E+0	0.000000E+0	75.000000E+0	16.812063E+0	72.120066E+3
77.300000E+0	0.000000E+0	0.000000E+0	75.000000E+0	16.198706E+0	72.144309E+3
77.400000E+0	0.000000E+0	0.000000E+0	75.000000E+0	15.926244E+0	72.168750E+3
77.500000E+0	0.000000E+0	0.000000E+0	75.000000E+0	16.699277E+0	72.192853E+3
77.600000E+0	0.000000E+0	0.000000E+0	75.000000E+0	16.923583E+0	72.217336E+3
77.700000E+0	0.000000E+0	0.000000E+0	75.000000E+0	17.327841E+0	72.241566E+3
77.800000E+0	0.000000E+0	0.000000E+0	75.000000E+0	17.275883E+0	72.265838E+3
77.900000E+0	0.000000E+0	0.000000E+0	75.000000E+0	16.146748E+0	72.290334E+3
78.000000E+0	0.000000E+0	0.000000E+0	75.000000E+0	15.954124E+0	72.314508E+3
78.100000E+0	0.000000E+0	0.000000E+0	75.000000E+0	14.786971E+0	72.338752E+3
78.200000E+0	0.000000E+0	0.000000E+0	75.000000E+0	15.728550E+0	72.363262E+3
78.300000E+0	0.000000E+0	0.000000E+0	75.000000E+0	16.450892E+0	72.387436E+3
78.400000E+0	0.000000E+0	0.000000E+0	75.000000E+0	17.036369E+0	72.412031E+3
78.500000E+0	0.000000E+0	0.000000E+0	75.000000E+0	17.540742E+0	72.436008E+3
78.600000E+0	0.000000E+0	0.000000E+0	75.000000E+0	17.488784E+0	72.460378E+3
78.700000E+0	0.000000E+0	0.000000E+0	75.000000E+0	16.902039E+0	72.484650E+3
78.800000E+0	0.000000E+0	0.000000E+0	75.000000E+0	15.983271E+0	72.509133E+3
78.900000E+0	0.000000E+0	0.000000E+0	75.000000E+0	15.516917E+0	72.533278E+3
79.000000E+0	0.000000E+0	0.000000E+0	75.000000E+0	16.273475E+0	72.557606E+3
79.100000E+0	0.000000E+0	0.000000E+0	75.000000E+0	17.201114E+0	72.581920E+3
79.200000E+0	0.000000E+0	0.000000E+0	75.000000E+0	17.061715E+0	72.606445E+3
79.300000E+0	0.000000E+0	0.000000E+0	75.000000E+0	17.287288E+0	72.630577E+3
79.400000E+0	0.000000E+0	0.000000E+0	75.000000E+0	16.562412E+0	72.655059E+3
79.500000E+0	0.000000E+0	0.000000E+0	75.000000E+0	15.832466E+0	72.679247E+3
79.600000E+0	0.000000E+0	0.000000E+0	75.000000E+0	14.634899E+0	72.703659E+3
79.700000E+0	0.000000E+0	0.000000E+0	75.000000E+0	15.239385E+0	72.728044E+3
79.800000E+0	0.000000E+0	0.000000E+0	75.000000E+0	16.613102E+0	72.752330E+3
79.900000E+0	0.000000E+0	0.000000E+0	75.000000E+0	17.253072E+0	72.776686E+3
80.000000E+0	0.000000E+0	0.000000E+0	75.000000E+0	17.209985E+0	72.801211E+3
80.100000E+0	0.000000E+0	0.000000E+0	75.000000E+0	17.149156E+0	72.825511E+3
80.200000E+0	0.000000E+0	0.000000E+0	75.000000E+0	16.657457E+0	72.849741E+3
80.300000E+0	0.000000E+0	0.000000E+0	75.000000E+0	14.931440E+0	72.874195E+3
80.400000E+0	0.000000E+0	0.000000E+0	75.000000E+0	16.424280E+0	72.898383E+3
80.500000E+0	0.000000E+0	0.000000E+0	75.000000E+0	16.831072E+0	72.922823E+3
80.600000E+0	0.000000E+0	0.000000E+0	75.000000E+0	17.363324E+0	72.947292E+3
80.700000E+0	0.000000E+0	0.000000E+0	75.000000E+0	17.225192E+0	72.971466E+3
80.800000E+0	0.000000E+0	0.000000E+0	75.000000E+0	16.330502E+0	72.995836E+3
80.900000E+0	0.000000E+0	0.000000E+0	75.000000E+0	15.006208E+0	73.020375E+3
81.000000E+0	0.000000E+0	0.000000E+0	75.000000E+0	14.863007E+0	73.044928E+3
81.100000E+0	0.000000E+0	0.000000E+0	75.000000E+0	15.854010E+0	73.068863E+3
81.200000E+0	0.000000E+0	0.000000E+0	75.000000E+0	16.894436E+0	73.093205E+3
81.300000E+0	0.000000E+0	0.000000E+0	75.000000E+0	17.131414E+0	73.117673E+3
81.400000E+0	0.000000E+0	0.000000E+0	75.000000E+0	17.558483E+0	73.141819E+3
81.500000E+0	0.000000E+0	0.000000E+0	75.000000E+0	17.035102E+0	73.166400E+3
81.600000E+0	0.000000E+0	0.000000E+0	75.000000E+0	16.374856E+0	73.190475E+3
81.700000E+0	0.000000E+0	0.000000E+0	75.000000E+0	15.547331E+0	73.214831E+3
81.800000E+0	0.000000E+0	0.000000E+0	75.000000E+0	16.054238E+0	73.239230E+3
81.900000E+0	0.000000E+0	0.000000E+0	75.000000E+0	17.183372E+0	73.263614E+3
82.000000E+0	0.000000E+0	0.000000E+0	75.000000E+0	17.408946E+0	73.287759E+3
82.100000E+0	0.000000E+0	0.000000E+0	75.000000E+0	16.971739E+0	73.312242E+3
82.200000E+0	0.000000E+0	0.000000E+0	75.000000E+0	16.970472E+0	73.336373E+3
82.300000E+0	0.000000E+0	0.000000E+0	75.000000E+0	16.379925E+0	73.360800E+3
82.400000E+0	0.000000E+0	0.000000E+0	75.000000E+0	15.421872E+0	73.384973E+3
82.500000E+0	0.000000E+0	0.000000E+0	75.000000E+0	14.785704E+0	73.409231E+3
82.600000E+0	0.000000E+0	0.000000E+0	75.000000E+0	14.171080E+0	73.433306E+3
82.700000E+0	0.000000E+0	0.000000E+0	75.000000E+0	16.267139E+0	73.457817E+3
82.800000E+0	0.000000E+0	0.000000E+0	75.000000E+0	17.041439E+0	73.482145E+3
82.900000E+0	0.000000E+0	0.000000E+0	75.000000E+0	16.978075E+0	73.506192E+3
83.000000E+0	0.000000E+0	0.000000E+0	75.000000E+0	17.446964E+0	73.530731E+3
83.100000E+0	0.000000E+0	0.000000E+0	75.000000E+0	17.433024E+0	73.554863E+3
83.200000E+0	0.000000E+0	0.000000E+0	75.000000E+0	16.700544E+0	73.579134E+3
83.300000E+0	0.000000E+0	0.000000E+0	75.000000E+0	16.319097E+0	73.603406E+3
83.400000E+0	0.000000E+0	0.000000E+0	75.000000E+0	15.770370E+0	73.627945E+3
83.500000E+0	0.000000E+0	0.000000E+0	75.000000E+0	16.377391E+0	73.652020E+3
83.600000E+0	0.000000E+0	0.000000E+0	75.000000E+0	17.343048E+0	73.676644E+3
83.700000E+0	0.000000E+0	0.000000E+0	75.000000E+0	17.055378E+0	73.700845E+3
83.800000E+0	0.000000E+0	0.000000E+0	75.000000E+0	17.220123E+0	73.725019E+3
83.900000E+0	0.000000E+0	0.000000E+0	75.000000E+0	16.656190E+0	73.749417E+3
84.000000E+0	0.000000E+0	0.000000E+0	75.000000E+0	15.943986E+0	73.773619E+3
84.100000E+0	0.000000E+0	0.000000E+0	75.000000E+0	15.206436E+0	73.797905E+3
84.200000E+0	0.000000E+0	0.000000E+0	75.000000E+0	14.552527E+0	73.822163E+3
84.300000E+0	0.000000E+0	0.000000E+0	75.000000E+0	16.473703E+0	73.846687E+3
84.400000E+0	0.000000E+0	0.000000E+0	75.000000E+0	16.927385E+0	73.870833E+3
84.500000E+0	0.000000E+0	0.000000E+0	75.000000E+0	17.059180E+0	73.895119E+3
84.600000E+0	0.000000E+0	0.000000E+0	75.000000E+0	17.387402E+0	73.919616E+3
84.700000E+0	0.000000E+0	0.000000E+0	75.000000E+0	17.184640E+0	73.943887E+3
84.800000E+0	0.000000E+0	0.000000E+0	75.000000E+0	16.324166E+0	73.968103E+3
84.900000E+0	0.000000E+0	0.000000E+0	75.000000E+0	15.254593E+0	73.992713E+3
85.000000E+0	0.000000E+0	0.000000E+0	75.000000E+0	15.973133E+0	74.016802E+3
85.100000E+0	0.000000E+0	0.000000E+0	75.000000E+0	16.969204E+0	74.041059E+3
85.200000E+0	0.000000E+0	0.000000E+0	75.000000E+0	17.478646E+0	74.065528E+3
85.300000E+0	0.000000E+0	0.000000E+0	75.000000E+0	16.898237E+0	74.089898E+3
85.400000E+0	0.000000E+0	0.000000E+0	75.000000E+0	16.800658E+0	74.114100E+3
85.500000E+0	0.000000E+0	0.000000E+0	75.000000E+0	16.363451E+0	74.138316E+3
85.600000E+0	0.000000E+0	0.000000E+0	75.000000E+0	14.958052E+0	74.162700E+3
85.700000E+0	0.000000E+0	0.000000E+0	75.000000E+0	15.611962E+0	74.187225E+3
85.800000E+0	0.000000E+0	0.000000E+0	75.000000E+0	16.016220E+0	74.211356E+3
85.900000E+0	0.000000E+0	0.000000E+0	75.000000E+0	17.050309E+0	74.235684E+3
86.000000E+0	0.000000E+0	0.000000E+0	75.000000E+0	17.534405E+0	74.260266E+3
86.100000E+0	0.000000E+0	0.000000E+0	75.000000E+0	17.197312E+0	74.284355E+3
86.200000E+0	0.000000E+0	0.000000E+0	75.000000E+0	16.799391E+0	74.309006E+3
86.300000E+0	0.000000E+0	0.000000E+0	75.000000E+0	16.329235E+0	74.333053E+3
86.400000E+0	0.000000E+0	0.000000E+0	75.000000E+0	16.020022E+0	74.357564E+3
86.500000E+0	0.000000E+0	0.000000E+0	75.000000E+0	16.789252E+0	74.381695E+3
86.600000E+0	0.000000E+0	0.000000E+0	75.000000E+0	16.896970E+0	74.406108E+3
86.700000E+0	0.000000E+0	0.000000E+0	75.000000E+0	17.260676E+0	74.430605E+3
86.800000E+0	0.000000E+0	0.000000E+0	75.000000E+0	17.087060E+0	74.454750E+3
86.900000E+0	0.000000E+0	0.000000E+0	75.000000E+0	15.836268E+0	74.479275E+3
87.000000E+0	0.000000E+0	0.000000E+0	75.000000E+0	15.397794E+0	74.503448E+3
87.100000E+0	0.000000E+0	0.000000E+0	75.000000E+0	15.050563E+0	74.527903E+3
87.200000E+0	0.000000E+0	0.000000E+0	75.000000E+0	16.401469E+0	74.552259E+3
87.300000E+0	0.000000E+0	0.000000E+0	75.000000E+0	17.166898E+0	74.576616E+3
87.400000E+0	0.000000E+0	0.000000E+0	75.000000E+0	17.061715E+0	74.600719E+3
87.500000E+0	0.000000E+0	0.000000E+0	75.000000E+0	17.488784E+0	74.625202E+3
87.600000E+0	0.000000E+0	0.000000E+0	75.000000E+0	17.259408E+0	74.649445E+3
87.700000E+0	0.000000E+0	0.000000E+0	75.000000E+0	16.189835E+0	74.673759E+3
87.800000E+0	0.000000E+0	0.000000E+0	75.000000E+0	15.841337E+0	74.698242E+3
87.900000E+0	0.000000E+0	0.000000E+0	75.000000E+0	16.406538E+0	74.722613E+3
88.000000E+0	0.000000E+0	0.000000E+0	75.000000E+0	17.163096E+0	74.746772E+3
88.100000E+0	0.000000E+0	0.000000E+0	75.000000E+0	17.463438E+0	74.771213E+3
88.200000E+0	0.000000E+0	0.000000E+0	75.000000E+0	16.902039E+0	74.795456E+3
88.300000E+0	0.000000E+0	0.000000E+0	75.000000E+0	16.729691E+0	74.819770E+3
88.400000E+0	0.000000E+0	0.000000E+0	75.000000E+0	15.903433E+0	74.844084E+3
88.500000E+0	0.000000E+0	0.000000E+0	75.000000E+0	14.032947E+0	74.868581E+3
88.600000E+0	0.000000E+0	0.000000E+0	75.000000E+0	16.056772E+0	74.892952E+3
88.700000E+0	0.000000E+0	0.000000E+0	75.000000E+0	16.474970E+0	74.917125E+3
88.800000E+0	0.000000E+0	0.000000E+0	75.000000E+0	17.525534E+0	74.941734E+3
88.900000E+0	0.000000E+0	0.000000E+0	75.000000E+0	17.505258E+0	74.965978E+3
89.000000E+0	0.000000E+0	0.000000E+0	75.000000E+0	16.838676E+0	74.990320E+3
89.100000E+0	0.000000E+0	0.000000E+0	75.000000E+0	16.921048E+0	75.014409E+3
89.200000E+0	0.000000E+0	0.000000E+0	75.000000E+0	15.490304E+0	75.038906E+3
89.300000E+0	0.000000E+0	0.000000E+0	75.000000E+0	16.663793E+0	75.063333E+3
89.400000E+0	0.000000E+0	0.000000E+0	75.000000E+0	17.169432E+0	75.087464E+3
89.500000E+0	0.000000E+0	0.000000E+0	75.000000E+0	17.076922E+0	75.111905E+3
89.600000E+0	0.000000E+0	0.000000E+0	75.000000E+0	17.190976E+0	75.136233E+3
89.700000E+0	0.000000E+0	0.000000E+0	75.000000E+0	16.458496E+0	75.160716E+3
89.800000E+0	0.000000E+0	0.000000E+0	75.000000E+0	15.551133E+0	75.184959E+3
89.900000E+0	0.000000E+0	0.000000E+0	75.000000E+0	14.409326E+0	75.209316E+3
90.000000E+0	0.000000E+0	0.000000E+0	75.000000E+0	16.278544E+0	75.233869E+3
90.100000E+0	0.000000E+0	0.000000E+0	75.000000E+0	17.246736E+0	75.258338E+3
90.200000E+0	0.000000E+0	0.000000E+0	75.000000E+0	17.472309E+0	75.282427E+3
90.300000E+0	0.000000E+0	0.000000E+0	75.000000E+0	17.137751E+0	75.306966E+3
90.400000E+0	0.000000E+0	0.000000E+0	75.000000E+0	17.097198E+0	75.331153E+3
90.500000E+0	0.000000E+0	0.000000E+0	75.000000E+0	15.227980E+0	75.355791E+3
90.600000E+0	0.000000E+0	0.000000E+0	75.000000E+0	16.341907E+0	75.380006E+3
90.700000E+0	0.000000E+0	0.000000E+0	75.000000E+0	17.321504E+0	75.404391E+3
90.800000E+0	0.000000E+0	0.000000E+0	75.000000E+0	17.118742E+0	75.428831E+3
90.900000E+0	0.000000E+0	0.000000E+0	75.000000E+0	16.798123E+0	75.453384E+3
91.000000E+0	0.000000E+0	0.000000E+0	75.000000E+0	16.255733E+0	75.477586E+3
91.100000E+0	0.000000E+0	0.000000E+0	75.000000E+0	14.537320E+0	75.502027E+3
91.200000E+0	0.000000E+0	0.000000E+0	75.000000E+0	15.895829E+0	75.526467E+3
91.300000E+0	0.000000E+0	0.000000E+0	75.000000E+0	16.730958E+0	75.550809E+3
91.400000E+0	0.000000E+0	0.000000E+0	75.000000E+0	17.639588E+0	75.575377E+3
91.500000E+0	0.000000E+0	0.000000E+0	75.000000E+0	17.316435E+0	75.599859E+3
91.600000E+0	0.000000E+0	0.000000E+0	75.000000E+0	16.524394E+0	75.624047E+3
91.700000E+0	0.000000E+0	0.000000E+0	75.000000E+0	15.662652E+0	75.648403E+3
91.800000E+0	0.000000E+0	0.000000E+0	75.000000E+0	16.198706E+0	75.672872E+3
91.900000E+0	0.000000E+0	0.000000E+0	75.000000E+0	17.339246E+0	75.697383E+3
92.000000E+0	0.000000E+0	0.000000E+0	75.000000E+0	17.479913E+0	75.721570E+3
92.100000E+0	0.000000E+0	0.000000E+0	75.000000E+0	16.567481E+0	75.746109E+3
92.200000E+0	0.000000E+0	0.000000E+0	75.000000E+0	16.269673E+0	75.770494E+3
92.300000E+0	0.000000E+0	0.000000E+0	75.000000E+0	14.724875E+0	75.794794E+3
92.400000E+0	0.000000E+0	0.000000E+0	75.000000E+0	15.416803E+0	75.819178E+3
92.500000E+0	0.000000E+0	0.000000E+0	75.000000E+0	16.333037E+0	75.843394E+3
92.600000E+0	0.000000E+0	0.000000E+0	75.000000E+0	16.784183E+0	75.867666E+3
92.700000E+0	0.000000E+0	0.000000E+0	75.000000E+0	17.581294E+0	75.892345E+3
92.800000E+0	0.000000E+0	0.000000E+0	75.000000E+0	17.501456E+0	75.916378E+3
92.900000E+0	0.000000E+0	0.000000E+0	75.000000E+0	16.524394E+0	75.940847E+3
93.000000E+0	0.000000E+0	0.000000E+0	75.000000E+0	15.836268E+0	75.965175E+3
93.100000E+0	0.000000E+0	0.000000E+0	75.000000E+0	15.184893E+0	75.989405E+3
93.200000E+0	0.000000E+0	0.000000E+0	75.000000E+0	16.819667E+0	76.013803E+3
93.300000E+0	0.000000E+0	0.000000E+0	75.000000E+0	17.325306E+0	76.038103E+3
93.400000E+0	0.000000E+0	0.000000E+0	75.000000E+0	17.051577E+0	76.062473E+3
93.500000E+0	0.000000E+0	0.000000E+0	75.000000E+0	17.260676E+0	76.086591E+3
93.600000E+0	0.000000E+0	0.000000E+0	75.000000E+0	16.847547E+0	76.110891E+3
93.700000E+0	0.000000E+0	0.000000E+0	75.000000E+0	15.708274E+0	76.135247E+3
93.800000E+0	0.000000E+0	0.000000E+0	75.000000E+0	14.324419E+0	76.159758E+3
93.900000E+0	0.000000E+0	0.000000E+0	75.000000E+0	15.558737E+0	76.184044E+3
94.000000E+0	0.000000E+0	0.000000E+0	75.000000E+0	16.885565E+0	76.208709E+3
94.100000E+0	0.000000E+0	0.000000E+0	75.000000E+0	17.341781E+0	76.232756E+3
94.200000E+0	0.000000E+0	0.000000E+0	75.000000E+0	17.147889E+0	76.256859E+3
94.300000E+0	0.000000E+0	0.000000E+0	75.000000E+0	17.259408E+0	76.281384E+3
94.400000E+0	0.000000E+0	0.000000E+0	75.000000E+0	16.578886E+0	76.305797E+3
94.500000E+0	0.000000E+0	0.000000E+0	75.000000E+0	15.733619E+0	76.329900E+3
94.600000E+0	0.000000E+0	0.000000E+0	75.000000E+0	16.174628E+0	76.354327E+3
94.700000E+0	0.000000E+0	0.000000E+0	75.000000E+0	16.563679E+0	76.378669E+3
94.800000E+0	0.000000E+0	0.000000E+0	75.000000E+0	17.340513E+0	76.403011E+3
94.900000E+0	0.000000E+0	0.000000E+0	75.000000E+0	17.248003E+0	76.427480E+3
95.000000E+0	0.000000E+0	0.000000E+0	75.000000E+0	16.259535E+0	76.451906E+3
95.100000E+0	0.000000E+0	0.000000E+0	75.000000E+0	16.064376E+0	76.476080E+3
95.200000E+0	0.000000E+0	0.000000E+0	75.000000E+0	14.655175E+0	76.500394E+3
95.300000E+0	0.000000E+0	0.000000E+0	75.000000E+0	15.708274E+0	76.524933E+3
95.400000E+0	0.000000E+0	0.000000E+0	75.000000E+0	17.116207E+0	76.549359E+3
95.500000E+0	0.000000E+0	0.000000E+0	75.000000E+0	17.137751E+0	76.573659E+3
95.600000E+0	0.000000E+0	0.000000E+0	75.000000E+0	17.446964E+0	76.598016E+3
95.700000E+0	0.000000E+0	0.000000E+0	75.000000E+0	17.089595E+0	76.622386E+3
95.800000E+0	0.000000E+0	0.000000E+0	75.000000E+0	16.085919E+0	76.646588E+3
95.900000E+0	0.000000E+0	0.000000E+0	75.000000E+0	15.269800E+0	76.670958E+3
96.000000E+0	0.000000E+0	0.000000E+0	75.000000E+0	16.592826E+0	76.695497E+3
96.100000E+0	0.000000E+0	0.000000E+0	75.000000E+0	17.363324E+0	76.719783E+3
96.200000E+0	0.000000E+0	0.000000E+0	75.000000E+0	17.453300E+0	76.743984E+3
96.300000E+0	0.000000E+0	0.000000E+0	75.000000E+0	16.567481E+0	76.768509E+3
96.400000E+0	0.000000E+0	0.000000E+0	75.000000E+0	16.433151E+0	76.792739E+3
96.500000E+0	0.000000E+0	0.000000E+0	75.000000E+0	15.420604E+0	76.816997E+3
96.600000E+0	0.000000E+0	0.000000E+0	75.000000E+0	15.425674E+0	76.841719E+3
96.700000E+0	0.000000E+0	0.000000E+0	75.000000E+0	16.144214E+0	76.865738E+3
96.800000E+0	0.000000E+0	0.000000E+0	75.000000E+0	17.019895E+0	76.890262E+3
96.900000E+0	0.000000E+0	0.000000E+0	75.000000E+0	17.597769E+0	76.914591E+3
97.000000E+0	0.000000E+0	0.000000E+0	75.000000E+0	17.515396E+0	76.938806E+3
97.100000E+0	0.000000E+0	0.000000E+0	75.000000E+0	16.552274E+0	76.963219E+3
97.200000E+0	0.000000E+0	0.000000E+0	75.000000E+0	16.097325E+0	76.987477E+3
97.300000E+0	0.000000E+0	0.000000E+0	75.000000E+0	15.629703E+0	77.011861E+3
97.400000E+0	0.000000E+0	0.000000E+0	75.000000E+0	16.900772E+0	77.036203E+3
97.500000E+0	0.000000E+0	0.000000E+0	75.000000E+0	17.467240E+0	77.060700E+3
97.600000E+0	0.000000E+0	0.000000E+0	75.000000E+0	16.894436E+0	77.085113E+3
97.700000E+0	0.000000E+0	0.000000E+0	75.000000E+0	16.828538E+0	77.109286E+3
97.800000E+0	0.000000E+0	0.000000E+0	75.000000E+0	15.528322E+0	77.133811E+3
97.900000E+0	0.000000E+0	0.000000E+0	75.000000E+0	14.600683E+0	77.158111E+3
98.000000E+0	0.000000E+0	0.000000E+0	75.000000E+0	15.774172E+0	77.182439E+3
98.100000E+0	0.000000E+0	0.000000E+0	75.000000E+0	16.566214E+0	77.206753E+3
98.200000E+0	0.000000E+0	0.000000E+0	75.000000E+0	17.593967E+0	77.231278E+3
98.300000E+0	0.000000E+0	0.000000E+0	75.000000E+0	17.469775E+0	77.255677E+3
98.400000E+0	0.000000E+0	0.000000E+0	75.000000E+0	16.915979E+0	77.279864E+3
98.500000E+0	0.000000E+0	0.000000E+0	75.000000E+0	16.258268E+0	77.304248E+3
98.600000E+0	0.000000E+0	0.000000E+0	75.000000E+0	15.265998E+0	77.328591E+3
98.700000E+0	0.000000E+0	0.000000E+0	75.000000E+0	16.771511E+0	77.352947E+3
98.800000E+0	0.000000E+0	0.000000E+0	75.000000E+0	17.360790E+0	77.377275E+3
98.900000E+0	0.000000E+0	0.000000E+0	75.000000E+0	17.084526E+0	77.401687E+3
99.000000E+0	0.000000E+0	0.000000E+0	75.000000E+0	16.889367E+0	77.426058E+3
99.100000E+0	0.000000E+0	0.000000E+0	75.000000E+0	16.189835E+0	77.450386E+3
99.200000E+0	0.000000E+0	0.000000E+0	75.000000E+0	14.615890E+0	77.474897E+3
99.300000E+0	0.000000E+0	0.000000E+0	75.000000E+0	15.566340E+0	77.499183E+3
99.400000E+0	0.000000E+0	0.000000E+0	75.000000E+0	16.462298E+0	77.523511E+3
99.500000E+0	0.000000E+0	0.000000E+0	75.000000E+0	17.439360E+0	77.547909E+3
99.600000E+0	0.000000E+0	0.000000E+0	75.000000E+0	17.568621E+0	77.572322E+3
99.700000E+0	0.000000E+0	0.000000E+0	75.000000E+0	16.957799E+0	77.596650E+3
99.800000E+0	0.000000E+0	0.000000E+0	75.000000E+0	16.297553E+0	77.621020E+3
99.900000E+0	0.000000E+0	0.000000E+0	75.000000E+0	15.969331E+0	77.645616E+3
100.000000E+0	0.000000E+0	0.000000E+0	75.000000E+0	16.780382E+0	77.669789E+3
100.100000E+0	0.000000E+0	0.000000E+0	75.000000E+0	17.375997E+0	77.694089E+3
100.200000E+0	0.000000E+0	0.000000E+0	75.000000E+0	17.117475E+0	77.718502E+3
100.300000E+0	0.000000E+0	0.000000E+0	75.000000E+0	17.140285E+0	77.742675E+3
100.400000E+0	0.000000E+0	0.000000E+0	75.000000E+0	16.495247E+0	77.767088E+3
100.500000E+0	0.000000E+0	0.000000E+0	75.000000E+0	14.662779E+0	77.791739E+3
100.600000E+0	0.000000E+0	0.000000E+0	75.000000E+0	14.724875E+0	77.815814E+3
100.700000E+0	0.000000E+0	0.000000E+0	75.000000E+0	16.065643E+0	77.840170E+3
100.800000E+0	0.000000E+0	0.000000E+0	75.000000E+0	17.246736E+0	77.864569E+3
100.900000E+0	0.000000E+0	0.000000E+0	75.000000E+0	17.554682E+0	77.889164E+3
101.000000E+0	0.000000E+0	0.000000E+0	75.000000E+0	17.146622E+0	77.913352E+3
101.100000E+0	0.000000E+0	0.000000E+0	75.000000E+0	16.182232E+0	77.937877E+3
101.200000E+0	0.000000E+0	0.000000E+0	75.000000E+0	15.435812E+0	77.962106E+3
101.300000E+0	0.000000E+0	0.000000E+0	75.000000E+0	17.040171E+0	77.986687E+3
101.400000E+0	0.000000E+0	0.000000E+0	75.000000E+0	17.354453E+0	78.010847E+3
101.500000E+0	0.000000E+0	0.000000E+0	75.000000E+0	16.978075E+0	78.035470E+3
101.600000E+0	0.000000E+0	0.000000E+0	75.000000E+0	16.638448E+0	78.059869E+3
101.700000E+0	0.000000E+0	0.000000E+0	75.000000E+0	15.463692E+0	78.084225E+3
101.800000E+0	0.000000E+0	0.000000E+0	75.000000E+0	14.268659E+0	78.108553E+3
101.900000E+0	0.000000E+0	0.000000E+0	75.000000E+0	16.113799E+0	78.132923E+3
102.000000E+0	0.000000E+0	0.000000E+0	75.000000E+0	16.945126E+0	78.157336E+3
102.100000E+0	0.000000E+0	0.000000E+0	75.000000E+0	17.614243E+0	78.181833E+3
102.200000E+0	0.000000E+0	0.000000E+0	75.000000E+0	17.274616E+0	78.206288E+3
102.300000E+0	0.000000E+0	0.000000E+0	75.000000E+0	16.515523E+0	78.230433E+3
102.400000E+0	0.000000E+0	0.000000E+0	75.000000E+0	15.644911E+0	78.255028E+3
102.500000E+0	0.000000E+0	0.000000E+0	75.000000E+0	16.535799E+0	78.279455E+3
102.600000E+0	0.000000E+0	0.000000E+0	75.000000E+0	17.282219E+0	78.303642E+3
102.700000E+0	0.000000E+0	0.000000E+0	75.000000E+0	17.391204E+0	78.328181E+3
102.800000E+0	0.000000E+0	0.000000E+0	75.000000E+0	16.625775E+0	78.352453E+3
102.900000E+0	0.000000E+0	0.000000E+0	75.000000E+0	15.665187E+0	78.377020E+3
103.000000E+0	0.000000E+0	0.000000E+0	75.000000E+0	14.746419E+0	78.401166E+3
103.100000E+0	0.000000E+0	0.000000E+0	75.000000E+0	15.776706E+0	78.425733E+3
103.200000E+0	0.000000E+0	0.000000E+0	75.000000E+0	17.140285E+0	78.450159E+3
103.300000E+0	0.000000E+0	0.000000E+0	75.000000E+0	17.141553E+0	78.474319E+3
103.400000E+0	0.000000E+0	0.000000E+0	75.000000E+0	17.383601E+0	78.498886E+3
103.500000E+0	0.000000E+0	0.000000E+0	75.000000E+0	17.155493E+0	78.523144E+3
103.600000E+0	0.000000E+0	0.000000E+0	75.000000E+0	15.248256E+0	78.547683E+3
103.700000E+0	0.000000E+0	0.000000E+0	75.000000E+0	16.711949E+0	78.572067E+3
103.800000E+0	0.000000E+0	0.000000E+0	75.000000E+0	16.583955E+0	78.596325E+3
103.900000E+0	0.000000E+0	0.000000E+0	75.000000E+0	17.365859E+0	78.620906E+3
104.000000E+0	0.000000E+0	0.000000E+0	75.000000E+0	17.240399E+0	78.645108E+3
104.100000E+0	0.000000E+0	0.000000E+0	75.000000E+0	16.222784E+0	78.669506E+3
104.200000E+0	0.000000E+0	0.000000E+0	75.000000E+0	15.169686E+0	78.693919E+3
104.300000E+0	0.000000E+0	0.000000E+0	75.000000E+0	15.010010E+0	78.718247E+3
104.400000E+0	0.000000E+0	0.000000E+0	75.000000E+0	17.009757E+0	78.743025E+3
104.500000E+0	0.000000E+0	0.000000E+0	75.000000E+0	17.329108E+0	78.767100E+3
104.600000E+0	0.000000E+0	0.000000E+0	75.000000E+0	17.221390E+0	78.791456E+3
104.700000E+0	0.000000E+0	0.000000E+0	75.000000E+0	16.948928E+0	78.816038E+3
104.800000E+0	0.000000E+0	0.000000E+0	75.000000E+0	15.586616E+0	78.840506E+3
104.900000E+0	0.000000E+0	0.000000E+0	75.000000E+0	16.450892E+0	78.864863E+3
105.000000E+0	0.000000E+0	0.000000E+0	75.000000E+0	17.216321E+0	78.889106E+3
105.100000E+0	0.000000E+0	0.000000E+0	75.000000E+0	17.155493E+0	78.913491E+3
105.200000E+0	0.000000E+0	0.000000E+0	75.000000E+0	17.084526E+0	78.937945E+3
105.300000E+0	0.000000E+0	0.000000E+0	75.000000E+0	16.551006E+0	78.962259E+3
105.400000E+0	0.000000E+0	0.000000E+0	75.000000E+0	15.031554E+0	78.986700E+3
105.500000E+0	0.000000E+0	0.000000E+0	75.000000E+0	15.956658E+0	79.011295E+3
105.600000E+0	0.000000E+0	0.000000E+0	75.000000E+0	16.410340E+0	79.035469E+3
105.700000E+0	0.000000E+0	0.000000E+0	75.000000E+0	17.643390E+0	79.060219E+3
105.800000E+0	0.000000E+0	0.000000E+0	75.000000E+0	17.457102E+0	79.084533E+3
105.900000E+0	0.000000E+0	0.000000E+0	75.000000E+0	16.879228E+0	79.108692E+3
106.000000E+0	0.000000E+0	0.000000E+0	75.000000E+0	15.410466E+0	79.133316E+3
106.100000E+0	0.000000E+0	0.000000E+0	75.000000E+0	16.255733E+0	79.157700E+3
106.200000E+0	0.000000E+0	0.000000E+0	75.000000E+0	17.109871E+0	79.181902E+3
106.300000E+0	0.000000E+0	0.000000E+0	75.000000E+0	17.509060E+0	79.206286E+3
106.400000E+0	0.000000E+0	0.000000E+0	75.000000E+0	16.615637E+0	79.230895E+3
106.500000E+0	0.000000E+0	0.000000E+0	75.000000E+0	16.194904E+0	79.255266E+3
106.600000E+0	0.000000E+0	0.000000E+0	75.000000E+0	15.336965E+0	79.279425E+3
106.700000E+0	0.000000E+0	0.000000E+0	75.000000E+0	14.911163E+0	79.303866E+3
106.800000E+0	0.000000E+0	0.000000E+0	75.000000E+0	16.957799E+0	79.328447E+3
106.900000E+0	0.000000E+0	0.000000E+0	75.000000E+0	17.014826E+0	79.352606E+3
107.000000E+0	0.000000E+0	0.000000E+0	75.000000E+0	17.625648E+0	79.377131E+3
107.100000E+0	0.000000E+0	0.000000E+0	75.000000E+0	17.296159E+0	79.401445E+3
107.200000E+0	0.000000E+0	0.000000E+0	75.000000E+0	16.094790E+0	79.425788E+3
107.300000E+0	0.000000E+0	0.000000E+0	75.000000E+0	15.543529E+0	79.450172E+3
107.400000E+0	0.000000E+0	0.000000E+0	75.000000E+0	16.577619E+0	79.474655E+3
107.500000E+0	0.000000E+0	0.000000E+0	75.000000E+0	17.417817E+0	79.499180E+3
107.600000E+0	0.000000E+0	0.000000E+0	75.000000E+0	17.189709E+0	79.523550E+3
107.700000E+0	0.000000E+0	0.000000E+0	75.000000E+0	16.395133E+0	79.547808E+3
107.800000E+0	0.000000E+0	0.000000E+0	75.000000E+0	15.579013E+0	79.572220E+3
107.900000E+0	0.000000E+0	0.000000E+0	75.000000E+0	15.714610E+0	79.596858E+3
108.000000E+0	0.000000E+0	0.000000E+0	75.000000E+0	16.421745E+0	79.621045E+3
108.100000E+0	0.000000E+0	0.000000E+0	75.000000E+0	17.433024E+0	79.645613E+3
108.200000E+0	0.000000E+0	0.000000E+0	75.000000E+0	17.213787E+0	79.669772E+3
108.300000E+0	0.000000E+0	0.000000E+0	75.000000E+0	17.275883E+0	79.694297E+3
108.400000E+0	0.000000E+0	0.000000E+0	75.000000E+0	16.371055E+0	79.718681E+3
108.500000E+0	0.000000E+0	0.000000E+0	75.000000E+0	15.644911E+0	79.743080E+3
108.600000E+0	0.000000E+0	0.000000E+0	75.000000E+0	17.122544E+0	79.767394E+3
108.700000E+0	0.000000E+0	0.000000E+0	75.000000E+0	17.126345E+0	79.791933E+3
108.800000E+0	0.000000E+0	0.000000E+0	75.000000E+0	17.108604E+0	79.816345E+3
108.900000E+0	0.000000E+0	0.000000E+0	75.000000E+0	16.410340E+0	79.840730E+3
109.000000E+0	0.000000E+0	0.000000E+0	75.000000E+0	14.648839E+0	79.865198E+3
109.100000E+0	0.000000E+0	0.000000E+0	75.000000E+0	15.651247E+0	79.889597E+3
109.200000E+0	0.000000E+0	0.000000E+0	75.000000E+0	16.869090E+0	79.914122E+3
109.300000E+0	0.000000E+0	0.000000E+0	75.000000E+0	17.573691E+0	79.938394E+3
109.400000E+0	0.000000E+0	0.000000E+0	75.000000E+0	17.538207E+0	79.962848E+3
109.500000E+0	0.000000E+0	0.000000E+0	75.000000E+0	16.442021E+0	79.987289E+3
109.600000E+0	0.000000E+0	0.000000E+0	75.000000E+0	15.732352E+0	80.011983E+3
109.700000E+0	0.000000E+0	0.000000E+0	75.000000E+0	16.374856E+0	80.036142E+3
109.800000E+0	0.000000E+0	0.000000E+0	75.000000E+0	17.419084E+0	80.060709E+3
109.900000E+0	0.000000E+0	0.000000E+0	75.000000E+0	17.228994E+0	80.085150E+3
110.000000E+0	0.000000E+0	0.000000E+0	75.000000E+0	16.490178E+0	80.109380E+3
110.100000E+0	0.000000E+0	0.000000E+0	75.000000E+0	15.155746E+0	80.133961E+3
110.200000E+0	0.000000E+0	0.000000E+0	75.000000E+0	14.580407E+0	80.158163E+3
110.300000E+0	0.000000E+0	0.000000E+0	75.000000E+0	16.360916E+0	80.182617E+3
110.400000E+0	0.000000E+0	0.000000E+0	75.000000E+0	17.424153E+0	80.207184E+3
110.500000E+0	0.000000E+0	0.000000E+0	75.000000E+0	17.215054E+0	80.231414E+3
110.600000E+0	0.000000E+0	0.000000E+0	75.000000E+0	17.277150E+0	80.255784E+3
110.700000E+0	0.000000E+0	0.000000E+0	75.000000E+0	16.008616E+0	80.280394E+3
110.800000E+0	0.000000E+0	0.000000E+0	75.000000E+0	15.230514E+0	80.304609E+3
110.900000E+0	0.000000E+0	0.000000E+0	75.000000E+0	17.286021E+0	80.329345E+3
111.000000E+0	0.000000E+0	0.000000E+0	75.000000E+0	17.081991E+0	80.353448E+3
111.100000E+0	0.000000E+0	0.000000E+0	75.000000E+0	17.014826E+0	80.378016E+3
111.200000E+0	0.000000E+0	0.000000E+0	75.000000E+0	16.410340E+0	80.402330E+3
111.300000E+0	0.000000E+0	0.000000E+0	75.000000E+0	14.735013E+0	80.426798E+3
111.400000E+0	0.000000E+0	0.000000E+0	75.000000E+0	14.980863E+0	80.451056E+3
111.500000E+0	0.000000E+0	0.000000E+0	75.000000E+0	16.161956E+0	80.475384E+3
111.600000E+0	0.000000E+0	0.000000E+0	75.000000E+0	17.547078E+0	80.500008E+3
111.700000E+0	0.000000E+0	0.000000E+0	75.000000E+0	17.600303E+0	80.524252E+3
111.800000E+0	0.000000E+0	0.000000E+0	75.000000E+0	16.609301E+0	80.548833E+3
111.900000E+0	0.000000E+0	0.000000E+0	75.000000E+0	16.286148E+0	80.573034E+3
112.000000E+0	0.000000E+0	0.000000E+0	75.000000E+0	16.229121E+0	80.597700E+3
112.100000E+0	0.000000E+0	0.000000E+0	75.000000E+0	17.241667E+0	80.622028E+3
112.200000E+0	0.000000E+0	0.000000E+0	75.000000E+0	17.486249E+0	80.646553E+3
112.300000E+0	0.000000E+0	0.000000E+0	75.000000E+0	16.994550E+0	80.670670E+3
112.400000E+0	0.000000E+0	0.000000E+0	75.000000E+0	16.578886E+0	80.695083E+3
112.500000E+0	0.000000E+0	0.000000E+0	75.000000E+0	14.727410E+0	80.719594E+3
112.600000E+0	0.000000E+0	0.000000E+0	75.000000E+0	14.719806E+0	80.743823E+3
112.700000E+0	0.000000E+0	0.000000E+0	75.000000E+0	16.966670E+0	80.768433E+3
112.800000E+0	0.000000E+0	0.000000E+0	75.000000E+0	17.156760E+0	80.792789E+3
112.900000E+0	0.000000E+0	0.000000E+0	75.000000E+0	17.612976E+0	80.817005E+3
113.000000E+0	0.000000E+0	0.000000E+0	75.000000E+0	17.248003E+0	80.841502E+3
113.100000E+0	0.000000E+0	0.000000E+0	75.000000E+0	15.874286E+0	80.865886E+3
113.200000E+0	0.000000E+0	0.000000E+0	75.000000E+0	15.672791E+0	80.890186E+3
113.300000E+0	0.000000E+0	0.000000E+0	75.000000E+0	16.866556E+0	80.914852E+3
113.400000E+0	0.000000E+0	0.000000E+0	75.000000E+0	17.402610E+0	80.939208E+3
113.500000E+0	0.000000E+0	0.000000E+0	75.000000E+0	17.188441E+0	80.963705E+3
113.600000E+0	0.000000E+0	0.000000E+0	75.000000E+0	16.073247E+0	80.988005E+3
113.700000E+0	0.000000E+0	0.000000E+0	75.000000E+0	14.930172E+0	81.012417E+3
113.800000E+0	0.000000E+0	0.000000E+0	75.000000E+0	14.916232E+0	81.036619E+3
113.900000E+0	0.000000E+0	0.000000E+0	75.000000E+0	16.506652E+0	81.061045E+3
114.000000E+0	0.000000E+0	0.000000E+0	75.000000E+0	17.383601E+0	81.085514E+3
114.100000E+0	0.000000E+0	0.000000E+0	75.000000E+0	17.218856E+0	81.110053E+3
114.200000E+0	0.000000E+0	0.000000E+0	75.000000E+0	16.874159E+0	81.134480E+3
114.300000E+0	0.000000E+0	0.000000E+0	75.000000E+0	15.971865E+0	81.158780E+3
114.400000E+0	0.000000E+0	0.000000E+0	75.000000E+0	16.122670E+0	81.183150E+3
114.500000E+0	0.000000E+0	0.000000E+0	75.000000E+0	17.274616E+0	81.207534E+3
114.600000E+0	0.000000E+0	0.000000E+0	75.000000E+0	17.087060E+0	81.232200E+3
114.700000E+0	0.000000E+0	0.000000E+0	75.000000E+0	16.980610E+0	81.256430E+3
114.800000E+0	0.000000E+0	0.000000E+0	75.000000E+0	15.581547E+0	81.281137E+3
114.900000E+0	0.000000E+0	0.000000E+0	75.000000E+0	14.041818E+0	81.305353E+3
115.000000E+0	0.000000E+0	0.000000E+0	75.000000E+0	16.237992E+0	81.329766E+3
115.100000E+0	0.000000E+0	0.000000E+0	75.000000E+0	17.084526E+0	81.354277E+3
115.200000E+0	0.000000E+0	0.000000E+0	75.000000E+0	17.672537E+0	81.378520E+3
115.300000E+0	0.000000E+0	0.000000E+0	75.000000E+0	17.422886E+0	81.402975E+3
115.400000E+0	0.000000E+0	0.000000E+0	75.000000E+0	16.155619E+0	81.427373E+3
115.500000E+0	0.000000E+0	0.000000E+0	75.000000E+0	15.741223E+0	81.451800E+3
115.600000E+0	0.000000E+0	0.000000E+0	75.000000E+0	16.718286E+0	81.476297E+3
115.700000E+0	0.000000E+0	0.000000E+0	75.000000E+0	17.398808E+0	81.500878E+3
115.800000E+0	0.000000E+0	0.000000E+0	75.000000E+0	17.052844E+0	81.525262E+3
115.900000E+0	0.000000E+0	0.000000E+0	75.000000E+0	16.243061E+0	81.549506E+3
116.000000E+0	0.000000E+0	0.000000E+0	75.000000E+0	14.639968E+0	81.574102E+3
116.100000E+0	0.000000E+0	0.000000E+0	75.000000E+0	15.675325E+0	81.598613E+3
116.200000E+0	0.000000E+0	0.000000E+0	75.000000E+0	17.037637E+0	81.622898E+3
116.300000E+0	0.000000E+0	0.000000E+0	75.000000E+0	17.500189E+0	81.647353E+3
116.400000E+0	0.000000E+0	0.000000E+0	75.000000E+0	17.261943E+0	81.671512E+3
116.500000E+0	0.000000E+0	0.000000E+0	75.000000E+0	16.829805E+0	81.696108E+3
116.600000E+0	0.000000E+0	0.000000E+0	75.000000E+0	16.104929E+0	81.720338E+3
116.700000E+0	0.000000E+0	0.000000E+0	75.000000E+0	16.534532E+0	81.744891E+3
116.800000E+0	0.000000E+0	0.000000E+0	75.000000E+0	17.215054E+0	81.769092E+3
116.900000E+0	0.000000E+0	0.000000E+0	75.000000E+0	17.083258E+0	81.793716E+3
117.000000E+0	0.000000E+0	0.000000E+0	75.000000E+0	17.123811E+0	81.817931E+3
117.100000E+0	0.000000E+0	0.000000E+0	75.000000E+0	16.491445E+0	81.842288E+3
117.200000E+0	0.000000E+0	0.000000E+0	75.000000E+0	14.344695E+0	81.866897E+3
117.300000E+0	0.000000E+0	0.000000E+0	75.000000E+0	15.960460E+0	81.891309E+3
117.400000E+0	0.000000E+0	0.000000E+0	75.000000E+0	16.463565E+0	81.915609E+3
117.500000E+0	0.000000E+0	0.000000E+0	75.000000E+0	17.296159E+0	81.939825E+3
117.600000E+0	0.000000E+0	0.000000E+0	75.000000E+0	17.462171E+0	81.964055E+3
117.700000E+0	0.000000E+0	0.000000E+0	75.000000E+0	17.095931E+0	81.988594E+3
117.800000E+0	0.000000E+0	0.000000E+0	75.000000E+0	16.966670E+0	82.012809E+3
117.900000E+0	0.000000E+0	0.000000E+0	75.000000E+0	15.263463E+0	82.037419E+3
118.000000E+0	0.000000E+0	0.000000E+0	75.000000E+0	16.993282E+0	82.061873E+3
118.100000E+0	0.000000E+0	0.000000E+0	75.000000E+0	17.424153E+0	82.086159E+3
118.200000E+0	0.000000E+0	0.000000E+0	75.000000E+0	17.122544E+0	82.110389E+3
118.300000E+0	0.000000E+0	0.000000E+0	75.000000E+0	16.843745E+0	82.134956E+3
118.400000E+0	0.000000E+0	0.000000E+0	75.000000E+0	15.952856E+0	82.159284E+3
118.500000E+0	0.000000E+0	0.000000E+0	75.000000E+0	15.001139E+0	82.183500E+3
118.600000E+0	0.000000E+0	0.000000E+0	75.000000E+0	15.241920E+0	82.207913E+3
118.700000E+0	0.000000E+0	0.000000E+0	75.000000E+0	16.616904E+0	82.232550E+3
118.800000E+0	0.000000E+0	0.000000E+0	75.000000E+0	17.288556E+0	82.256597E+3
118.900000E+0	0.000000E+0	0.000000E+0	75.000000E+0	17.566087E+0	82.281052E+3
119.000000E+0	0.000000E+0	0.000000E+0	75.000000E+0	16.823469E+0	82.305520E+3
119.100000E+0	0.000000E+0	0.000000E+0	75.000000E+0	16.521859E+0	82.329764E+3
119.200000E+0	0.000000E+0	0.000000E+0	75.000000E+0	15.297680E+0	82.354148E+3
119.300000E+0	0.000000E+0	0.000000E+0	75.000000E+0	17.026231E+0	82.378687E+3
119.400000E+0	0.000000E+0	0.000000E+0	75.000000E+0	17.351919E+0	82.402819E+3
119.500000E+0	0.000000E+0	0.000000E+0	75.000000E+0	17.021162E+0	82.427442E+3
119.600000E+0	0.000000E+0	0.000000E+0	75.000000E+0	16.915979E+0	82.451658E+3
119.700000E+0	0.000000E+0	0.000000E+0	75.000000E+0	16.094790E+0	82.476014E+3
119.800000E+0	0.000000E+0	0.000000E+0	75.000000E+0	14.511974E+0	82.500427E+3
119.900000E+0	0.000000E+0	0.000000E+0	75.000000E+0	15.563806E+0	82.524783E+3
120.000000E+0	0.000000E+0	0.000000E+0	75.000000E+0	16.549739E+0	82.549280E+3
120.100000E+0	0.000000E+0	0.000000E+0	75.000000E+0	17.457102E+0	82.573495E+3
120.200000E+0	0.000000E+0	0.000000E+0	75.000000E+0	17.573691E+0	82.597922E+3
120.300000E+0	0.000000E+0	0.000000E+0	75.000000E+0	16.999619E+0	82.622222E+3
120.400000E+0	0.000000E+0	0.000000E+0	75.000000E+0	16.357115E+0	82.646606E+3
120.500000E+0	0.000000E+0	0.000000E+0	75.000000E+0	15.342034E+0	82.671019E+3
120.600000E+0	0.000000E+0	0.000000E+0	75.000000E+0	16.845012E+0	82.695389E+3
120.700000E+0	0.000000E+0	0.000000E+0	75.000000E+0	17.402610E+0	82.719703E+3
120.800000E+0	0.000000E+0	0.000000E+0	75.000000E+0	17.054111E+0	82.744144E+3
120.900000E+0	0.000000E+0	0.000000E+0	75.000000E+0	16.623241E+0	82.768669E+3
121.000000E+0	0.000000E+0	0.000000E+0	75.000000E+0	15.416803E+0	82.793025E+3
121.100000E+0	0.000000E+0	0.000000E+0	75.000000E+0	14.470154E+0	82.817241E+3
121.200000E+0	0.000000E+0	0.000000E+0	75.000000E+0	15.739956E+0	82.841639E+3
121.300000E+0	0.000000E+0	0.000000E+0	75.000000E+0	16.852616E+0	82.866262E+3
121.400000E+0	0.000000E+0	0.000000E+0	75.000000E+0	17.612976E+0	82.890492E+3
121.500000E+0	0.000000E+0	0.000000E+0	75.000000E+0	17.490051E+0	82.914905E+3
121.600000E+0	0.000000E+0	0.000000E+0	75.000000E+0	16.615637E+0	82.939219E+3
121.700000E+0	0.000000E+0	0.000000E+0	75.000000E+0	16.384994E+0	82.963392E+3
121.800000E+0	0.000000E+0	0.000000E+0	75.000000E+0	15.362310E+0	82.987819E+3
121.900000E+0	0.000000E+0	0.000000E+0	75.000000E+0	16.800658E+0	83.012175E+3
122.000000E+0	0.000000E+0	0.000000E+0	75.000000E+0	17.414015E+0	83.036489E+3
122.100000E+0	0.000000E+0	0.000000E+0	75.000000E+0	16.969204E+0	83.061070E+3
122.200000E+0	0.000000E+0	0.000000E+0	75.000000E+0	16.890634E+0	83.085272E+3
122.300000E+0	0.000000E+0	0.000000E+0	75.000000E+0	16.249397E+0	83.109558E+3
122.400000E+0	0.000000E+0	0.000000E+0	75.000000E+0	13.975920E+0	83.134167E+3
122.500000E+0	0.000000E+0	0.000000E+0	75.000000E+0	15.982004E+0	83.158523E+3
122.600000E+0	0.000000E+0	0.000000E+0	75.000000E+0	16.691673E+0	83.182978E+3
122.700000E+0	0.000000E+0	0.000000E+0	75.000000E+0	17.373462E+0	83.207053E+3
122.800000E+0	0.000000E+0	0.000000E+0	75.000000E+0	17.542009E+0	83.231494E+3
122.900000E+0	0.000000E+0	0.000000E+0	75.000000E+0	17.051577E+0	83.255780E+3
123.000000E+0	0.000000E+0	0.000000E+0	75.000000E+0	15.873019E+0	83.280361E+3
123.100000E+0	0.000000E+0	0.000000E+0	75.000000E+0	15.250791E+0	83.304548E+3
123.200000E+0	0.000000E+0	0.000000E+0	75.000000E+0	17.085793E+0	83.329116E+3
