t [s] || setpoint speed [rot. s^-1] || setpoint pos [°] || duty cycle [%] || Ang Speed [rot. s^-1] ||
Ang Pos [°]
0.000000E+0	0.000000E+0	0.000000E+0	25.000000E+0	163.973378E-3	84.375000E-3
100.000000E-3	0.000000E+0	0.000000E+0	25.000000E+0	727.907746E-3	1.125000E+0
200.000000E-3	0.000000E+0	0.000000E+0	25.000000E+0	901.523487E-3	1.870313E+0
300.000000E-3	0.000000E+0	0.000000E+0	25.000000E+0	1.157512E+0	3.389063E+0
400.000000E-3	0.000000E+0	0.000000E+0	25.000000E+0	1.236082E+0	5.231250E+0
500.000000E-3	0.000000E+0	0.000000E+0	25.000000E+0	1.438845E+0	7.354687E+0
600.000000E-3	0.000000E+0	0.000000E+0	25.000000E+0	1.473061E+0	9.745313E+0
700.000000E-3	0.000000E+0	0.000000E+0	25.000000E+0	1.670755E+0	12.318750E+0
800.000000E-3	0.000000E+0	0.000000E+0	25.000000E+0	1.865914E+0	15.075000E+0
900.000000E-3	0.000000E+0	0.000000E+0	25.000000E+0	2.077548E+0	18.028125E+0
1.000000E+0	0.000000E+0	0.000000E+0	25.000000E+0	2.162455E+0	21.093750E+0
1.100000E+0	0.000000E+0	0.000000E+0	25.000000E+0	1.848173E+0	24.285937E+0
1.200000E+0	0.000000E+0	0.000000E+0	25.000000E+0	2.388029E+0	27.562500E+0
1.300000E+0	0.000000E+0	0.000000E+0	25.000000E+0	2.289182E+0	30.993750E+0
1.400000E+0	0.000000E+0	0.000000E+0	25.000000E+0	2.419711E+0	34.495313E+0
1.500000E+0	0.000000E+0	0.000000E+0	25.000000E+0	2.381693E+0	38.025000E+0
1.600000E+0	0.000000E+0	0.000000E+0	25.000000E+0	2.571783E+0	41.639063E+0
1.700000E+0	0.000000E+0	0.000000E+0	25.000000E+0	2.500816E+0	45.337500E+0
1.800000E+0	0.000000E+0	0.000000E+0	25.000000E+0	2.638948E+0	49.120313E+0
1.900000E+0	0.000000E+0	0.000000E+0	25.000000E+0	2.249897E+0	52.889063E+0
2.000000E+0	0.000000E+0	0.000000E+0	25.000000E+0	2.737795E+0	56.700000E+0
2.100000E+0	0.000000E+0	0.000000E+0	25.000000E+0	2.644017E+0	60.595312E+0
2.200000E+0	0.000000E+0	0.000000E+0	25.000000E+0	2.768209E+0	64.532813E+0
2.300000E+0	0.000000E+0	0.000000E+0	25.000000E+0	2.769477E+0	68.442188E+0
2.400000E+0	0.000000E+0	0.000000E+0	25.000000E+0	2.470401E+0	72.407813E+0
2.500000E+0	0.000000E+0	0.000000E+0	25.000000E+0	2.661759E+0	76.415625E+0
2.600000E+0	0.000000E+0	0.000000E+0	25.000000E+0	2.797356E+0	80.409375E+0
2.700000E+0	0.000000E+0	0.000000E+0	25.000000E+0	2.723855E+0	84.417187E+0
2.800000E+0	0.000000E+0	0.000000E+0	25.000000E+0	2.741597E+0	88.467188E+0
2.900000E+0	0.000000E+0	0.000000E+0	25.000000E+0	2.865789E+0	92.559375E+0
3.000000E+0	0.000000E+0	0.000000E+0	25.000000E+0	2.670630E+0	96.609375E+0
3.100000E+0	0.000000E+0	0.000000E+0	25.000000E+0	2.593326E+0	100.659375E+0
3.200000E+0	0.000000E+0	0.000000E+0	25.000000E+0	2.826504E+0	104.793750E+0
3.300000E+0	0.000000E+0	0.000000E+0	25.000000E+0	2.793555E+0	108.885937E+0
3.400000E+0	0.000000E+0	0.000000E+0	25.000000E+0	2.611068E+0	112.992187E+0
3.500000E+0	0.000000E+0	0.000000E+0	25.000000E+0	2.867056E+0	117.070312E+0
3.600000E+0	0.000000E+0	0.000000E+0	25.000000E+0	2.936756E+0	121.260937E+0
3.700000E+0	0.000000E+0	0.000000E+0	25.000000E+0	2.699777E+0	125.353125E+0
3.800000E+0	0.000000E+0	0.000000E+0	25.000000E+0	2.612335E+0	129.445312E+0
3.900000E+0	0.000000E+0	0.000000E+0	25.000000E+0	2.864522E+0	133.607812E+0
4.000000E+0	0.000000E+0	0.000000E+0	25.000000E+0	2.878462E+0	137.756250E+0
4.100000E+0	0.000000E+0	0.000000E+0	25.000000E+0	2.573050E+0	141.876563E+0
4.200000E+0	0.000000E+0	0.000000E+0	25.000000E+0	2.821435E+0	146.039062E+0
4.300000E+0	0.000000E+0	0.000000E+0	25.000000E+0	2.945627E+0	150.229688E+0
4.400000E+0	0.000000E+0	0.000000E+0	25.000000E+0	2.811296E+0	154.378125E+0
4.500000E+0	0.000000E+0	0.000000E+0	25.000000E+0	2.436185E+0	158.526563E+0
4.600000E+0	0.000000E+0	0.000000E+0	25.000000E+0	2.821435E+0	162.759375E+0
4.700000E+0	0.000000E+0	0.000000E+0	25.000000E+0	2.931687E+0	166.935937E+0
4.800000E+0	0.000000E+0	0.000000E+0	25.000000E+0	2.925350E+0	171.098438E+0
4.900000E+0	0.000000E+0	0.000000E+0	25.000000E+0	2.636413E+0	175.303125E+0
5.000000E+0	0.000000E+0	0.000000E+0	25.000000E+0	2.783416E+0	179.957813E+0
5.100000E+0	0.000000E+0	0.000000E+0	25.000000E+0	2.981110E+0	183.712500E+0
5.200000E+0	0.000000E+0	0.000000E+0	25.000000E+0	2.785951E+0	187.889062E+0
5.300000E+0	0.000000E+0	0.000000E+0	25.000000E+0	2.490678E+0	192.150000E+0
5.400000E+0	0.000000E+0	0.000000E+0	25.000000E+0	2.804960E+0	196.354688E+0
5.500000E+0	0.000000E+0	0.000000E+0	25.000000E+0	2.965903E+0	200.531250E+0
5.600000E+0	0.000000E+0	0.000000E+0	25.000000E+0	2.921549E+0	204.806250E+0
5.700000E+0	0.000000E+0	0.000000E+0	25.000000E+0	2.611068E+0	208.982812E+0
5.800000E+0	0.000000E+0	0.000000E+0	25.000000E+0	2.949429E+0	213.173438E+0
5.900000E+0	0.000000E+0	0.000000E+0	25.000000E+0	2.964636E+0	217.392188E+0
6.000000E+0	0.000000E+0	0.000000E+0	25.000000E+0	2.870858E+0	221.653125E+0
6.100000E+0	0.000000E+0	0.000000E+0	25.000000E+0	2.399434E+0	225.857812E+0
6.200000E+0	0.000000E+0	0.000000E+0	25.000000E+0	2.787218E+0	230.048438E+0
6.300000E+0	0.000000E+0	0.000000E+0	25.000000E+0	2.950696E+0	234.351562E+0
6.400000E+0	0.000000E+0	0.000000E+0	25.000000E+0	2.908876E+0	238.556250E+0
6.500000E+0	0.000000E+0	0.000000E+0	25.000000E+0	2.769477E+0	242.746875E+0
6.600000E+0	0.000000E+0	0.000000E+0	25.000000E+0	2.841711E+0	246.993750E+0
6.700000E+0	0.000000E+0	0.000000E+0	25.000000E+0	3.033068E+0	251.254688E+0
6.800000E+0	0.000000E+0	0.000000E+0	25.000000E+0	2.987447E+0	255.459375E+0
6.900000E+0	5.000000E+0	0.000000E+0	100.000000E-3	2.694708E+0	259.678125E+0
