t [s] || setpoint speed [rot. s^-1] || setpoint pos [°] || duty cycle [%] || Ang Speed [rot. s^-1] ||
Ang Pos [°]
0.000000E+0	0.000000E+0	0.000000E+0	100.000000E-3	-8.375112E-3	-0.000000E+0
100.000000E-3	0.000000E+0	0.000000E+0	100.000000E-3	-10.909649E-3	-0.000000E+0
200.000000E-3	0.000000E+0	0.000000E+0	100.000000E-3	-40.056821E-3	-0.000000E+0
300.000000E-3	0.000000E+0	0.000000E+0	100.000000E-3	-21.047796E-3	-0.000000E+0
400.000000E-3	0.000000E+0	0.000000E+0	100.000000E-3	-38.789552E-3	-0.000000E+0
500.000000E-3	0.000000E+0	0.000000E+0	100.000000E-3	-14.711454E-3	-0.000000E+0
600.000000E-3	0.000000E+0	0.000000E+0	100.000000E-3	-17.245991E-3	-0.000000E+0
700.000000E-3	0.000000E+0	0.000000E+0	100.000000E-3	-29.918674E-3	-0.000000E+0
800.000000E-3	0.000000E+0	0.000000E+0	100.000000E-3	-24.849601E-3	-0.000000E+0
900.000000E-3	0.000000E+0	0.000000E+0	100.000000E-3	-26.116869E-3	-0.000000E+0
1.000000E+0	0.000000E+0	0.000000E+0	100.000000E-3	-37.522284E-3	-0.000000E+0
1.100000E+0	0.000000E+0	0.000000E+0	100.000000E-3	-9.642381E-3	-0.000000E+0
1.200000E+0	0.000000E+0	0.000000E+0	100.000000E-3	-42.591357E-3	-0.000000E+0
1.300000E+0	0.000000E+0	0.000000E+0	100.000000E-3	-42.591357E-3	-0.000000E+0
1.400000E+0	0.000000E+0	0.000000E+0	100.000000E-3	-43.858626E-3	-0.000000E+0
1.500000E+0	0.000000E+0	0.000000E+0	100.000000E-3	-34.987747E-3	-0.000000E+0
1.600000E+0	0.000000E+0	0.000000E+0	100.000000E-3	-27.384137E-3	-0.000000E+0
1.700000E+0	0.000000E+0	0.000000E+0	100.000000E-3	-14.711454E-3	-0.000000E+0
1.800000E+0	0.000000E+0	0.000000E+0	100.000000E-3	-29.918674E-3	-0.000000E+0
1.900000E+0	0.000000E+0	0.000000E+0	100.000000E-3	-41.324089E-3	-0.000000E+0
2.000000E+0	0.000000E+0	0.000000E+0	100.000000E-3	-40.056821E-3	-0.000000E+0
2.100000E+0	0.000000E+0	0.000000E+0	100.000000E-3	-43.858626E-3	-0.000000E+0
2.200000E+0	0.000000E+0	0.000000E+0	100.000000E-3	-45.125894E-3	-0.000000E+0
2.300000E+0	0.000000E+0	0.000000E+0	100.000000E-3	-36.255016E-3	-0.000000E+0
2.400000E+0	0.000000E+0	0.000000E+0	100.000000E-3	-36.255016E-3	-0.000000E+0
2.500000E+0	0.000000E+0	0.000000E+0	100.000000E-3	-10.909649E-3	-0.000000E+0
2.600000E+0	0.000000E+0	0.000000E+0	100.000000E-3	-38.789552E-3	-0.000000E+0
2.700000E+0	0.000000E+0	0.000000E+0	100.000000E-3	-43.858626E-3	-0.000000E+0
2.800000E+0	0.000000E+0	0.000000E+0	100.000000E-3	-12.176917E-3	-0.000000E+0
2.900000E+0	0.000000E+0	0.000000E+0	100.000000E-3	-38.789552E-3	-0.000000E+0
3.000000E+0	0.000000E+0	0.000000E+0	100.000000E-3	-38.789552E-3	-0.000000E+0
3.100000E+0	0.000000E+0	0.000000E+0	100.000000E-3	-19.780527E-3	-0.000000E+0
3.200000E+0	0.000000E+0	0.000000E+0	100.000000E-3	-43.858626E-3	-0.000000E+0
3.300000E+0	0.000000E+0	0.000000E+0	100.000000E-3	-21.047796E-3	-0.000000E+0
3.400000E+0	0.000000E+0	0.000000E+0	100.000000E-3	-17.245991E-3	-0.000000E+0
3.500000E+0	0.000000E+0	0.000000E+0	100.000000E-3	-15.978722E-3	-0.000000E+0
3.600000E+0	0.000000E+0	0.000000E+0	100.000000E-3	-38.789552E-3	-0.000000E+0
3.700000E+0	0.000000E+0	0.000000E+0	100.000000E-3	-10.909649E-3	-0.000000E+0
3.800000E+0	0.000000E+0	0.000000E+0	100.000000E-3	-43.858626E-3	-0.000000E+0
3.900000E+0	0.000000E+0	0.000000E+0	100.000000E-3	-23.582332E-3	-0.000000E+0
4.000000E+0	0.000000E+0	0.000000E+0	100.000000E-3	-45.125894E-3	-0.000000E+0
4.100000E+0	0.000000E+0	0.000000E+0	100.000000E-3	-21.047796E-3	-0.000000E+0
4.200000E+0	0.000000E+0	0.000000E+0	100.000000E-3	-41.324089E-3	-0.000000E+0
4.300000E+0	0.000000E+0	0.000000E+0	100.000000E-3	-43.858626E-3	-0.000000E+0
4.400000E+0	0.000000E+0	0.000000E+0	100.000000E-3	-19.780527E-3	-0.000000E+0
4.500000E+0	0.000000E+0	0.000000E+0	100.000000E-3	-14.711454E-3	-0.000000E+0
4.600000E+0	0.000000E+0	0.000000E+0	100.000000E-3	-38.789552E-3	-0.000000E+0
4.700000E+0	0.000000E+0	0.000000E+0	100.000000E-3	-40.056821E-3	-0.000000E+0
4.800000E+0	0.000000E+0	0.000000E+0	100.000000E-3	-23.582332E-3	-0.000000E+0
4.900000E+0	0.000000E+0	0.000000E+0	100.000000E-3	-43.858626E-3	-0.000000E+0
5.000000E+0	0.000000E+0	0.000000E+0	100.000000E-3	-38.789552E-3	-0.000000E+0
5.100000E+0	0.000000E+0	0.000000E+0	100.000000E-3	-38.789552E-3	-0.000000E+0
5.200000E+0	0.000000E+0	0.000000E+0	100.000000E-3	-9.642381E-3	-0.000000E+0
5.300000E+0	0.000000E+0	0.000000E+0	100.000000E-3	-17.245991E-3	-0.000000E+0
5.400000E+0	0.000000E+0	0.000000E+0	100.000000E-3	-43.858626E-3	-0.000000E+0
5.500000E+0	0.000000E+0	0.000000E+0	100.000000E-3	-43.858626E-3	-0.000000E+0
5.600000E+0	0.000000E+0	0.000000E+0	100.000000E-3	-28.651406E-3	-0.000000E+0
5.700000E+0	0.000000E+0	0.000000E+0	100.000000E-3	-32.453211E-3	-0.000000E+0
5.800000E+0	0.000000E+0	0.000000E+0	100.000000E-3	-41.324089E-3	-0.000000E+0
5.900000E+0	0.000000E+0	0.000000E+0	100.000000E-3	-31.185942E-3	-0.000000E+0
6.000000E+0	0.000000E+0	0.000000E+0	100.000000E-3	-31.185942E-3	-0.000000E+0
6.100000E+0	0.000000E+0	0.000000E+0	100.000000E-3	-40.056821E-3	-0.000000E+0
6.200000E+0	0.000000E+0	0.000000E+0	100.000000E-3	-41.324089E-3	-0.000000E+0
6.300000E+0	0.000000E+0	0.000000E+0	100.000000E-3	-23.582332E-3	-0.000000E+0
6.400000E+0	0.000000E+0	0.000000E+0	100.000000E-3	-42.591357E-3	-0.000000E+0
6.500000E+0	0.000000E+0	0.000000E+0	100.000000E-3	-41.324089E-3	-0.000000E+0
6.600000E+0	0.000000E+0	0.000000E+0	100.000000E-3	-38.789552E-3	-0.000000E+0
6.700000E+0	0.000000E+0	0.000000E+0	100.000000E-3	-43.858626E-3	-0.000000E+0
6.800000E+0	0.000000E+0	0.000000E+0	100.000000E-3	-31.185942E-3	-0.000000E+0
6.900000E+0	0.000000E+0	0.000000E+0	100.000000E-3	-37.522284E-3	-0.000000E+0
7.000000E+0	0.000000E+0	0.000000E+0	100.000000E-3	-13.444186E-3	-0.000000E+0
7.100000E+0	0.000000E+0	0.000000E+0	100.000000E-3	-10.909649E-3	-0.000000E+0
7.200000E+0	0.000000E+0	0.000000E+0	100.000000E-3	-37.522284E-3	-0.000000E+0
7.300000E+0	0.000000E+0	0.000000E+0	100.000000E-3	-43.858626E-3	-0.000000E+0
7.400000E+0	0.000000E+0	0.000000E+0	100.000000E-3	-34.987747E-3	-0.000000E+0
7.500000E+0	0.000000E+0	0.000000E+0	100.000000E-3	-33.720479E-3	-0.000000E+0
7.600000E+0	0.000000E+0	0.000000E+0	100.000000E-3	-33.720479E-3	-0.000000E+0
7.700000E+0	0.000000E+0	0.000000E+0	100.000000E-3	-45.125894E-3	-0.000000E+0
7.800000E+0	0.000000E+0	0.000000E+0	100.000000E-3	-14.711454E-3	-0.000000E+0
7.900000E+0	0.000000E+0	0.000000E+0	100.000000E-3	-10.909649E-3	-0.000000E+0
8.000000E+0	0.000000E+0	0.000000E+0	100.000000E-3	-37.522284E-3	-0.000000E+0
8.100000E+0	0.000000E+0	0.000000E+0	100.000000E-3	-41.324089E-3	-0.000000E+0
8.200000E+0	0.000000E+0	0.000000E+0	100.000000E-3	-33.720479E-3	-0.000000E+0
8.300000E+0	0.000000E+0	0.000000E+0	100.000000E-3	-37.522284E-3	-0.000000E+0
8.400000E+0	0.000000E+0	0.000000E+0	100.000000E-3	-12.176917E-3	-0.000000E+0
8.500000E+0	0.000000E+0	0.000000E+0	41.666667E+0	266.622109E-3	70.312500E-3
8.600000E+0	0.000000E+0	0.000000E+0	41.666667E+0	1.303247E+0	1.279688E+0
8.700000E+0	0.000000E+0	0.000000E+0	41.666667E+0	2.064876E+0	3.740625E+0
8.800000E+0	0.000000E+0	0.000000E+0	41.666667E+0	2.505885E+0	7.284375E+0
8.900000E+0	0.000000E+0	0.000000E+0	41.666667E+0	3.215555E+0	11.671875E+0
9.000000E+0	0.000000E+0	0.000000E+0	41.666667E+0	3.442396E+0	16.818750E+0
9.100000E+0	0.000000E+0	0.000000E+0	41.666667E+0	4.304138E+0	22.795313E+0
9.200000E+0	0.000000E+0	0.000000E+0	41.666667E+0	4.169807E+0	29.207812E+0
9.300000E+0	0.000000E+0	0.000000E+0	41.666667E+0	4.364967E+0	36.281250E+0
9.400000E+0	0.000000E+0	0.000000E+0	41.666667E+0	5.140534E+0	43.734375E+0
9.500000E+0	0.000000E+0	0.000000E+0	41.666667E+0	5.743754E+0	51.707813E+0
9.600000E+0	0.000000E+0	0.000000E+0	41.666667E+0	5.477628E+0	59.920313E+0
9.700000E+0	0.000000E+0	0.000000E+0	41.666667E+0	6.108727E+0	68.568750E+0
9.800000E+0	0.000000E+0	0.000000E+0	41.666667E+0	6.006078E+0	77.414062E+0
9.900000E+0	0.000000E+0	0.000000E+0	41.666667E+0	6.144210E+0	86.526562E+0
10.000000E+0	0.000000E+0	0.000000E+0	41.666667E+0	6.535796E+0	95.920313E+0
10.100000E+0	0.000000E+0	0.000000E+0	41.666667E+0	6.628306E+0	105.398437E+0
10.200000E+0	0.000000E+0	0.000000E+0	41.666667E+0	6.644781E+0	115.171875E+0
10.300000E+0	0.000000E+0	0.000000E+0	41.666667E+0	6.557339E+0	125.001563E+0
10.400000E+0	0.000000E+0	0.000000E+0	41.666667E+0	6.600426E+0	135.028125E+0
10.500000E+0	0.000000E+0	0.000000E+0	41.666667E+0	7.279682E+0	145.068750E+0
10.600000E+0	0.000000E+0	0.000000E+0	41.666667E+0	7.104799E+0	155.362500E+0
10.700000E+0	0.000000E+0	0.000000E+0	41.666667E+0	6.592823E+0	165.684375E+0
10.800000E+0	0.000000E+0	0.000000E+0	41.666667E+0	6.862751E+0	176.020313E+0
10.900000E+0	0.000000E+0	0.000000E+0	41.666667E+0	7.559748E+0	186.510938E+0
11.000000E+0	0.000000E+0	0.000000E+0	41.666667E+0	6.781646E+0	197.085937E+0
11.100000E+0	0.000000E+0	0.000000E+0	41.666667E+0	7.488781E+0	207.632812E+0
11.200000E+0	0.000000E+0	0.000000E+0	41.666667E+0	7.112402E+0	218.235938E+0
11.300000E+0	0.000000E+0	0.000000E+0	41.666667E+0	7.253069E+0	228.909375E+0
11.400000E+0	0.000000E+0	0.000000E+0	41.666667E+0	7.619309E+0	239.653125E+0
11.500000E+0	0.000000E+0	0.000000E+0	41.666667E+0	7.343045E+0	250.368750E+0
11.600000E+0	0.000000E+0	0.000000E+0	41.666667E+0	7.564817E+0	261.098437E+0
11.700000E+0	0.000000E+0	0.000000E+0	41.666667E+0	7.149153E+0	272.067187E+0
11.800000E+0	0.000000E+0	0.000000E+0	41.666667E+0	7.719423E+0	282.782813E+0
11.900000E+0	0.000000E+0	0.000000E+0	41.666667E+0	7.410210E+0	293.582812E+0
12.000000E+0	0.000000E+0	0.000000E+0	41.666667E+0	7.462168E+0	304.410937E+0
12.100000E+0	0.000000E+0	0.000000E+0	41.666667E+0	7.350649E+0	315.295313E+0
12.200000E+0	0.000000E+0	0.000000E+0	41.666667E+0	7.658595E+0	326.207812E+0
12.300000E+0	0.000000E+0	0.000000E+0	41.666667E+0	7.681405E+0	337.064063E+0
12.400000E+0	0.000000E+0	0.000000E+0	41.666667E+0	7.098463E+0	347.948438E+0
12.500000E+0	0.000000E+0	0.000000E+0	41.666667E+0	7.701682E+0	358.889063E+0
12.600000E+0	0.000000E+0	0.000000E+0	41.666667E+0	7.164360E+0	369.829688E+0
12.700000E+0	0.000000E+0	0.000000E+0	41.666667E+0	7.740967E+0	380.784375E+0
12.800000E+0	0.000000E+0	0.000000E+0	41.666667E+0	6.640979E+0	391.696875E+0
12.900000E+0	0.000000E+0	0.000000E+0	41.666667E+0	7.876565E+0	402.679687E+0
13.000000E+0	0.000000E+0	0.000000E+0	41.666667E+0	7.450763E+0	413.746875E+0
13.100000E+0	0.000000E+0	0.000000E+0	41.666667E+0	7.364589E+0	424.659375E+0
13.200000E+0	0.000000E+0	0.000000E+0	41.666667E+0	7.578757E+0	435.628125E+0
13.300000E+0	0.000000E+0	0.000000E+0	41.666667E+0	7.151688E+0	446.625000E+0
13.400000E+0	0.000000E+0	0.000000E+0	41.666667E+0	7.604102E+0	457.678125E+0
13.500000E+0	0.000000E+0	0.000000E+0	41.666667E+0	7.125075E+0	468.703125E+0
13.600000E+0	0.000000E+0	0.000000E+0	41.666667E+0	7.658595E+0	479.685938E+0
13.700000E+0	0.000000E+0	0.000000E+0	41.666667E+0	7.834745E+0	490.710937E+0
13.800000E+0	0.000000E+0	0.000000E+0	41.666667E+0	6.770240E+0	501.764063E+0
13.900000E+0	0.000000E+0	0.000000E+0	41.666667E+0	7.879099E+0	512.817188E+0
14.000000E+0	0.000000E+0	0.000000E+0	41.666667E+0	7.264475E+0	523.814062E+0
14.100000E+0	0.000000E+0	0.000000E+0	41.666667E+0	7.558481E+0	534.810938E+0
14.200000E+0	0.000000E+0	0.000000E+0	41.666667E+0	7.607904E+0	545.864063E+0
14.300000E+0	0.000000E+0	0.000000E+0	41.666667E+0	7.362054E+0	556.987500E+0
14.400000E+0	0.000000E+0	0.000000E+0	41.666667E+0	7.820805E+0	567.956250E+0
14.500000E+0	0.000000E+0	0.000000E+0	41.666667E+0	6.810793E+0	578.939062E+0
14.600000E+0	0.000000E+0	0.000000E+0	41.666667E+0	7.876565E+0	589.992187E+0
14.700000E+0	0.000000E+0	0.000000E+0	41.666667E+0	7.602835E+0	601.059375E+0
14.800000E+0	0.000000E+0	0.000000E+0	41.666667E+0	6.989478E+0	612.084375E+0
14.900000E+0	0.000000E+0	0.000000E+0	41.666667E+0	7.713087E+0	623.067188E+0
15.000000E+0	0.000000E+0	0.000000E+0	41.666667E+0	6.893165E+0	634.078125E+0
15.100000E+0	0.000000E+0	0.000000E+0	41.666667E+0	7.525532E+0	645.145313E+0
15.200000E+0	0.000000E+0	0.000000E+0	41.666667E+0	7.495117E+0	656.156250E+0
15.300000E+0	0.000000E+0	0.000000E+0	41.666667E+0	7.364589E+0	667.209375E+0
15.400000E+0	0.000000E+0	0.000000E+0	41.666667E+0	7.882901E+0	678.121875E+0
15.500000E+0	0.000000E+0	0.000000E+0	41.666667E+0	6.434414E+0	689.146875E+0
15.600000E+0	0.000000E+0	0.000000E+0	41.666667E+0	7.941195E+0	700.228125E+0
15.700000E+0	0.000000E+0	0.000000E+0	41.666667E+0	7.484979E+0	711.168750E+0
15.800000E+0	0.000000E+0	0.000000E+0	41.666667E+0	7.477375E+0	722.123438E+0
15.900000E+0	0.000000E+0	0.000000E+0	41.666667E+0	7.662396E+0	733.148437E+0
16.000000E+0	0.000000E+0	0.000000E+0	41.666667E+0	7.310096E+0	744.145313E+0
16.100000E+0	0.000000E+0	0.000000E+0	41.666667E+0	7.751105E+0	755.198438E+0
16.200000E+0	0.000000E+0	0.000000E+0	41.666667E+0	6.610565E+0	766.068750E+0
16.300000E+0	0.000000E+0	0.000000E+0	41.666667E+0	7.880366E+0	777.051563E+0
16.400000E+0	0.000000E+0	0.000000E+0	41.666667E+0	7.397538E+0	788.062500E+0
16.500000E+0	0.000000E+0	0.000000E+0	41.666667E+0	7.359520E+0	799.031250E+0
16.600000E+0	0.000000E+0	0.000000E+0	41.666667E+0	7.511592E+0	809.957813E+0
16.700000E+0	0.000000E+0	0.000000E+0	41.666667E+0	7.255604E+0	820.912500E+0
16.800000E+0	0.000000E+0	0.000000E+0	41.666667E+0	7.650991E+0	831.909375E+0
16.900000E+0	0.000000E+0	0.000000E+0	41.666667E+0	6.327964E+0	842.906250E+0
17.000000E+0	0.000000E+0	0.000000E+0	41.666667E+0	7.706751E+0	853.776563E+0
17.100000E+0	0.000000E+0	0.000000E+0	41.666667E+0	7.460901E+0	864.717188E+0
17.200000E+0	0.000000E+0	0.000000E+0	41.666667E+0	7.351916E+0	875.700000E+0
17.300000E+0	0.000000E+0	0.000000E+0	41.666667E+0	7.520463E+0	886.654688E+0
17.400000E+0	0.000000E+0	0.000000E+0	41.666667E+0	7.378529E+0	897.553125E+0
17.500000E+0	0.000000E+0	0.000000E+0	41.666667E+0	7.809399E+0	908.479688E+0
17.600000E+0	0.000000E+0	0.000000E+0	41.666667E+0	6.548469E+0	919.448438E+0
17.700000E+0	0.000000E+0	0.000000E+0	41.666667E+0	7.851219E+0	930.515625E+0
17.800000E+0	0.000000E+0	0.000000E+0	41.666667E+0	6.548469E+0	941.273437E+0
17.900000E+0	0.000000E+0	0.000000E+0	41.666667E+0	7.709285E+0	952.200000E+0
18.000000E+0	0.000000E+0	0.000000E+0	41.666667E+0	7.161826E+0	963.154688E+0
18.100000E+0	0.000000E+0	0.000000E+0	41.666667E+0	7.748571E+0	974.109375E+0
18.200000E+0	0.000000E+0	0.000000E+0	41.666667E+0	7.654793E+0	985.050000E+0
18.300000E+0	0.000000E+0	0.000000E+0	41.666667E+0	7.203646E+0	995.906250E+0
18.400000E+0	0.000000E+0	0.000000E+0	41.666667E+0	7.686475E+0	1.006861E+3
18.500000E+0	0.000000E+0	0.000000E+0	41.666667E+0	7.163093E+0	1.017802E+3
18.600000E+0	0.000000E+0	0.000000E+0	41.666667E+0	7.763778E+0	1.028714E+3
18.700000E+0	0.000000E+0	0.000000E+0	41.666667E+0	6.273471E+0	1.039598E+3
18.800000E+0	0.000000E+0	0.000000E+0	41.666667E+0	7.867694E+0	1.050539E+3
18.900000E+0	0.000000E+0	0.000000E+0	41.666667E+0	7.218853E+0	1.061494E+3
19.000000E+0	0.000000E+0	0.000000E+0	41.666667E+0	7.536937E+0	1.072378E+3
19.100000E+0	0.000000E+0	0.000000E+0	41.666667E+0	7.263207E+0	1.083277E+3
19.200000E+0	0.000000E+0	0.000000E+0	41.666667E+0	7.652258E+0	1.094189E+3
19.300000E+0	0.000000E+0	0.000000E+0	41.666667E+0	7.569886E+0	1.105144E+3
19.400000E+0	0.000000E+0	0.000000E+0	41.666667E+0	6.938787E+0	1.116070E+3
19.500000E+0	0.000000E+0	0.000000E+0	41.666667E+0	7.644655E+0	1.126983E+3
19.600000E+0	0.000000E+0	0.000000E+0	41.666667E+0	7.012288E+0	1.137867E+3
19.700000E+0	0.000000E+0	0.000000E+0	41.666667E+0	7.576222E+0	1.148850E+3
19.800000E+0	0.000000E+0	0.000000E+0	41.666667E+0	6.810793E+0	1.159777E+3
19.900000E+0	0.000000E+0	0.000000E+0	41.666667E+0	7.672535E+0	1.170661E+3
20.000000E+0	0.000000E+0	0.000000E+0	41.666667E+0	7.524264E+0	1.181588E+3
20.100000E+0	0.000000E+0	0.000000E+0	41.666667E+0	7.291087E+0	1.192556E+3
20.200000E+0	0.000000E+0	0.000000E+0	41.666667E+0	7.654793E+0	1.203581E+3
20.300000E+0	0.000000E+0	0.000000E+0	41.666667E+0	7.308829E+0	1.214381E+3
20.400000E+0	0.000000E+0	0.000000E+0	41.666667E+0	7.800529E+0	1.225308E+3
20.500000E+0	0.000000E+0	0.000000E+0	41.666667E+0	6.537063E+0	1.236263E+3
20.600000E+0	0.000000E+0	0.000000E+0	41.666667E+0	7.790390E+0	1.247203E+3
20.700000E+0	0.000000E+0	0.000000E+0	41.666667E+0	7.060445E+0	1.258172E+3
20.800000E+0	0.000000E+0	0.000000E+0	41.666667E+0	7.714354E+0	1.269127E+3
20.900000E+0	0.000000E+0	0.000000E+0	41.666667E+0	7.170697E+0	1.279955E+3
21.000000E+0	0.000000E+0	0.000000E+0	41.666667E+0	7.728294E+0	1.290895E+3
21.100000E+0	0.000000E+0	0.000000E+0	41.666667E+0	7.638318E+0	1.301794E+3
21.200000E+0	0.000000E+0	0.000000E+0	41.666667E+0	7.275880E+0	1.312664E+3
21.300000E+0	0.000000E+0	0.000000E+0	41.666667E+0	7.711820E+0	1.323675E+3
21.400000E+0	0.000000E+0	0.000000E+0	41.666667E+0	7.225189E+0	1.334573E+3
21.500000E+0	0.000000E+0	0.000000E+0	41.666667E+0	7.775183E+0	1.345430E+3
21.600000E+0	0.000000E+0	0.000000E+0	41.666667E+0	6.383724E+0	1.356328E+3
21.700000E+0	0.000000E+0	0.000000E+0	41.666667E+0	7.895574E+0	1.367283E+3
21.800000E+0	0.000000E+0	0.000000E+0	41.666667E+0	7.019892E+0	1.378195E+3
21.900000E+0	0.000000E+0	0.000000E+0	41.666667E+0	7.561015E+0	1.389108E+3
22.000000E+0	0.000000E+0	0.000000E+0	41.666667E+0	6.986943E+0	1.399936E+3
22.100000E+0	0.000000E+0	0.000000E+0	41.666667E+0	7.714354E+0	1.410905E+3
22.200000E+0	0.000000E+0	0.000000E+0	41.666667E+0	7.473574E+0	1.421803E+3
22.300000E+0	0.000000E+0	0.000000E+0	41.666667E+0	7.217586E+0	1.432716E+3
22.400000E+0	0.000000E+0	0.000000E+0	41.666667E+0	7.591429E+0	1.443698E+3
22.500000E+0	0.000000E+0	0.000000E+0	41.666667E+0	7.259405E+0	1.454498E+3
22.600000E+0	0.000000E+0	0.000000E+0	41.666667E+0	7.615508E+0	1.465439E+3
22.700000E+0	0.000000E+0	0.000000E+0	41.666667E+0	6.402733E+0	1.476380E+3
22.800000E+0	0.000000E+0	0.000000E+0	41.666667E+0	7.727027E+0	1.487250E+3
22.900000E+0	0.000000E+0	0.000000E+0	41.666667E+0	7.114937E+0	1.498120E+3
23.000000E+0	0.000000E+0	0.000000E+0	41.666667E+0	7.472306E+0	1.509075E+3
23.100000E+0	0.000000E+0	0.000000E+0	41.666667E+0	7.279682E+0	1.520002E+3
23.200000E+0	0.000000E+0	0.000000E+0	41.666667E+0	7.661129E+0	1.530745E+3
23.300000E+0	0.000000E+0	0.000000E+0	41.666667E+0	7.559748E+0	1.541658E+3
23.400000E+0	0.000000E+0	0.000000E+0	100.000000E-3	7.151688E+0	1.552739E+3
23.500000E+0	0.000000E+0	0.000000E+0	100.000000E-3	6.225315E+0	1.563033E+3
23.600000E+0	0.000000E+0	0.000000E+0	100.000000E-3	5.306546E+0	1.572047E+3
23.700000E+0	0.000000E+0	0.000000E+0	100.000000E-3	4.811045E+0	1.579922E+3
23.800000E+0	0.000000E+0	0.000000E+0	100.000000E-3	3.733867E+0	1.586559E+3
23.900000E+0	0.000000E+0	0.000000E+0	100.000000E-3	3.598270E+0	1.592297E+3
24.000000E+0	0.000000E+0	0.000000E+0	100.000000E-3	3.000119E+0	1.597050E+3
24.100000E+0	0.000000E+0	0.000000E+0	100.000000E-3	2.114299E+0	1.600987E+3
24.200000E+0	0.000000E+0	0.000000E+0	100.000000E-3	2.002779E+0	1.604264E+3
24.300000E+0	0.000000E+0	0.000000E+0	100.000000E-3	1.575710E+0	1.606852E+3
24.400000E+0	0.000000E+0	0.000000E+0	41.666667E+0	1.210737E+0	1.608848E+3
24.500000E+0	0.000000E+0	0.000000E+0	41.666667E+0	1.897596E+0	1.611155E+3
24.600000E+0	0.000000E+0	0.000000E+0	41.666667E+0	2.651621E+0	1.614417E+3
24.700000E+0	0.000000E+0	0.000000E+0	41.666667E+0	3.148390E+0	1.618608E+3
24.800000E+0	0.000000E+0	0.000000E+0	41.666667E+0	3.618546E+0	1.623516E+3
24.900000E+0	0.000000E+0	0.000000E+0	41.666667E+0	4.058288E+0	1.629056E+3
25.000000E+0	0.000000E+0	0.000000E+0	41.666667E+0	4.342156E+0	1.635300E+3
25.100000E+0	0.000000E+0	0.000000E+0	41.666667E+0	4.366234E+0	1.641980E+3
25.200000E+0	0.000000E+0	0.000000E+0	41.666667E+0	4.305405E+0	1.649208E+3
25.300000E+0	0.000000E+0	0.000000E+0	41.666667E+0	5.353435E+0	1.656773E+3
25.400000E+0	0.000000E+0	0.000000E+0	41.666667E+0	5.826126E+0	1.664789E+3
25.500000E+0	0.000000E+0	0.000000E+0	41.666667E+0	5.018877E+0	1.673058E+3
25.600000E+0	0.000000E+0	0.000000E+0	41.666667E+0	6.031423E+0	1.681692E+3
25.700000E+0	0.000000E+0	0.000000E+0	41.666667E+0	6.217712E+0	1.690566E+3
25.800000E+0	0.000000E+0	0.000000E+0	41.666667E+0	5.668985E+0	1.699636E+3
25.900000E+0	0.000000E+0	0.000000E+0	41.666667E+0	6.239255E+0	1.708889E+3
26.000000E+0	0.000000E+0	0.000000E+0	41.666667E+0	6.435682E+0	1.718353E+3
26.100000E+0	0.000000E+0	0.000000E+0	41.666667E+0	6.635910E+0	1.727902E+3
26.200000E+0	0.000000E+0	0.000000E+0	41.666667E+0	6.543399E+0	1.737703E+3
26.300000E+0	0.000000E+0	0.000000E+0	41.666667E+0	6.135339E+0	1.747533E+3
26.400000E+0	0.000000E+0	0.000000E+0	41.666667E+0	6.828535E+0	1.757489E+3
26.500000E+0	0.000000E+0	0.000000E+0	41.666667E+0	7.037634E+0	1.767614E+3
26.600000E+0	0.000000E+0	0.000000E+0	41.666667E+0	7.084523E+0	1.777866E+3
26.700000E+0	0.000000E+0	0.000000E+0	41.666667E+0	6.548469E+0	1.788005E+3
26.800000E+0	0.000000E+0	0.000000E+0	41.666667E+0	6.738559E+0	1.798341E+3
26.900000E+0	0.000000E+0	0.000000E+0	41.666667E+0	7.420348E+0	1.808733E+3
27.000000E+0	0.000000E+0	0.000000E+0	41.666667E+0	7.088324E+0	1.819125E+3
27.100000E+0	0.000000E+0	0.000000E+0	41.666667E+0	7.282216E+0	1.829588E+3
27.200000E+0	0.000000E+0	0.000000E+0	41.666667E+0	7.311363E+0	1.840177E+3
27.300000E+0	0.000000E+0	0.000000E+0	41.666667E+0	6.273471E+0	1.850794E+3
27.400000E+0	0.000000E+0	0.000000E+0	41.666667E+0	7.448228E+0	1.861327E+3
27.500000E+0	0.000000E+0	0.000000E+0	41.666667E+0	7.220120E+0	1.871986E+3
27.600000E+0	0.000000E+0	0.000000E+0	41.666667E+0	7.393736E+0	1.882702E+3
27.700000E+0	0.000000E+0	0.000000E+0	41.666667E+0	7.192240E+0	1.893417E+3
27.800000E+0	0.000000E+0	0.000000E+0	41.666667E+0	7.120006E+0	1.904077E+3
27.900000E+0	0.000000E+0	0.000000E+0	41.666667E+0	7.536937E+0	1.914961E+3
28.000000E+0	0.000000E+0	0.000000E+0	41.666667E+0	7.255604E+0	1.925648E+3
28.100000E+0	0.000000E+0	0.000000E+0	41.666667E+0	7.430487E+0	1.936448E+3
28.200000E+0	0.000000E+0	0.000000E+0	41.666667E+0	7.035099E+0	1.947192E+3
28.300000E+0	0.000000E+0	0.000000E+0	41.666667E+0	7.661129E+0	1.958048E+3
28.400000E+0	0.000000E+0	0.000000E+0	41.666667E+0	7.363321E+0	1.968905E+3
28.500000E+0	0.000000E+0	0.000000E+0	41.666667E+0	7.311363E+0	1.979761E+3
28.600000E+0	0.000000E+0	0.000000E+0	41.666667E+0	7.326571E+0	1.990589E+3
28.700000E+0	0.000000E+0	0.000000E+0	41.666667E+0	7.567351E+0	2.001445E+3
28.800000E+0	0.000000E+0	0.000000E+0	41.666667E+0	7.601568E+0	2.012428E+3
28.900000E+0	0.000000E+0	0.000000E+0	41.666667E+0	6.989478E+0	2.023242E+3
29.000000E+0	0.000000E+0	0.000000E+0	41.666667E+0	7.586360E+0	2.034098E+3
29.100000E+0	0.000000E+0	0.000000E+0	41.666667E+0	7.145351E+0	2.044983E+3
29.200000E+0	0.000000E+0	0.000000E+0	41.666667E+0	7.619309E+0	2.055923E+3
29.300000E+0	0.000000E+0	0.000000E+0	41.666667E+0	6.312757E+0	2.066864E+3
29.400000E+0	0.000000E+0	0.000000E+0	41.666667E+0	7.711820E+0	2.077805E+3
29.500000E+0	0.000000E+0	0.000000E+0	41.666667E+0	7.359520E+0	2.088647E+3
29.600000E+0	0.000000E+0	0.000000E+0	41.666667E+0	7.403874E+0	2.099616E+3
29.700000E+0	0.000000E+0	0.000000E+0	41.666667E+0	7.429219E+0	2.110570E+3
29.800000E+0	0.000000E+0	0.000000E+0	41.666667E+0	7.483712E+0	2.121427E+3
29.900000E+0	0.000000E+0	0.000000E+0	41.666667E+0	7.787856E+0	2.132395E+3
30.000000E+0	0.000000E+0	0.000000E+0	41.666667E+0	6.801922E+0	2.143308E+3
30.100000E+0	0.000000E+0	0.000000E+0	41.666667E+0	7.827141E+0	2.154263E+3
30.200000E+0	0.000000E+0	0.000000E+0	41.666667E+0	6.736024E+0	2.165161E+3
30.300000E+0	0.000000E+0	0.000000E+0	41.666667E+0	7.715622E+0	2.176088E+3
30.400000E+0	0.000000E+0	0.000000E+0	41.666667E+0	7.054108E+0	2.187056E+3
30.500000E+0	0.000000E+0	0.000000E+0	41.666667E+0	7.762511E+0	2.198025E+3
30.600000E+0	0.000000E+0	0.000000E+0	41.666667E+0	7.607904E+0	2.208923E+3
30.700000E+0	0.000000E+0	0.000000E+0	41.666667E+0	7.288553E+0	2.219850E+3
30.800000E+0	0.000000E+0	0.000000E+0	41.666667E+0	7.675069E+0	2.230819E+3
30.900000E+0	0.000000E+0	0.000000E+0	41.666667E+0	7.203646E+0	2.241816E+3
31.000000E+0	0.000000E+0	0.000000E+0	41.666667E+0	7.784054E+0	2.252742E+3
31.100000E+0	0.000000E+0	0.000000E+0	41.666667E+0	6.316559E+0	2.263641E+3
31.200000E+0	0.000000E+0	0.000000E+0	41.666667E+0	7.882901E+0	2.274652E+3
31.300000E+0	0.000000E+0	0.000000E+0	41.666667E+0	7.318967E+0	2.285578E+3
31.400000E+0	0.000000E+0	0.000000E+0	41.666667E+0	7.426685E+0	2.296519E+3
31.500000E+0	0.000000E+0	0.000000E+0	41.666667E+0	7.502721E+0	2.307403E+3
31.600000E+0	0.000000E+0	0.000000E+0	41.666667E+0	7.457099E+0	2.318344E+3
31.700000E+0	0.000000E+0	0.000000E+0	41.666667E+0	7.633249E+0	2.329284E+3
31.800000E+0	0.000000E+0	0.000000E+0	41.666667E+0	6.595357E+0	2.340281E+3
31.900000E+0	0.000000E+0	0.000000E+0	41.666667E+0	7.642120E+0	2.351095E+3
32.000000E+0	0.000000E+0	0.000000E+0	41.666667E+0	6.851345E+0	2.361980E+3
32.100000E+0	0.000000E+0	0.000000E+0	41.666667E+0	7.530601E+0	2.372920E+3
32.200000E+0	0.000000E+0	0.000000E+0	41.666667E+0	6.946390E+0	2.383819E+3
32.300000E+0	0.000000E+0	0.000000E+0	41.666667E+0	7.661129E+0	2.394675E+3
32.400000E+0	0.000000E+0	0.000000E+0	41.666667E+0	7.528066E+0	2.405588E+3
32.500000E+0	0.000000E+0	0.000000E+0	41.666667E+0	7.294889E+0	2.416584E+3
32.600000E+0	0.000000E+0	0.000000E+0	41.666667E+0	7.535670E+0	2.427469E+3
32.700000E+0	0.000000E+0	0.000000E+0	41.666667E+0	7.378529E+0	2.438297E+3
32.800000E+0	0.000000E+0	0.000000E+0	41.666667E+0	7.770114E+0	2.449167E+3
32.900000E+0	0.000000E+0	0.000000E+0	41.666667E+0	6.755033E+0	2.460122E+3
33.000000E+0	0.000000E+0	0.000000E+0	41.666667E+0	7.834745E+0	2.471133E+3
33.100000E+0	0.000000E+0	0.000000E+0	41.666667E+0	6.798120E+0	2.481919E+3
33.200000E+0	0.000000E+0	0.000000E+0	41.666667E+0	7.680138E+0	2.492831E+3
33.300000E+0	0.000000E+0	0.000000E+0	41.666667E+0	6.753766E+0	2.503758E+3
33.400000E+0	0.000000E+0	0.000000E+0	41.666667E+0	7.866426E+0	2.514684E+3
33.500000E+0	0.000000E+0	0.000000E+0	41.666667E+0	7.408943E+0	2.525555E+3
33.600000E+0	0.000000E+0	0.000000E+0	41.666667E+0	7.488781E+0	2.536425E+3
33.700000E+0	0.000000E+0	0.000000E+0	41.666667E+0	7.434288E+0	2.547366E+3
33.800000E+0	0.000000E+0	0.000000E+0	41.666667E+0	7.549610E+0	2.558334E+3
33.900000E+0	0.000000E+0	0.000000E+0	41.666667E+0	7.711820E+0	2.569219E+3
34.000000E+0	0.000000E+0	0.000000E+0	41.666667E+0	6.852613E+0	2.580061E+3
34.100000E+0	0.000000E+0	0.000000E+0	41.666667E+0	7.775183E+0	2.590973E+3
34.200000E+0	0.000000E+0	0.000000E+0	41.666667E+0	6.973003E+0	2.601928E+3
34.300000E+0	0.000000E+0	0.000000E+0	41.666667E+0	7.697880E+0	2.612827E+3
34.400000E+0	0.000000E+0	0.000000E+0	41.666667E+0	6.791784E+0	2.623781E+3
34.500000E+0	0.000000E+0	0.000000E+0	41.666667E+0	7.834745E+0	2.634638E+3
34.600000E+0	0.000000E+0	0.000000E+0	41.666667E+0	7.296156E+0	2.645606E+3
34.700000E+0	0.000000E+0	0.000000E+0	41.666667E+0	7.424150E+0	2.656519E+3
34.800000E+0	0.000000E+0	0.000000E+0	41.666667E+0	7.384865E+0	2.667389E+3
34.900000E+0	0.000000E+0	0.000000E+0	41.666667E+0	7.506523E+0	2.678316E+3
35.000000E+0	0.000000E+0	0.000000E+0	41.666667E+0	7.619309E+0	2.689355E+3
35.100000E+0	0.000000E+0	0.000000E+0	41.666667E+0	6.798120E+0	2.700239E+3
35.200000E+0	0.000000E+0	0.000000E+0	41.666667E+0	7.677604E+0	2.711081E+3
35.300000E+0	0.000000E+0	0.000000E+0	41.666667E+0	6.826000E+0	2.721994E+3
35.400000E+0	0.000000E+0	0.000000E+0	41.666667E+0	7.524264E+0	2.732934E+3
35.500000E+0	0.000000E+0	0.000000E+0	41.666667E+0	7.007219E+0	2.743861E+3
35.600000E+0	0.000000E+0	0.000000E+0	41.666667E+0	7.658595E+0	2.754717E+3
35.700000E+0	0.000000E+0	0.000000E+0	41.666667E+0	7.582559E+0	2.765644E+3
35.800000E+0	0.000000E+0	0.000000E+0	41.666667E+0	7.248000E+0	2.776570E+3
35.900000E+0	0.000000E+0	0.000000E+0	41.666667E+0	7.638318E+0	2.787539E+3
36.000000E+0	0.000000E+0	0.000000E+0	41.666667E+0	7.288553E+0	2.798381E+3
36.100000E+0	0.000000E+0	0.000000E+0	41.666667E+0	7.773916E+0	2.809280E+3
36.200000E+0	0.000000E+0	0.000000E+0	41.666667E+0	6.459760E+0	2.820305E+3
36.300000E+0	0.000000E+0	0.000000E+0	41.666667E+0	7.763778E+0	2.831217E+3
36.400000E+0	0.000000E+0	0.000000E+0	41.666667E+0	6.615634E+0	2.842102E+3
36.500000E+0	0.000000E+0	0.000000E+0	41.666667E+0	7.705484E+0	2.852944E+3
36.600000E+0	0.000000E+0	0.000000E+0	41.666667E+0	7.085790E+0	2.863870E+3
36.700000E+0	0.000000E+0	0.000000E+0	41.666667E+0	7.737165E+0	2.874839E+3
36.800000E+0	0.000000E+0	0.000000E+0	41.666667E+0	7.595231E+0	2.885709E+3
36.900000E+0	0.000000E+0	0.000000E+0	41.666667E+0	7.315165E+0	2.896594E+3
37.000000E+0	0.000000E+0	0.000000E+0	41.666667E+0	7.595231E+0	2.907506E+3
37.100000E+0	0.000000E+0	0.000000E+0	41.666667E+0	7.377261E+0	2.918433E+3
37.200000E+0	0.000000E+0	0.000000E+0	41.666667E+0	7.753640E+0	2.929331E+3
37.300000E+0	0.000000E+0	0.000000E+0	41.666667E+0	6.640979E+0	2.940159E+3
37.400000E+0	0.000000E+0	0.000000E+0	41.666667E+0	7.766312E+0	2.951072E+3
37.500000E+0	0.000000E+0	0.000000E+0	41.666667E+0	6.862751E+0	2.961984E+3
37.600000E+0	0.000000E+0	0.000000E+0	41.666667E+0	7.624378E+0	2.972841E+3
37.700000E+0	0.000000E+0	0.000000E+0	41.666667E+0	6.554805E+0	2.983725E+3
37.800000E+0	0.000000E+0	0.000000E+0	41.666667E+0	7.813201E+0	2.994525E+3
37.900000E+0	0.000000E+0	0.000000E+0	41.666667E+0	7.009754E+0	3.005395E+3
38.000000E+0	0.000000E+0	0.000000E+0	41.666667E+0	7.583826E+0	3.016209E+3
38.100000E+0	0.000000E+0	0.000000E+0	41.666667E+0	6.857682E+0	3.027023E+3
38.200000E+0	0.000000E+0	0.000000E+0	41.666667E+0	7.797994E+0	3.037866E+3
38.300000E+0	0.000000E+0	0.000000E+0	41.666667E+0	7.164360E+0	3.048708E+3
38.400000E+0	0.000000E+0	0.000000E+0	41.666667E+0	7.483712E+0	3.059564E+3
38.500000E+0	0.000000E+0	0.000000E+0	41.666667E+0	6.952727E+0	3.070322E+3
38.600000E+0	0.000000E+0	0.000000E+0	41.666667E+0	7.729562E+0	3.081150E+3
38.700000E+0	0.000000E+0	0.000000E+0	41.666667E+0	7.321502E+0	3.092105E+3
38.800000E+0	0.000000E+0	0.000000E+0	41.666667E+0	7.436823E+0	3.102834E+3
38.900000E+0	0.000000E+0	0.000000E+0	41.666667E+0	7.030030E+0	3.113592E+3
39.000000E+0	0.000000E+0	0.000000E+0	41.666667E+0	7.699147E+0	3.124434E+3
39.100000E+0	0.000000E+0	0.000000E+0	41.666667E+0	7.245466E+0	3.135234E+3
39.200000E+0	0.000000E+0	0.000000E+0	41.666667E+0	7.410210E+0	3.146034E+3
39.300000E+0	0.000000E+0	0.000000E+0	41.666667E+0	7.037634E+0	3.156778E+3
39.400000E+0	0.000000E+0	0.000000E+0	41.666667E+0	7.668733E+0	3.167592E+3
39.500000E+0	0.000000E+0	0.000000E+0	41.666667E+0	7.230258E+0	3.178420E+3
39.600000E+0	0.000000E+0	0.000000E+0	41.666667E+0	7.433021E+0	3.189206E+3
39.700000E+0	0.000000E+0	0.000000E+0	41.666667E+0	6.970469E+0	3.199936E+3
39.800000E+0	0.000000E+0	0.000000E+0	41.666667E+0	7.686475E+0	3.210820E+3
39.900000E+0	0.000000E+0	0.000000E+0	41.666667E+0	7.178300E+0	3.221564E+3
40.000000E+0	0.000000E+0	0.000000E+0	41.666667E+0	7.467237E+0	3.232322E+3
40.100000E+0	0.000000E+0	0.000000E+0	41.666667E+0	6.875423E+0	3.243080E+3
40.200000E+0	0.000000E+0	0.000000E+0	41.666667E+0	7.763778E+0	3.253866E+3
40.300000E+0	0.000000E+0	0.000000E+0	41.666667E+0	7.071850E+0	3.264722E+3
40.400000E+0	0.000000E+0	0.000000E+0	41.666667E+0	7.549610E+0	3.275452E+3
40.500000E+0	0.000000E+0	0.000000E+0	41.666667E+0	6.717015E+0	3.286181E+3
40.600000E+0	0.000000E+0	0.000000E+0	41.666667E+0	7.767580E+0	3.296967E+3
40.700000E+0	0.000000E+0	0.000000E+0	41.666667E+0	6.628306E+0	3.307669E+3
40.800000E+0	0.000000E+0	0.000000E+0	41.666667E+0	7.590162E+0	3.318427E+3
40.900000E+0	0.000000E+0	0.000000E+0	41.666667E+0	6.251928E+0	3.329170E+3
41.000000E+0	0.000000E+0	0.000000E+0	41.666667E+0	7.720691E+0	3.339942E+3
41.100000E+0	0.000000E+0	0.000000E+0	41.666667E+0	6.853880E+0	3.350728E+3
41.200000E+0	0.000000E+0	0.000000E+0	41.666667E+0	7.663664E+0	3.361528E+3
41.300000E+0	0.000000E+0	0.000000E+0	41.666667E+0	6.453423E+0	3.372230E+3
41.400000E+0	0.000000E+0	0.000000E+0	41.666667E+0	7.656060E+0	3.383002E+3
41.500000E+0	0.000000E+0	0.000000E+0	41.666667E+0	7.043970E+0	3.393830E+3
41.600000E+0	0.000000E+0	0.000000E+0	41.666667E+0	7.676336E+0	3.404616E+3
41.700000E+0	0.000000E+0	0.000000E+0	100.000000E-3	6.554805E+0	3.415120E+3
41.800000E+0	0.000000E+0	0.000000E+0	100.000000E-3	5.827393E+0	3.424556E+3
41.900000E+0	0.000000E+0	0.000000E+0	100.000000E-3	5.089844E+0	3.432684E+3
42.000000E+0	0.000000E+0	0.000000E+0	100.000000E-3	4.097573E+0	3.439716E+3
42.100000E+0	0.000000E+0	0.000000E+0	100.000000E-3	3.929027E+0	3.445706E+3
42.200000E+0	0.000000E+0	0.000000E+0	100.000000E-3	3.314402E+0	3.450867E+3
42.300000E+0	0.000000E+0	0.000000E+0	100.000000E-3	2.780882E+0	3.455128E+3
42.400000E+0	0.000000E+0	0.000000E+0	100.000000E-3	1.881122E+0	3.458644E+3
42.500000E+0	0.000000E+0	0.000000E+0	100.000000E-3	1.739188E+0	3.461569E+3
42.600000E+0	0.000000E+0	0.000000E+0	100.000000E-3	1.277902E+0	3.463847E+3
42.700000E+0	0.000000E+0	0.000000E+0	100.000000E-3	966.154163E-3	3.465577E+3
42.800000E+0	0.000000E+0	0.000000E+0	100.000000E-3	754.520379E-3	3.466856E+3
42.900000E+0	0.000000E+0	0.000000E+0	100.000000E-3	451.643275E-3	3.467742E+3
43.000000E+0	0.000000E+0	0.000000E+0	100.000000E-3	139.895280E-3	3.468234E+3
43.100000E+0	0.000000E+0	0.000000E+0	100.000000E-3	-66.669456E-3	3.468347E+3
43.200000E+0	0.000000E+0	0.000000E+0	100.000000E-3	-64.134919E-3	3.468263E+3
43.300000E+0	0.000000E+0	0.000000E+0	100.000000E-3	-32.453211E-3	3.468220E+3
43.400000E+0	0.000000E+0	0.000000E+0	100.000000E-3	-26.116869E-3	3.468220E+3
43.500000E+0	0.000000E+0	0.000000E+0	100.000000E-3	-38.789552E-3	3.468220E+3
43.600000E+0	0.000000E+0	0.000000E+0	100.000000E-3	-38.789552E-3	3.468220E+3
43.700000E+0	0.000000E+0	0.000000E+0	100.000000E-3	-43.858626E-3	3.468220E+3
43.800000E+0	0.000000E+0	0.000000E+0	100.000000E-3	-17.245991E-3	3.468220E+3
43.900000E+0	0.000000E+0	0.000000E+0	100.000000E-3	-29.918674E-3	3.468220E+3
44.000000E+0	0.000000E+0	0.000000E+0	100.000000E-3	-40.056821E-3	3.468220E+3
44.100000E+0	0.000000E+0	0.000000E+0	100.000000E-3	-37.522284E-3	3.468220E+3
44.200000E+0	0.000000E+0	0.000000E+0	100.000000E-3	-29.918674E-3	3.468220E+3
44.300000E+0	0.000000E+0	0.000000E+0	100.000000E-3	-18.513259E-3	3.468220E+3
44.400000E+0	0.000000E+0	0.000000E+0	100.000000E-3	-45.125894E-3	3.468220E+3
44.500000E+0	0.000000E+0	0.000000E+0	100.000000E-3	-12.176917E-3	3.468220E+3
44.600000E+0	0.000000E+0	0.000000E+0	100.000000E-3	-38.789552E-3	3.468220E+3
44.700000E+0	0.000000E+0	0.000000E+0	100.000000E-3	-29.918674E-3	3.468220E+3
44.800000E+0	0.000000E+0	0.000000E+0	100.000000E-3	-34.987747E-3	3.468220E+3
44.900000E+0	0.000000E+0	0.000000E+0	100.000000E-3	-45.125894E-3	3.468220E+3
45.000000E+0	0.000000E+0	0.000000E+0	100.000000E-3	-42.591357E-3	3.468220E+3
45.100000E+0	0.000000E+0	0.000000E+0	100.000000E-3	-43.858626E-3	3.468220E+3
45.200000E+0	0.000000E+0	0.000000E+0	100.000000E-3	-40.056821E-3	3.468220E+3
45.300000E+0	0.000000E+0	0.000000E+0	100.000000E-3	-21.047796E-3	3.468220E+3
45.400000E+0	0.000000E+0	0.000000E+0	100.000000E-3	-108.489311E-3	3.468220E+3
45.500000E+0	0.000000E+0	0.000000E+0	100.000000E-3	-34.987747E-3	3.468220E+3
45.600000E+0	0.000000E+0	0.000000E+0	100.000000E-3	-40.056821E-3	3.468220E+3
45.700000E+0	0.000000E+0	0.000000E+0	100.000000E-3	-10.909649E-3	3.468220E+3
45.800000E+0	0.000000E+0	0.000000E+0	100.000000E-3	-32.453211E-3	3.468220E+3
45.900000E+0	0.000000E+0	0.000000E+0	100.000000E-3	-18.513259E-3	3.468220E+3
46.000000E+0	0.000000E+0	0.000000E+0	100.000000E-3	-24.849601E-3	3.468220E+3
46.100000E+0	0.000000E+0	0.000000E+0	100.000000E-3	-40.056821E-3	3.468220E+3
46.200000E+0	0.000000E+0	0.000000E+0	100.000000E-3	-32.453211E-3	3.468220E+3
46.300000E+0	0.000000E+0	0.000000E+0	100.000000E-3	-9.642381E-3	3.468220E+3
46.400000E+0	0.000000E+0	0.000000E+0	100.000000E-3	-38.789552E-3	3.468220E+3
46.500000E+0	0.000000E+0	0.000000E+0	100.000000E-3	-41.324089E-3	3.468220E+3
46.600000E+0	0.000000E+0	0.000000E+0	100.000000E-3	-29.918674E-3	3.468220E+3
46.700000E+0	0.000000E+0	0.000000E+0	100.000000E-3	-43.858626E-3	3.468220E+3
46.800000E+0	0.000000E+0	0.000000E+0	100.000000E-3	-13.444186E-3	3.468220E+3
46.900000E+0	0.000000E+0	0.000000E+0	100.000000E-3	-37.522284E-3	3.468220E+3
47.000000E+0	0.000000E+0	0.000000E+0	100.000000E-3	-10.909649E-3	3.468220E+3
47.100000E+0	0.000000E+0	0.000000E+0	100.000000E-3	-31.185942E-3	3.468220E+3
47.200000E+0	0.000000E+0	0.000000E+0	100.000000E-3	-42.591357E-3	3.468220E+3
47.300000E+0	0.000000E+0	0.000000E+0	100.000000E-3	-23.582332E-3	3.468220E+3
47.400000E+0	0.000000E+0	0.000000E+0	100.000000E-3	-13.444186E-3	3.468220E+3
47.500000E+0	0.000000E+0	0.000000E+0	41.666667E+0	226.069524E-3	3.468305E+3
47.600000E+0	0.000000E+0	0.000000E+0	41.666667E+0	1.167650E+0	3.469388E+3
47.700000E+0	0.000000E+0	0.000000E+0	41.666667E+0	1.969830E+0	3.471638E+3
47.800000E+0	0.000000E+0	0.000000E+0	41.666667E+0	2.545170E+0	3.474928E+3
47.900000E+0	0.000000E+0	0.000000E+0	41.666667E+0	3.224426E+0	3.479133E+3
48.000000E+0	0.000000E+0	0.000000E+0	41.666667E+0	3.766816E+0	3.483942E+3
48.100000E+0	0.000000E+0	0.000000E+0	41.666667E+0	3.950570E+0	3.489539E+3
48.200000E+0	0.000000E+0	0.000000E+0	41.666667E+0	4.498030E+0	3.495713E+3
48.300000E+0	0.000000E+0	0.000000E+0	41.666667E+0	4.520841E+0	3.502350E+3
48.400000E+0	0.000000E+0	0.000000E+0	41.666667E+0	4.895952E+0	3.509550E+3
48.500000E+0	0.000000E+0	0.000000E+0	41.666667E+0	5.265994E+0	3.517073E+3
48.600000E+0	0.000000E+0	0.000000E+0	41.666667E+0	5.557465E+0	3.525047E+3
48.700000E+0	0.000000E+0	0.000000E+0	41.666667E+0	5.023946E+0	3.533287E+3
48.800000E+0	0.000000E+0	0.000000E+0	41.666667E+0	6.234186E+0	3.541809E+3
48.900000E+0	0.000000E+0	0.000000E+0	41.666667E+0	6.109994E+0	3.550627E+3
49.000000E+0	0.000000E+0	0.000000E+0	41.666667E+0	5.187423E+0	3.559598E+3
49.100000E+0	0.000000E+0	0.000000E+0	41.666667E+0	5.894559E+0	3.568838E+3
49.200000E+0	0.000000E+0	0.000000E+0	41.666667E+0	6.295015E+0	3.578259E+3
49.300000E+0	0.000000E+0	0.000000E+0	41.666667E+0	6.492709E+0	3.587780E+3
49.400000E+0	0.000000E+0	0.000000E+0	41.666667E+0	6.340637E+0	3.597539E+3
49.500000E+0	0.000000E+0	0.000000E+0	41.666667E+0	6.178426E+0	3.607341E+3
49.600000E+0	0.000000E+0	0.000000E+0	41.666667E+0	5.769099E+0	3.617241E+3
49.700000E+0	0.000000E+0	0.000000E+0	41.666667E+0	6.823466E+0	3.627309E+3
49.800000E+0	0.000000E+0	0.000000E+0	41.666667E+0	7.255604E+0	3.637463E+3
49.900000E+0	0.000000E+0	0.000000E+0	41.666667E+0	7.116204E+0	3.647630E+3
50.000000E+0	0.000000E+0	0.000000E+0	41.666667E+0	6.577616E+0	3.657909E+3
50.100000E+0	0.000000E+0	0.000000E+0	41.666667E+0	7.182102E+0	3.668287E+3
50.200000E+0	0.000000E+0	0.000000E+0	41.666667E+0	7.288553E+0	3.678666E+3
50.300000E+0	0.000000E+0	0.000000E+0	41.666667E+0	6.193634E+0	3.689086E+3
50.400000E+0	0.000000E+0	0.000000E+0	41.666667E+0	7.369658E+0	3.699591E+3
50.500000E+0	0.000000E+0	0.000000E+0	41.666667E+0	7.467237E+0	3.710166E+3
50.600000E+0	0.000000E+0	0.000000E+0	41.666667E+0	7.152955E+0	3.720698E+3
50.700000E+0	0.000000E+0	0.000000E+0	41.666667E+0	7.501454E+0	3.731344E+3
50.800000E+0	0.000000E+0	0.000000E+0	41.666667E+0	6.167021E+0	3.741975E+3
50.900000E+0	0.000000E+0	0.000000E+0	41.666667E+0	7.654793E+0	3.752648E+3
51.000000E+0	0.000000E+0	0.000000E+0	41.666667E+0	6.879225E+0	3.763378E+3
51.100000E+0	0.000000E+0	0.000000E+0	41.666667E+0	7.610438E+0	3.773981E+3
51.200000E+0	0.000000E+0	0.000000E+0	41.666667E+0	6.932451E+0	3.784739E+3
51.300000E+0	0.000000E+0	0.000000E+0	41.666667E+0	7.478643E+0	3.795511E+3
51.400000E+0	0.000000E+0	0.000000E+0	41.666667E+0	7.367123E+0	3.806213E+3
51.500000E+0	0.000000E+0	0.000000E+0	41.666667E+0	7.644655E+0	3.817027E+3
51.600000E+0	0.000000E+0	0.000000E+0	41.666667E+0	7.216318E+0	3.827756E+3
51.700000E+0	0.000000E+0	0.000000E+0	41.666667E+0	7.296156E+0	3.838542E+3
51.800000E+0	0.000000E+0	0.000000E+0	41.666667E+0	7.419081E+0	3.849370E+3
51.900000E+0	0.000000E+0	0.000000E+0	41.666667E+0	7.528066E+0	3.860086E+3
52.000000E+0	0.000000E+0	0.000000E+0	41.666667E+0	7.189706E+0	3.871027E+3
52.100000E+0	0.000000E+0	0.000000E+0	41.666667E+0	7.330372E+0	3.881770E+3
52.200000E+0	0.000000E+0	0.000000E+0	41.666667E+0	7.481177E+0	3.892486E+3
52.300000E+0	0.000000E+0	0.000000E+0	41.666667E+0	7.506523E+0	3.903258E+3
52.400000E+0	0.000000E+0	0.000000E+0	41.666667E+0	7.230258E+0	3.914128E+3
52.500000E+0	0.000000E+0	0.000000E+0	41.666667E+0	7.320234E+0	3.924942E+3
52.600000E+0	0.000000E+0	0.000000E+0	41.666667E+0	7.496384E+0	3.935714E+3
52.700000E+0	0.000000E+0	0.000000E+0	41.666667E+0	7.614240E+0	3.946542E+3
52.800000E+0	0.000000E+0	0.000000E+0	41.666667E+0	7.183369E+0	3.957398E+3
52.900000E+0	0.000000E+0	0.000000E+0	41.666667E+0	7.483712E+0	3.968269E+3
53.000000E+0	0.000000E+0	0.000000E+0	41.666667E+0	7.377261E+0	3.979055E+3
53.100000E+0	0.000000E+0	0.000000E+0	41.666667E+0	7.706751E+0	3.989939E+3
53.200000E+0	0.000000E+0	0.000000E+0	41.666667E+0	6.986943E+0	4.000753E+3
53.300000E+0	0.000000E+0	0.000000E+0	41.666667E+0	7.611706E+0	4.011666E+3
53.400000E+0	0.000000E+0	0.000000E+0	41.666667E+0	7.232793E+0	4.022409E+3
53.500000E+0	0.000000E+0	0.000000E+0	41.666667E+0	7.711820E+0	4.033223E+3
53.600000E+0	0.000000E+0	0.000000E+0	41.666667E+0	6.762637E+0	4.044122E+3
53.700000E+0	0.000000E+0	0.000000E+0	41.666667E+0	7.678871E+0	4.054978E+3
53.800000E+0	0.000000E+0	0.000000E+0	41.666667E+0	6.872889E+0	4.065848E+3
53.900000E+0	0.000000E+0	0.000000E+0	41.666667E+0	7.742234E+0	4.076606E+3
54.000000E+0	0.000000E+0	0.000000E+0	41.666667E+0	6.463562E+0	4.087463E+3
54.100000E+0	0.000000E+0	0.000000E+0	41.666667E+0	7.765045E+0	4.098319E+3
54.200000E+0	0.000000E+0	0.000000E+0	41.666667E+0	6.734757E+0	4.109147E+3
54.300000E+0	0.000000E+0	0.000000E+0	41.666667E+0	7.667466E+0	4.119961E+3
54.400000E+0	0.000000E+0	0.000000E+0	41.666667E+0	6.071976E+0	4.130859E+3
54.500000E+0	0.000000E+0	0.000000E+0	41.666667E+0	7.843616E+0	4.141842E+3
54.600000E+0	0.000000E+0	0.000000E+0	41.666667E+0	6.960330E+0	4.152600E+3
54.700000E+0	0.000000E+0	0.000000E+0	41.666667E+0	7.685207E+0	4.163400E+3
54.800000E+0	0.000000E+0	0.000000E+0	41.666667E+0	7.036366E+0	4.174270E+3
54.900000E+0	0.000000E+0	0.000000E+0	41.666667E+0	7.724493E+0	4.185155E+3
55.000000E+0	0.000000E+0	0.000000E+0	41.666667E+0	7.387399E+0	4.195969E+3
55.100000E+0	0.000000E+0	0.000000E+0	41.666667E+0	7.463435E+0	4.206797E+3
55.200000E+0	0.000000E+0	0.000000E+0	41.666667E+0	7.289820E+0	4.217653E+3
55.300000E+0	0.000000E+0	0.000000E+0	41.666667E+0	7.658595E+0	4.228552E+3
55.400000E+0	0.000000E+0	0.000000E+0	41.666667E+0	7.550877E+0	4.239352E+3
55.500000E+0	0.000000E+0	0.000000E+0	41.666667E+0	7.203646E+0	4.250278E+3
55.600000E+0	0.000000E+0	0.000000E+0	41.666667E+0	7.483712E+0	4.261036E+3
55.700000E+0	0.000000E+0	0.000000E+0	41.666667E+0	7.492583E+0	4.271920E+3
55.800000E+0	0.000000E+0	0.000000E+0	41.666667E+0	7.649724E+0	4.282748E+3
55.900000E+0	0.000000E+0	0.000000E+0	41.666667E+0	7.002150E+0	4.293633E+3
56.000000E+0	0.000000E+0	0.000000E+0	41.666667E+0	7.599033E+0	4.304419E+3
56.100000E+0	0.000000E+0	0.000000E+0	41.666667E+0	7.109868E+0	4.315402E+3
56.200000E+0	0.000000E+0	0.000000E+0	41.666667E+0	7.719423E+0	4.326216E+3
56.300000E+0	0.000000E+0	0.000000E+0	41.666667E+0	6.687868E+0	4.336945E+3
56.400000E+0	0.000000E+0	0.000000E+0	41.666667E+0	7.743502E+0	4.347816E+3
56.500000E+0	0.000000E+0	0.000000E+0	41.666667E+0	6.993279E+0	4.358700E+3
56.600000E+0	0.000000E+0	0.000000E+0	41.666667E+0	7.695345E+0	4.369542E+3
56.700000E+0	0.000000E+0	0.000000E+0	41.666667E+0	6.296282E+0	4.380370E+3
56.800000E+0	0.000000E+0	0.000000E+0	41.666667E+0	7.778985E+0	4.391213E+3
56.900000E+0	0.000000E+0	0.000000E+0	41.666667E+0	6.647315E+0	4.402097E+3
57.000000E+0	0.000000E+0	0.000000E+0	41.666667E+0	7.626913E+0	4.412925E+3
57.100000E+0	0.000000E+0	0.000000E+0	41.666667E+0	6.705610E+0	4.423725E+3
57.200000E+0	0.000000E+0	0.000000E+0	41.666667E+0	7.784054E+0	4.434595E+3
57.300000E+0	0.000000E+0	0.000000E+0	41.666667E+0	7.045237E+0	4.445423E+3
57.400000E+0	0.000000E+0	0.000000E+0	41.666667E+0	7.586360E+0	4.456238E+3
57.500000E+0	0.000000E+0	0.000000E+0	41.666667E+0	6.827267E+0	4.467023E+3
57.600000E+0	0.000000E+0	0.000000E+0	41.666667E+0	7.743502E+0	4.477950E+3
57.700000E+0	0.000000E+0	0.000000E+0	41.666667E+0	7.182102E+0	4.488722E+3
57.800000E+0	0.000000E+0	0.000000E+0	41.666667E+0	7.487514E+0	4.499578E+3
57.900000E+0	0.000000E+0	0.000000E+0	41.666667E+0	6.961598E+0	4.510350E+3
58.000000E+0	0.000000E+0	0.000000E+0	41.666667E+0	7.744769E+0	4.521178E+3
58.100000E+0	0.000000E+0	0.000000E+0	41.666667E+0	7.264475E+0	4.532034E+3
58.200000E+0	0.000000E+0	0.000000E+0	41.666667E+0	7.474841E+0	4.542750E+3
58.300000E+0	0.000000E+0	0.000000E+0	41.666667E+0	6.931183E+0	4.553508E+3
58.400000E+0	0.000000E+0	0.000000E+0	41.666667E+0	7.746036E+0	4.564350E+3
58.500000E+0	0.000000E+0	0.000000E+0	41.666667E+0	7.265742E+0	4.575277E+3
58.600000E+0	0.000000E+0	0.000000E+0	41.666667E+0	7.444426E+0	4.586034E+3
58.700000E+0	0.000000E+0	0.000000E+0	41.666667E+0	7.065514E+0	4.596806E+3
58.800000E+0	0.000000E+0	0.000000E+0	41.666667E+0	7.644655E+0	4.607648E+3
58.900000E+0	0.000000E+0	0.000000E+0	41.666667E+0	7.364589E+0	4.618519E+3
59.000000E+0	0.000000E+0	0.000000E+0	41.666667E+0	7.318967E+0	4.629347E+3
59.100000E+0	0.000000E+0	0.000000E+0	41.666667E+0	7.270811E+0	4.640133E+3
59.200000E+0	0.000000E+0	0.000000E+0	41.666667E+0	7.585093E+0	4.650961E+3
59.300000E+0	0.000000E+0	0.000000E+0	41.666667E+0	7.455832E+0	4.661831E+3
59.400000E+0	0.000000E+0	0.000000E+0	41.666667E+0	7.215051E+0	4.672659E+3
59.500000E+0	0.000000E+0	0.000000E+0	41.666667E+0	7.351916E+0	4.683417E+3
59.600000E+0	0.000000E+0	0.000000E+0	41.666667E+0	7.502721E+0	4.694245E+3
59.700000E+0	0.000000E+0	0.000000E+0	41.666667E+0	7.520463E+0	4.705116E+3
59.800000E+0	0.000000E+0	0.000000E+0	41.666667E+0	7.135213E+0	4.715972E+3
59.900000E+0	0.000000E+0	0.000000E+0	41.666667E+0	7.401339E+0	4.726687E+3
60.000000E+0	0.000000E+0	0.000000E+0	41.666667E+0	7.424150E+0	4.737502E+3
60.100000E+0	0.000000E+0	0.000000E+0	41.666667E+0	7.500186E+0	4.748344E+3
60.200000E+0	0.000000E+0	0.000000E+0	41.666667E+0	7.068048E+0	4.759158E+3
60.300000E+0	0.000000E+0	0.000000E+0	41.666667E+0	7.384865E+0	4.769902E+3
60.400000E+0	0.000000E+0	0.000000E+0	41.666667E+0	7.401339E+0	4.780730E+3
60.500000E+0	0.000000E+0	0.000000E+0	41.666667E+0	7.490048E+0	4.791558E+3
60.600000E+0	0.000000E+0	0.000000E+0	41.666667E+0	7.080721E+0	4.802344E+3
60.700000E+0	0.000000E+0	0.000000E+0	41.666667E+0	7.375994E+0	4.813130E+3
60.800000E+0	0.000000E+0	0.000000E+0	41.666667E+0	7.433021E+0	4.823887E+3
60.900000E+0	0.000000E+0	0.000000E+0	41.666667E+0	7.501454E+0	4.834814E+3
61.000000E+0	0.000000E+0	0.000000E+0	41.666667E+0	7.118739E+0	4.845516E+3
61.100000E+0	0.000000E+0	0.000000E+0	41.666667E+0	7.373460E+0	4.856316E+3
61.200000E+0	0.000000E+0	0.000000E+0	41.666667E+0	7.484979E+0	4.867045E+3
61.300000E+0	0.000000E+0	0.000000E+0	41.666667E+0	7.453297E+0	4.877887E+3
61.400000E+0	0.000000E+0	0.000000E+0	41.666667E+0	7.169429E+0	4.888673E+3
61.500000E+0	0.000000E+0	0.000000E+0	41.666667E+0	7.335442E+0	4.899417E+3
61.600000E+0	0.000000E+0	0.000000E+0	41.666667E+0	7.519195E+0	4.910217E+3
61.700000E+0	0.000000E+0	0.000000E+0	41.666667E+0	7.465970E+0	4.921130E+3
61.800000E+0	0.000000E+0	0.000000E+0	41.666667E+0	7.135213E+0	4.931902E+3
61.900000E+0	0.000000E+0	0.000000E+0	41.666667E+0	7.313898E+0	4.942589E+3
62.000000E+0	0.000000E+0	0.000000E+0	41.666667E+0	7.479910E+0	4.953459E+3
62.100000E+0	0.000000E+0	0.000000E+0	41.666667E+0	7.427952E+0	4.964217E+3
62.200000E+0	0.000000E+0	0.000000E+0	41.666667E+0	7.227724E+0	4.975003E+3
62.300000E+0	0.000000E+0	0.000000E+0	41.666667E+0	7.263207E+0	4.985747E+3
62.400000E+0	0.000000E+0	0.000000E+0	41.666667E+0	7.592697E+0	4.996603E+3
62.500000E+0	0.000000E+0	0.000000E+0	41.666667E+0	7.379796E+0	5.007389E+3
62.600000E+0	0.000000E+0	0.000000E+0	41.666667E+0	7.235327E+0	5.018175E+3
62.700000E+0	0.000000E+0	0.000000E+0	41.666667E+0	7.236595E+0	5.028933E+3
62.800000E+0	0.000000E+0	0.000000E+0	41.666667E+0	7.604102E+0	5.039733E+3
62.900000E+0	0.000000E+0	0.000000E+0	41.666667E+0	7.355718E+0	5.050561E+3
63.000000E+0	0.000000E+0	0.000000E+0	41.666667E+0	7.288553E+0	5.061347E+3
63.100000E+0	0.000000E+0	0.000000E+0	41.666667E+0	7.215051E+0	5.072105E+3
63.200000E+0	0.000000E+0	0.000000E+0	41.666667E+0	7.605369E+0	5.082905E+3
63.300000E+0	0.000000E+0	0.000000E+0	41.666667E+0	7.310096E+0	5.093719E+3
63.400000E+0	0.000000E+0	0.000000E+0	41.666667E+0	7.315165E+0	5.104519E+3
63.500000E+0	0.000000E+0	0.000000E+0	41.666667E+0	7.274613E+0	5.115361E+3
63.600000E+0	0.000000E+0	0.000000E+0	41.666667E+0	7.629448E+0	5.126077E+3
63.700000E+0	0.000000E+0	0.000000E+0	41.666667E+0	7.351916E+0	5.136961E+3
63.800000E+0	0.000000E+0	0.000000E+0	41.666667E+0	7.349381E+0	5.147705E+3
63.900000E+0	0.000000E+0	0.000000E+0	41.666667E+0	7.194775E+0	5.158491E+3
64.000000E+0	0.000000E+0	0.000000E+0	41.666667E+0	7.640853E+0	5.169262E+3
64.100000E+0	0.000000E+0	0.000000E+0	41.666667E+0	7.307562E+0	5.180119E+3
64.200000E+0	0.000000E+0	0.000000E+0	41.666667E+0	7.369658E+0	5.190891E+3
64.300000E+0	0.000000E+0	0.000000E+0	41.666667E+0	7.127610E+0	5.201663E+3
64.400000E+0	0.000000E+0	0.000000E+0	41.666667E+0	7.623111E+0	5.212448E+3
64.500000E+0	0.000000E+0	0.000000E+0	41.666667E+0	7.253069E+0	5.223291E+3
64.600000E+0	0.000000E+0	0.000000E+0	41.666667E+0	7.388667E+0	5.234077E+3
64.700000E+0	0.000000E+0	0.000000E+0	41.666667E+0	7.114937E+0	5.244834E+3
64.800000E+0	0.000000E+0	0.000000E+0	41.666667E+0	7.625646E+0	5.255634E+3
64.900000E+0	0.000000E+0	0.000000E+0	41.666667E+0	7.313898E+0	5.266491E+3
65.000000E+0	0.000000E+0	0.000000E+0	41.666667E+0	7.421616E+0	5.277305E+3
65.100000E+0	0.000000E+0	0.000000E+0	41.666667E+0	7.258138E+0	5.288119E+3
65.200000E+0	0.000000E+0	0.000000E+0	41.666667E+0	7.629448E+0	5.298848E+3
65.300000E+0	0.000000E+0	0.000000E+0	41.666667E+0	7.284751E+0	5.309677E+3
65.400000E+0	0.000000E+0	0.000000E+0	41.666667E+0	7.367123E+0	5.320477E+3
65.500000E+0	0.000000E+0	0.000000E+0	41.666667E+0	7.095928E+0	5.331220E+3
65.600000E+0	0.000000E+0	0.000000E+0	41.666667E+0	7.649724E+0	5.342020E+3
65.700000E+0	0.000000E+0	0.000000E+0	41.666667E+0	7.265742E+0	5.352863E+3
65.800000E+0	0.000000E+0	0.000000E+0	41.666667E+0	7.412745E+0	5.363634E+3
65.900000E+0	0.000000E+0	0.000000E+0	41.666667E+0	7.158024E+0	5.374448E+3
66.000000E+0	0.000000E+0	0.000000E+0	41.666667E+0	7.649724E+0	5.385206E+3
66.100000E+0	0.000000E+0	0.000000E+0	41.666667E+0	7.236595E+0	5.396034E+3
66.200000E+0	0.000000E+0	0.000000E+0	41.666667E+0	7.430487E+0	5.406834E+3
66.300000E+0	0.000000E+0	0.000000E+0	41.666667E+0	7.027496E+0	5.417648E+3
66.400000E+0	0.000000E+0	0.000000E+0	41.666667E+0	7.658595E+0	5.428406E+3
66.500000E+0	0.000000E+0	0.000000E+0	41.666667E+0	7.343045E+0	5.439333E+3
66.600000E+0	0.000000E+0	0.000000E+0	41.666667E+0	7.427952E+0	5.450048E+3
66.700000E+0	0.000000E+0	0.000000E+0	41.666667E+0	7.070583E+0	5.460806E+3
66.800000E+0	0.000000E+0	0.000000E+0	41.666667E+0	7.652258E+0	5.471634E+3
66.900000E+0	0.000000E+0	0.000000E+0	41.666667E+0	7.360787E+0	5.482561E+3
67.000000E+0	0.000000E+0	0.000000E+0	41.666667E+0	7.402607E+0	5.493277E+3
67.100000E+0	0.000000E+0	0.000000E+0	41.666667E+0	7.098463E+0	5.504034E+3
67.200000E+0	0.000000E+0	0.000000E+0	41.666667E+0	7.682673E+0	5.514848E+3
67.300000E+0	0.000000E+0	0.000000E+0	41.666667E+0	7.327838E+0	5.525691E+3
67.400000E+0	0.000000E+0	0.000000E+0	41.666667E+0	7.397538E+0	5.536491E+3
67.500000E+0	0.000000E+0	0.000000E+0	41.666667E+0	7.156757E+0	5.547262E+3
67.600000E+0	0.000000E+0	0.000000E+0	41.666667E+0	7.611706E+0	5.558147E+3
67.700000E+0	0.000000E+0	0.000000E+0	41.666667E+0	7.344312E+0	5.568933E+3
67.800000E+0	0.000000E+0	0.000000E+0	41.666667E+0	7.307562E+0	5.579733E+3
67.900000E+0	0.000000E+0	0.000000E+0	41.666667E+0	7.306294E+0	5.590547E+3
68.000000E+0	0.000000E+0	0.000000E+0	41.666667E+0	7.601568E+0	5.601333E+3
68.100000E+0	0.000000E+0	0.000000E+0	41.666667E+0	7.401339E+0	5.612189E+3
68.200000E+0	0.000000E+0	0.000000E+0	41.666667E+0	7.255604E+0	5.623003E+3
68.300000E+0	0.000000E+0	0.000000E+0	41.666667E+0	7.405141E+0	5.633916E+3
68.400000E+0	0.000000E+0	0.000000E+0	41.666667E+0	7.455832E+0	5.644645E+3
68.500000E+0	0.000000E+0	0.000000E+0	41.666667E+0	7.482445E+0	5.655488E+3
68.600000E+0	0.000000E+0	0.000000E+0	41.666667E+0	7.108601E+0	5.666344E+3
68.700000E+0	0.000000E+0	0.000000E+0	41.666667E+0	7.434288E+0	5.677144E+3
68.800000E+0	0.000000E+0	0.000000E+0	41.666667E+0	7.372192E+0	5.687972E+3
68.900000E+0	0.000000E+0	0.000000E+0	41.666667E+0	7.563550E+0	5.698898E+3
69.000000E+0	0.000000E+0	0.000000E+0	41.666667E+0	6.896967E+0	5.709670E+3
69.100000E+0	0.000000E+0	0.000000E+0	41.666667E+0	7.545808E+0	5.720470E+3
69.200000E+0	0.000000E+0	0.000000E+0	41.666667E+0	7.206180E+0	5.731312E+3
69.300000E+0	0.000000E+0	0.000000E+0	41.666667E+0	7.566084E+0	5.742183E+3
69.400000E+0	0.000000E+0	0.000000E+0	41.666667E+0	6.658721E+0	5.753025E+3
69.500000E+0	0.000000E+0	0.000000E+0	41.666667E+0	7.601568E+0	5.763825E+3
69.600000E+0	0.000000E+0	0.000000E+0	41.666667E+0	6.985676E+0	5.774653E+3
69.700000E+0	0.000000E+0	0.000000E+0	41.666667E+0	7.549610E+0	5.785552E+3
69.800000E+0	0.000000E+0	0.000000E+0	41.666667E+0	6.235453E+0	5.796478E+3
69.900000E+0	0.000000E+0	0.000000E+0	41.666667E+0	7.640853E+0	5.807208E+3
70.000000E+0	0.000000E+0	0.000000E+0	41.666667E+0	6.743628E+0	5.818008E+3
70.100000E+0	0.000000E+0	0.000000E+0	41.666667E+0	7.491315E+0	5.828878E+3
70.200000E+0	0.000000E+0	0.000000E+0	41.666667E+0	6.516787E+0	5.839762E+3
70.300000E+0	0.000000E+0	0.000000E+0	41.666667E+0	7.710553E+0	5.850506E+3
70.400000E+0	0.000000E+0	0.000000E+0	41.666667E+0	7.166895E+0	5.861348E+3
70.500000E+0	0.000000E+0	0.000000E+0	41.666667E+0	7.464703E+0	5.872233E+3
70.600000E+0	0.000000E+0	0.000000E+0	41.666667E+0	6.960330E+0	5.883075E+3
70.700000E+0	0.000000E+0	0.000000E+0	41.666667E+0	7.629448E+0	5.893889E+3
70.800000E+0	0.000000E+0	0.000000E+0	41.666667E+0	7.373460E+0	5.904703E+3
70.900000E+0	0.000000E+0	0.000000E+0	41.666667E+0	7.340511E+0	5.915588E+3
71.000000E+0	0.000000E+0	0.000000E+0	41.666667E+0	7.286018E+0	5.926500E+3
71.100000E+0	0.000000E+0	0.000000E+0	41.666667E+0	7.576222E+0	5.937216E+3
71.200000E+0	0.000000E+0	0.000000E+0	41.666667E+0	7.533135E+0	5.948044E+3
71.300000E+0	0.000000E+0	0.000000E+0	41.666667E+0	7.240396E+0	5.958942E+3
71.400000E+0	0.000000E+0	0.000000E+0	41.666667E+0	7.393736E+0	5.969784E+3
71.500000E+0	0.000000E+0	0.000000E+0	41.666667E+0	7.429219E+0	5.980641E+3
71.600000E+0	0.000000E+0	0.000000E+0	41.666667E+0	7.737165E+0	5.991427E+3
71.700000E+0	0.000000E+0	0.000000E+0	41.666667E+0	6.992012E+0	6.002339E+3
71.800000E+0	0.000000E+0	0.000000E+0	41.666667E+0	7.611706E+0	6.013195E+3
71.900000E+0	0.000000E+0	0.000000E+0	41.666667E+0	7.170697E+0	6.024052E+3
72.000000E+0	0.000000E+0	0.000000E+0	41.666667E+0	7.728294E+0	6.034866E+3
72.100000E+0	0.000000E+0	0.000000E+0	41.666667E+0	6.705610E+0	6.045722E+3
72.200000E+0	0.000000E+0	0.000000E+0	41.666667E+0	7.696613E+0	6.056606E+3
72.300000E+0	0.000000E+0	0.000000E+0	41.666667E+0	6.902036E+0	6.067420E+3
72.400000E+0	0.000000E+0	0.000000E+0	41.666667E+0	7.737165E+0	6.078234E+3
72.500000E+0	0.000000E+0	0.000000E+0	41.666667E+0	6.377387E+0	6.089119E+3
72.600000E+0	0.000000E+0	0.000000E+0	41.666667E+0	7.732096E+0	6.100003E+3
72.700000E+0	0.000000E+0	0.000000E+0	41.666667E+0	6.596625E+0	6.110803E+3
72.800000E+0	0.000000E+0	0.000000E+0	41.666667E+0	7.650991E+0	6.121687E+3
72.900000E+0	0.000000E+0	0.000000E+0	41.666667E+0	6.189832E+0	6.132502E+3
73.000000E+0	0.000000E+0	0.000000E+0	41.666667E+0	7.780252E+0	6.143358E+3
73.100000E+0	0.000000E+0	0.000000E+0	41.666667E+0	6.988210E+0	6.154158E+3
73.200000E+0	0.000000E+0	0.000000E+0	41.666667E+0	7.649724E+0	6.164944E+3
73.300000E+0	0.000000E+0	0.000000E+0	41.666667E+0	6.804457E+0	6.175786E+3
73.400000E+0	0.000000E+0	0.000000E+0	41.666667E+0	7.768847E+0	6.186628E+3
73.500000E+0	0.000000E+0	0.000000E+0	41.666667E+0	7.051574E+0	6.197372E+3
73.600000E+0	0.000000E+0	0.000000E+0	41.666667E+0	7.602835E+0	6.208130E+3
73.700000E+0	0.000000E+0	0.000000E+0	41.666667E+0	6.710679E+0	6.218972E+3
73.800000E+0	0.000000E+0	0.000000E+0	41.666667E+0	7.740967E+0	6.229828E+3
73.900000E+0	0.000000E+0	0.000000E+0	41.666667E+0	6.490174E+0	6.240473E+3
74.000000E+0	0.000000E+0	0.000000E+0	41.666667E+0	7.615508E+0	6.251189E+3
74.100000E+0	0.000000E+0	0.000000E+0	41.666667E+0	6.077045E+0	6.262102E+3
74.200000E+0	0.000000E+0	0.000000E+0	41.666667E+0	7.645922E+0	6.272705E+3
74.300000E+0	0.000000E+0	0.000000E+0	41.666667E+0	6.874156E+0	6.283406E+3
74.400000E+0	0.000000E+0	0.000000E+0	41.666667E+0	7.661129E+0	6.294094E+3
74.500000E+0	0.000000E+0	0.000000E+0	41.666667E+0	6.809526E+0	6.304823E+3
74.600000E+0	0.000000E+0	0.000000E+0	41.666667E+0	7.436823E+0	6.315539E+3
74.700000E+0	0.000000E+0	0.000000E+0	41.666667E+0	7.288553E+0	6.326255E+3
74.800000E+0	0.000000E+0	0.000000E+0	41.666667E+0	7.408943E+0	6.336858E+3
74.900000E+0	0.000000E+0	0.000000E+0	41.666667E+0	7.248000E+0	6.347573E+3
75.000000E+0	0.000000E+0	0.000000E+0	41.666667E+0	6.838673E+0	6.358247E+3
75.100000E+0	0.000000E+0	0.000000E+0	41.666667E+0	7.563550E+0	6.368878E+3
75.200000E+0	0.000000E+0	0.000000E+0	41.666667E+0	6.706877E+0	6.379566E+3
75.300000E+0	0.000000E+0	0.000000E+0	41.666667E+0	7.438090E+0	6.390267E+3
75.400000E+0	0.000000E+0	0.000000E+0	41.666667E+0	6.744895E+0	6.400983E+3
75.500000E+0	0.000000E+0	0.000000E+0	41.666667E+0	7.321502E+0	6.411558E+3
75.600000E+0	0.000000E+0	0.000000E+0	41.666667E+0	7.503988E+0	6.422133E+3
75.700000E+0	0.000000E+0	0.000000E+0	41.666667E+0	7.175766E+0	6.432863E+3
75.800000E+0	0.000000E+0	0.000000E+0	41.666667E+0	7.384865E+0	6.443564E+3
75.900000E+0	0.000000E+0	0.000000E+0	41.666667E+0	6.601694E+0	6.454153E+3
76.000000E+0	0.000000E+0	0.000000E+0	41.666667E+0	7.661129E+0	6.464827E+3
76.100000E+0	0.000000E+0	0.000000E+0	41.666667E+0	6.775309E+0	6.475556E+3
76.200000E+0	0.000000E+0	0.000000E+0	41.666667E+0	7.596499E+0	6.486202E+3
76.300000E+0	0.000000E+0	0.000000E+0	41.666667E+0	6.737291E+0	6.496847E+3
76.400000E+0	0.000000E+0	0.000000E+0	41.666667E+0	7.464703E+0	6.507562E+3
76.500000E+0	0.000000E+0	0.000000E+0	41.666667E+0	7.320234E+0	6.518348E+3
76.600000E+0	0.000000E+0	0.000000E+0	41.666667E+0	7.514126E+0	6.529008E+3
76.700000E+0	0.000000E+0	0.000000E+0	41.666667E+0	7.363321E+0	6.539625E+3
76.800000E+0	0.000000E+0	0.000000E+0	41.666667E+0	6.941321E+0	6.550298E+3
76.900000E+0	0.000000E+0	0.000000E+0	41.666667E+0	7.713087E+0	6.561028E+3
77.000000E+0	0.000000E+0	0.000000E+0	41.666667E+0	6.414138E+0	6.571687E+3
77.100000E+0	0.000000E+0	0.000000E+0	41.666667E+0	7.582559E+0	6.582347E+3
77.200000E+0	0.000000E+0	0.000000E+0	41.666667E+0	6.372318E+0	6.593062E+3
77.300000E+0	0.000000E+0	0.000000E+0	41.666667E+0	7.593964E+0	6.603778E+3
77.400000E+0	0.000000E+0	0.000000E+0	41.666667E+0	7.151688E+0	6.614409E+3
77.500000E+0	0.000000E+0	0.000000E+0	41.666667E+0	7.624378E+0	6.625069E+3
77.600000E+0	0.000000E+0	0.000000E+0	41.666667E+0	7.075652E+0	6.635798E+3
77.700000E+0	0.000000E+0	0.000000E+0	41.666667E+0	7.163093E+0	6.646486E+3
77.800000E+0	0.000000E+0	0.000000E+0	41.666667E+0	7.502721E+0	6.657117E+3
77.900000E+0	0.000000E+0	0.000000E+0	41.666667E+0	7.121273E+0	6.667791E+3
78.000000E+0	0.000000E+0	0.000000E+0	100.000000E-3	6.953994E+0	6.678366E+3
78.100000E+0	0.000000E+0	0.000000E+0	100.000000E-3	6.174625E+0	6.687633E+3
78.200000E+0	0.000000E+0	0.000000E+0	100.000000E-3	5.260925E+0	6.695677E+3
78.300000E+0	0.000000E+0	0.000000E+0	100.000000E-3	4.453675E+0	6.702722E+3
78.400000E+0	0.000000E+0	0.000000E+0	100.000000E-3	3.575459E+0	6.708642E+3
78.500000E+0	0.000000E+0	0.000000E+0	100.000000E-3	3.102768E+0	6.713691E+3
78.600000E+0	0.000000E+0	0.000000E+0	100.000000E-3	2.230888E+0	6.718008E+3
78.700000E+0	0.000000E+0	0.000000E+0	100.000000E-3	2.208077E+0	6.721552E+3
78.800000E+0	0.000000E+0	0.000000E+0	100.000000E-3	1.791146E+0	6.724406E+3
78.900000E+0	0.000000E+0	0.000000E+0	100.000000E-3	1.364076E+0	6.726670E+3
79.000000E+0	0.000000E+0	0.000000E+0	100.000000E-3	1.026983E+0	6.728414E+3
79.100000E+0	0.000000E+0	0.000000E+0	100.000000E-3	640.466240E-3	6.729722E+3
79.200000E+0	0.000000E+0	0.000000E+0	100.000000E-3	357.865424E-3	6.730523E+3
79.300000E+0	0.000000E+0	0.000000E+0	100.000000E-3	124.688060E-3	6.730903E+3
79.400000E+0	0.000000E+0	0.000000E+0	100.000000E-3	-66.669456E-3	6.730945E+3
79.500000E+0	0.000000E+0	0.000000E+0	100.000000E-3	-70.471261E-3	6.730889E+3
79.600000E+0	0.000000E+0	0.000000E+0	100.000000E-3	-10.909649E-3	6.730875E+3
79.700000E+0	0.000000E+0	0.000000E+0	100.000000E-3	-41.324089E-3	6.730875E+3
79.800000E+0	0.000000E+0	0.000000E+0	100.000000E-3	-32.453211E-3	6.730875E+3
79.900000E+0	0.000000E+0	0.000000E+0	100.000000E-3	-36.255016E-3	6.730875E+3
80.000000E+0	0.000000E+0	0.000000E+0	100.000000E-3	-14.711454E-3	6.730875E+3
80.100000E+0	0.000000E+0	0.000000E+0	100.000000E-3	-12.176917E-3	6.730875E+3
80.200000E+0	0.000000E+0	0.000000E+0	100.000000E-3	-9.642381E-3	6.730875E+3
80.300000E+0	0.000000E+0	0.000000E+0	100.000000E-3	-10.909649E-3	6.730875E+3
80.400000E+0	0.000000E+0	0.000000E+0	100.000000E-3	-37.522284E-3	6.730875E+3
80.500000E+0	5.000000E+0	0.000000E+0	100.000000E-3	-43.858626E-3	6.730875E+3
