t [s] || setpoint speed [rot. s^-1] || setpoint pos [°] || duty cycle [%] || Ang Speed [rot. s^-1] ||
Ang Pos [°]
0.000000E+0	0.000000E+0	0.000000E+0	25.000000E+0	2.414642E+0	34.439062E+0
100.000000E-3	0.000000E+0	0.000000E+0	25.000000E+0	2.635146E+0	38.123438E+0
200.000000E-3	0.000000E+0	0.000000E+0	25.000000E+0	2.181464E+0	41.906250E+0
300.000000E-3	0.000000E+0	0.000000E+0	25.000000E+0	2.651621E+0	45.759375E+0
400.000000E-3	0.000000E+0	0.000000E+0	25.000000E+0	2.661759E+0	49.654688E+0
500.000000E-3	0.000000E+0	0.000000E+0	25.000000E+0	2.645284E+0	53.578125E+0
600.000000E-3	0.000000E+0	0.000000E+0	25.000000E+0	2.820167E+0	57.543750E+0
700.000000E-3	0.000000E+0	0.000000E+0	25.000000E+0	2.690906E+0	61.621875E+0
800.000000E-3	0.000000E+0	0.000000E+0	25.000000E+0	2.532497E+0	65.657813E+0
900.000000E-3	0.000000E+0	0.000000E+0	25.000000E+0	2.848047E+0	69.778125E+0
1.000000E+0	0.000000E+0	0.000000E+0	25.000000E+0	2.891134E+0	73.870312E+0
1.100000E+0	0.000000E+0	0.000000E+0	25.000000E+0	2.485609E+0	78.018750E+0
1.200000E+0	0.000000E+0	0.000000E+0	25.000000E+0	2.874660E+0	82.125000E+0
1.300000E+0	0.000000E+0	0.000000E+0	25.000000E+0	2.979843E+0	86.301563E+0
1.400000E+0	0.000000E+0	0.000000E+0	25.000000E+0	2.849314E+0	90.534375E+0
1.500000E+0	0.000000E+0	0.000000E+0	25.000000E+0	2.394365E+0	94.753125E+0
1.600000E+0	0.000000E+0	0.000000E+0	25.000000E+0	2.802426E+0	98.901562E+0
1.700000E+0	0.000000E+0	0.000000E+0	25.000000E+0	2.981110E+0	103.176563E+0
1.800000E+0	0.000000E+0	0.000000E+0	25.000000E+0	2.911411E+0	107.437500E+0
1.900000E+0	0.000000E+0	0.000000E+0	25.000000E+0	2.772011E+0	111.656250E+0
2.000000E+0	0.000000E+0	0.000000E+0	25.000000E+0	2.812564E+0	115.903125E+0
2.100000E+0	0.000000E+0	0.000000E+0	25.000000E+0	3.008990E+0	120.234375E+0
2.200000E+0	0.000000E+0	0.000000E+0	25.000000E+0	2.987447E+0	124.425000E+0
2.300000E+0	0.000000E+0	0.000000E+0	25.000000E+0	2.755537E+0	128.671875E+0
2.400000E+0	0.000000E+0	0.000000E+0	25.000000E+0	2.588257E+0	132.989063E+0
2.500000E+0	0.000000E+0	0.000000E+0	25.000000E+0	2.846780E+0	137.264062E+0
2.600000E+0	0.000000E+0	0.000000E+0	25.000000E+0	3.005188E+0	141.525000E+0
2.700000E+0	0.000000E+0	0.000000E+0	25.000000E+0	2.989981E+0	145.842187E+0
2.800000E+0	0.000000E+0	0.000000E+0	25.000000E+0	2.788486E+0	150.173438E+0
2.900000E+0	0.000000E+0	0.000000E+0	25.000000E+0	2.860720E+0	154.406250E+0
3.000000E+0	0.000000E+0	0.000000E+0	25.000000E+0	3.007723E+0	158.695312E+0
3.100000E+0	0.000000E+0	0.000000E+0	25.000000E+0	3.053345E+0	163.068750E+0
3.200000E+0	0.000000E+0	0.000000E+0	25.000000E+0	2.932954E+0	167.357812E+0
3.300000E+0	0.000000E+0	0.000000E+0	25.000000E+0	2.612335E+0	171.604688E+0
3.400000E+0	0.000000E+0	0.000000E+0	25.000000E+0	2.731458E+0	175.964063E+0
3.500000E+0	0.000000E+0	0.000000E+0	25.000000E+0	2.943092E+0	180.267188E+0
3.600000E+0	0.000000E+0	0.000000E+0	25.000000E+0	3.076155E+0	184.556250E+0
3.700000E+0	0.000000E+0	0.000000E+0	25.000000E+0	2.983645E+0	188.887500E+0
3.800000E+0	0.000000E+0	0.000000E+0	25.000000E+0	2.595861E+0	193.232812E+0
3.900000E+0	0.000000E+0	0.000000E+0	25.000000E+0	2.902540E+0	197.507812E+0
4.000000E+0	0.000000E+0	0.000000E+0	25.000000E+0	3.049543E+0	201.825000E+0
4.100000E+0	0.000000E+0	0.000000E+0	25.000000E+0	3.068552E+0	206.212500E+0
4.200000E+0	0.000000E+0	0.000000E+0	25.000000E+0	2.920281E+0	210.487500E+0
4.300000E+0	0.000000E+0	0.000000E+0	25.000000E+0	2.465332E+0	214.790625E+0
4.400000E+0	0.000000E+0	0.000000E+0	25.000000E+0	2.744131E+0	219.178125E+0
4.500000E+0	0.000000E+0	0.000000E+0	25.000000E+0	2.934221E+0	223.481250E+0
4.600000E+0	0.000000E+0	0.000000E+0	25.000000E+0	3.085026E+0	227.770313E+0
4.700000E+0	0.000000E+0	0.000000E+0	25.000000E+0	2.995050E+0	232.129688E+0
4.800000E+0	0.000000E+0	0.000000E+0	25.000000E+0	2.763140E+0	236.475000E+0
4.900000E+0	0.000000E+0	0.000000E+0	25.000000E+0	2.886065E+0	240.778125E+0
5.000000E+0	0.000000E+0	0.000000E+0	25.000000E+0	3.026732E+0	245.109375E+0
5.100000E+0	0.000000E+0	0.000000E+0	25.000000E+0	3.096432E+0	249.482812E+0
5.200000E+0	0.000000E+0	0.000000E+0	25.000000E+0	2.960834E+0	253.785938E+0
5.300000E+0	0.000000E+0	0.000000E+0	25.000000E+0	2.683302E+0	258.103125E+0
5.400000E+0	0.000000E+0	0.000000E+0	25.000000E+0	2.678233E+0	262.476562E+0
5.500000E+0	0.000000E+0	0.000000E+0	25.000000E+0	2.896203E+0	266.807813E+0
5.600000E+0	0.000000E+0	0.000000E+0	25.000000E+0	3.087561E+0	271.110938E+0
5.700000E+0	0.000000E+0	0.000000E+0	25.000000E+0	3.057146E+0	275.498438E+0
5.800000E+0	0.000000E+0	0.000000E+0	25.000000E+0	2.878462E+0	279.843750E+0
5.900000E+0	0.000000E+0	0.000000E+0	25.000000E+0	2.779615E+0	284.189063E+0
6.000000E+0	0.000000E+0	0.000000E+0	25.000000E+0	2.982378E+0	288.534375E+0
6.100000E+0	0.000000E+0	0.000000E+0	25.000000E+0	3.101501E+0	292.935938E+0
6.200000E+0	0.000000E+0	0.000000E+0	25.000000E+0	3.063483E+0	297.267188E+0
6.300000E+0	0.000000E+0	0.000000E+0	25.000000E+0	2.902540E+0	301.612500E+0
6.400000E+0	0.000000E+0	0.000000E+0	25.000000E+0	2.488143E+0	306.028125E+0
6.500000E+0	0.000000E+0	0.000000E+0	25.000000E+0	2.737795E+0	310.429687E+0
6.600000E+0	0.000000E+0	0.000000E+0	25.000000E+0	3.021663E+0	314.746875E+0
6.700000E+0	0.000000E+0	0.000000E+0	25.000000E+0	3.055879E+0	319.190625E+0
6.800000E+0	0.000000E+0	0.000000E+0	25.000000E+0	3.073621E+0	323.550000E+0
6.900000E+0	0.000000E+0	0.000000E+0	25.000000E+0	3.007723E+0	327.923438E+0
7.000000E+0	0.000000E+0	0.000000E+0	25.000000E+0	2.659224E+0	332.339063E+0
7.100000E+0	0.000000E+0	0.000000E+0	25.000000E+0	2.926618E+0	336.754687E+0
7.200000E+0	0.000000E+0	0.000000E+0	25.000000E+0	3.130648E+0	341.114062E+0
7.300000E+0	0.000000E+0	0.000000E+0	25.000000E+0	3.097699E+0	345.543750E+0
7.400000E+0	0.000000E+0	0.000000E+0	25.000000E+0	3.092630E+0	349.959375E+0
7.500000E+0	0.000000E+0	0.000000E+0	25.000000E+0	2.911411E+0	354.332812E+0
7.600000E+0	0.000000E+0	0.000000E+0	25.000000E+0	2.518557E+0	358.720313E+0
7.700000E+0	0.000000E+0	0.000000E+0	25.000000E+0	2.812564E+0	363.206250E+0
7.800000E+0	0.000000E+0	0.000000E+0	25.000000E+0	2.981110E+0	367.593750E+0
7.900000E+0	0.000000E+0	0.000000E+0	25.000000E+0	3.106570E+0	371.981250E+0
8.000000E+0	0.000000E+0	0.000000E+0	25.000000E+0	3.119242E+0	376.425000E+0
8.100000E+0	0.000000E+0	0.000000E+0	25.000000E+0	3.010257E+0	380.854688E+0
8.200000E+0	0.000000E+0	0.000000E+0	25.000000E+0	2.765675E+0	385.228125E+0
8.300000E+0	0.000000E+0	0.000000E+0	25.000000E+0	2.831573E+0	389.700000E+0
8.400000E+0	0.000000E+0	0.000000E+0	25.000000E+0	3.095164E+0	394.129687E+0
8.500000E+0	0.000000E+0	0.000000E+0	25.000000E+0	3.171200E+0	398.531250E+0
8.600000E+0	0.000000E+0	0.000000E+0	25.000000E+0	3.059681E+0	402.960937E+0
8.700000E+0	0.000000E+0	0.000000E+0	25.000000E+0	3.029266E+0	407.432813E+0
8.800000E+0	0.000000E+0	0.000000E+0	25.000000E+0	2.886065E+0	411.848437E+0
8.900000E+0	0.000000E+0	0.000000E+0	25.000000E+0	2.565446E+0	416.250000E+0
9.000000E+0	0.000000E+0	0.000000E+0	25.000000E+0	2.848047E+0	420.721875E+0
9.100000E+0	0.000000E+0	0.000000E+0	25.000000E+0	2.996317E+0	425.151563E+0
9.200000E+0	0.000000E+0	0.000000E+0	25.000000E+0	3.095164E+0	429.553125E+0
9.300000E+0	0.000000E+0	0.000000E+0	25.000000E+0	3.102768E+0	434.039062E+0
9.400000E+0	0.000000E+0	0.000000E+0	25.000000E+0	2.997585E+0	438.440625E+0
9.500000E+0	0.000000E+0	0.000000E+0	25.000000E+0	2.891134E+0	442.856250E+0
9.600000E+0	0.000000E+0	0.000000E+0	25.000000E+0	2.846780E+0	447.328125E+0
9.700000E+0	0.000000E+0	0.000000E+0	75.000000E+0	3.385369E+0	451.842188E+0
9.800000E+0	0.000000E+0	0.000000E+0	75.000000E+0	5.048024E+0	457.818750E+0
9.900000E+0	0.000000E+0	0.000000E+0	75.000000E+0	6.416673E+0	465.989062E+0
10.000000E+0	0.000000E+0	0.000000E+0	75.000000E+0	7.249267E+0	475.917188E+0
10.100000E+0	0.000000E+0	0.000000E+0	75.000000E+0	8.576096E+0	487.546875E+0
10.200000E+0	0.000000E+0	0.000000E+0	75.000000E+0	8.444300E+0	500.428125E+0
10.300000E+0	0.000000E+0	0.000000E+0	75.000000E+0	9.472054E+0	514.645313E+0
10.400000E+0	0.000000E+0	0.000000E+0	75.000000E+0	11.649219E+0	529.959375E+0
10.500000E+0	0.000000E+0	0.000000E+0	75.000000E+0	10.710174E+0	546.285938E+0
10.600000E+0	0.000000E+0	0.000000E+0	75.000000E+0	12.428588E+0	563.540625E+0
10.700000E+0	0.000000E+0	0.000000E+0	75.000000E+0	12.886071E+0	581.315625E+0
10.800000E+0	0.000000E+0	0.000000E+0	75.000000E+0	13.527308E+0	599.864063E+0
10.900000E+0	0.000000E+0	0.000000E+0	75.000000E+0	13.591939E+0	619.031250E+0
11.000000E+0	0.000000E+0	0.000000E+0	75.000000E+0	14.320617E+0	638.690625E+0
11.100000E+0	0.000000E+0	0.000000E+0	75.000000E+0	13.268786E+0	658.954687E+0
11.200000E+0	0.000000E+0	0.000000E+0	75.000000E+0	14.520845E+0	679.345312E+0
11.300000E+0	0.000000E+0	0.000000E+0	75.000000E+0	14.736280E+0	700.354688E+0
11.400000E+0	0.000000E+0	0.000000E+0	75.000000E+0	14.391584E+0	721.532812E+0
11.500000E+0	0.000000E+0	0.000000E+0	75.000000E+0	14.074767E+0	743.175000E+0
11.600000E+0	0.000000E+0	0.000000E+0	75.000000E+0	14.847800E+0	764.775000E+0
11.700000E+0	0.000000E+0	0.000000E+0	75.000000E+0	15.473830E+0	786.796875E+0
11.800000E+0	0.000000E+0	0.000000E+0	75.000000E+0	15.604358E+0	809.015625E+0
11.900000E+0	0.000000E+0	0.000000E+0	75.000000E+0	14.421998E+0	831.487500E+0
12.000000E+0	0.000000E+0	0.000000E+0	75.000000E+0	15.851475E+0	854.071875E+0
12.100000E+0	0.000000E+0	0.000000E+0	75.000000E+0	15.575211E+0	876.529688E+0
12.200000E+0	0.000000E+0	0.000000E+0	75.000000E+0	15.713343E+0	899.578125E+0
12.300000E+0	0.000000E+0	0.000000E+0	75.000000E+0	15.748827E+0	922.232813E+0
12.400000E+0	0.000000E+0	0.000000E+0	75.000000E+0	16.217715E+0	945.239063E+0
12.500000E+0	0.000000E+0	0.000000E+0	75.000000E+0	13.865668E+0	968.357813E+0
12.600000E+0	0.000000E+0	0.000000E+0	75.000000E+0	16.221517E+0	991.476562E+0
12.700000E+0	0.000000E+0	0.000000E+0	75.000000E+0	16.101127E+0	1.014778E+3
12.800000E+0	0.000000E+0	0.000000E+0	75.000000E+0	14.306677E+0	1.038052E+3
12.900000E+0	0.000000E+0	0.000000E+0	75.000000E+0	16.419211E+0	1.061423E+3
13.000000E+0	0.000000E+0	0.000000E+0	75.000000E+0	16.795589E+0	1.085048E+3
13.100000E+0	0.000000E+0	0.000000E+0	75.000000E+0	16.232922E+0	1.108420E+3
13.200000E+0	0.000000E+0	0.000000E+0	75.000000E+0	14.577872E+0	1.131806E+3
13.300000E+0	0.000000E+0	0.000000E+0	75.000000E+0	14.295272E+0	1.155558E+3
13.400000E+0	0.000000E+0	0.000000E+0	75.000000E+0	16.180965E+0	1.178902E+3
13.500000E+0	0.000000E+0	0.000000E+0	75.000000E+0	16.167025E+0	1.202836E+3
13.600000E+0	0.000000E+0	0.000000E+0	75.000000E+0	16.864021E+0	1.226166E+3
13.700000E+0	0.000000E+0	0.000000E+0	75.000000E+0	16.528196E+0	1.249734E+3
13.800000E+0	0.000000E+0	0.000000E+0	75.000000E+0	15.382586E+0	1.273472E+3
13.900000E+0	0.000000E+0	0.000000E+0	75.000000E+0	14.997337E+0	1.297125E+3
14.000000E+0	0.000000E+0	0.000000E+0	75.000000E+0	16.326700E+0	1.320778E+3
14.100000E+0	0.000000E+0	0.000000E+0	75.000000E+0	16.855150E+0	1.344530E+3
14.200000E+0	0.000000E+0	0.000000E+0	75.000000E+0	16.742364E+0	1.368183E+3
14.300000E+0	0.000000E+0	0.000000E+0	75.000000E+0	17.163096E+0	1.392033E+3
14.400000E+0	0.000000E+0	0.000000E+0	75.000000E+0	16.775313E+0	1.415686E+3
14.500000E+0	0.000000E+0	0.000000E+0	75.000000E+0	16.289949E+0	1.439564E+3
14.600000E+0	0.000000E+0	0.000000E+0	75.000000E+0	15.475097E+0	1.463175E+3
14.700000E+0	0.000000E+0	0.000000E+0	75.000000E+0	14.676719E+0	1.486997E+3
14.800000E+0	0.000000E+0	0.000000E+0	75.000000E+0	13.979722E+0	1.510987E+3
14.900000E+0	0.000000E+0	0.000000E+0	75.000000E+0	14.882016E+0	1.534528E+3
15.000000E+0	0.000000E+0	0.000000E+0	75.000000E+0	15.628436E+0	1.558378E+3
15.100000E+0	0.000000E+0	0.000000E+0	75.000000E+0	16.481307E+0	1.582031E+3
15.200000E+0	0.000000E+0	0.000000E+0	75.000000E+0	16.182232E+0	1.606078E+3
15.300000E+0	0.000000E+0	0.000000E+0	75.000000E+0	16.722087E+0	1.629717E+3
15.400000E+0	0.000000E+0	0.000000E+0	75.000000E+0	17.036369E+0	1.653469E+3
15.500000E+0	0.000000E+0	0.000000E+0	75.000000E+0	16.696742E+0	1.677291E+3
15.600000E+0	0.000000E+0	0.000000E+0	75.000000E+0	16.775313E+0	1.701127E+3
15.700000E+0	0.000000E+0	0.000000E+0	75.000000E+0	16.575084E+0	1.724892E+3
15.800000E+0	0.000000E+0	0.000000E+0	75.000000E+0	16.117601E+0	1.748939E+3
15.900000E+0	0.000000E+0	0.000000E+0	75.000000E+0	15.823595E+0	1.772691E+3
16.000000E+0	0.000000E+0	0.000000E+0	75.000000E+0	15.075908E+0	1.796484E+3
16.100000E+0	0.000000E+0	0.000000E+0	75.000000E+0	15.527055E+0	1.820447E+3
16.200000E+0	0.000000E+0	0.000000E+0	75.000000E+0	15.704472E+0	1.844114E+3
16.300000E+0	0.000000E+0	0.000000E+0	75.000000E+0	16.534532E+0	1.867922E+3
16.400000E+0	0.000000E+0	0.000000E+0	75.000000E+0	16.820934E+0	1.891828E+3
16.500000E+0	0.000000E+0	0.000000E+0	75.000000E+0	16.728424E+0	1.915636E+3
16.600000E+0	0.000000E+0	0.000000E+0	75.000000E+0	17.123811E+0	1.939486E+3
16.700000E+0	0.000000E+0	0.000000E+0	75.000000E+0	17.080724E+0	1.963392E+3
16.800000E+0	0.000000E+0	0.000000E+0	75.000000E+0	16.796856E+0	1.987200E+3
16.900000E+0	0.000000E+0	0.000000E+0	75.000000E+0	17.087060E+0	2.011092E+3
17.000000E+0	0.000000E+0	0.000000E+0	75.000000E+0	16.970472E+0	2.034956E+3
17.100000E+0	0.000000E+0	0.000000E+0	75.000000E+0	16.656190E+0	2.058975E+3
17.200000E+0	0.000000E+0	0.000000E+0	75.000000E+0	16.365985E+0	2.082656E+3
17.300000E+0	0.000000E+0	0.000000E+0	75.000000E+0	16.415409E+0	2.106731E+3
17.400000E+0	0.000000E+0	0.000000E+0	75.000000E+0	15.835001E+0	2.130680E+3
17.500000E+0	0.000000E+0	0.000000E+0	75.000000E+0	15.789379E+0	2.154459E+3
17.600000E+0	0.000000E+0	0.000000E+0	75.000000E+0	15.402863E+0	2.178352E+3
17.700000E+0	0.000000E+0	0.000000E+0	75.000000E+0	13.926497E+0	2.202005E+3
17.800000E+0	0.000000E+0	0.000000E+0	75.000000E+0	14.159674E+0	2.225953E+3
17.900000E+0	0.000000E+0	0.000000E+0	75.000000E+0	14.750220E+0	2.249873E+3
18.000000E+0	0.000000E+0	0.000000E+0	75.000000E+0	15.306550E+0	2.273639E+3
18.100000E+0	0.000000E+0	0.000000E+0	75.000000E+0	14.736280E+0	2.297812E+3
18.200000E+0	0.000000E+0	0.000000E+0	75.000000E+0	16.040298E+0	2.321480E+3
18.300000E+0	0.000000E+0	0.000000E+0	75.000000E+0	16.381193E+0	2.345316E+3
18.400000E+0	0.000000E+0	0.000000E+0	75.000000E+0	15.983271E+0	2.369419E+3
18.500000E+0	0.000000E+0	0.000000E+0	75.000000E+0	16.627042E+0	2.393114E+3
18.600000E+0	0.000000E+0	0.000000E+0	75.000000E+0	16.877961E+0	2.416964E+3
18.700000E+0	0.000000E+0	0.000000E+0	75.000000E+0	16.540868E+0	2.441025E+3
18.800000E+0	0.000000E+0	0.000000E+0	75.000000E+0	16.914712E+0	2.464819E+3
18.900000E+0	0.000000E+0	0.000000E+0	75.000000E+0	17.097198E+0	2.488669E+3
19.000000E+0	0.000000E+0	0.000000E+0	75.000000E+0	16.765174E+0	2.512631E+3
19.100000E+0	0.000000E+0	0.000000E+0	75.000000E+0	17.050309E+0	2.536706E+3
19.200000E+0	0.000000E+0	0.000000E+0	75.000000E+0	17.128880E+0	2.560556E+3
19.300000E+0	0.000000E+0	0.000000E+0	75.000000E+0	16.511721E+0	2.584322E+3
19.400000E+0	0.000000E+0	0.000000E+0	75.000000E+0	16.874159E+0	2.608369E+3
19.500000E+0	0.000000E+0	0.000000E+0	75.000000E+0	16.471169E+0	2.632036E+3
19.600000E+0	0.000000E+0	0.000000E+0	75.000000E+0	15.728550E+0	2.655956E+3
19.700000E+0	0.000000E+0	0.000000E+0	75.000000E+0	15.418070E+0	2.679778E+3
19.800000E+0	0.000000E+0	0.000000E+0	75.000000E+0	14.949181E+0	2.703628E+3
19.900000E+0	0.000000E+0	0.000000E+0	75.000000E+0	14.933974E+0	2.727745E+3
20.000000E+0	0.000000E+0	0.000000E+0	75.000000E+0	15.515649E+0	2.751497E+3
20.100000E+0	0.000000E+0	0.000000E+0	75.000000E+0	15.603091E+0	2.775445E+3
20.200000E+0	0.000000E+0	0.000000E+0	75.000000E+0	16.540868E+0	2.799169E+3
20.300000E+0	0.000000E+0	0.000000E+0	75.000000E+0	16.490178E+0	2.822991E+3
20.400000E+0	0.000000E+0	0.000000E+0	75.000000E+0	16.857685E+0	2.846897E+3
20.500000E+0	0.000000E+0	0.000000E+0	75.000000E+0	17.059180E+0	2.870775E+3
20.600000E+0	0.000000E+0	0.000000E+0	75.000000E+0	16.884297E+0	2.894653E+3
20.700000E+0	0.000000E+0	0.000000E+0	75.000000E+0	17.094664E+0	2.918686E+3
20.800000E+0	0.000000E+0	0.000000E+0	75.000000E+0	17.097198E+0	2.942634E+3
20.900000E+0	0.000000E+0	0.000000E+0	75.000000E+0	16.741096E+0	2.966302E+3
21.000000E+0	0.000000E+0	0.000000E+0	75.000000E+0	17.207450E+0	2.990391E+3
21.100000E+0	0.000000E+0	0.000000E+0	75.000000E+0	17.165631E+0	3.014339E+3
21.200000E+0	0.000000E+0	0.000000E+0	75.000000E+0	16.525661E+0	3.038020E+3
21.300000E+0	0.000000E+0	0.000000E+0	75.000000E+0	16.874159E+0	3.062264E+3
21.400000E+0	0.000000E+0	0.000000E+0	75.000000E+0	16.426814E+0	3.085889E+3
21.500000E+0	0.000000E+0	0.000000E+0	75.000000E+0	15.998478E+0	3.109781E+3
21.600000E+0	0.000000E+0	0.000000E+0	75.000000E+0	16.111265E+0	3.133730E+3
21.700000E+0	0.000000E+0	0.000000E+0	75.000000E+0	15.898364E+0	3.157664E+3
21.800000E+0	0.000000E+0	0.000000E+0	75.000000E+0	15.443415E+0	3.181570E+3
21.900000E+0	0.000000E+0	0.000000E+0	75.000000E+0	15.415535E+0	3.205519E+3
22.000000E+0	0.000000E+0	0.000000E+0	75.000000E+0	15.196298E+0	3.229481E+3
22.100000E+0	0.000000E+0	0.000000E+0	75.000000E+0	14.969458E+0	3.253416E+3
22.200000E+0	0.000000E+0	0.000000E+0	75.000000E+0	14.335824E+0	3.277322E+3
22.300000E+0	0.000000E+0	0.000000E+0	75.000000E+0	15.258394E+0	3.301509E+3
22.400000E+0	0.000000E+0	0.000000E+0	75.000000E+0	13.987326E+0	3.325233E+3
22.500000E+0	0.000000E+0	0.000000E+0	75.000000E+0	14.532251E+0	3.349378E+3
22.600000E+0	0.000000E+0	0.000000E+0	75.000000E+0	14.274995E+0	3.373270E+3
22.700000E+0	0.000000E+0	0.000000E+0	75.000000E+0	14.126725E+0	3.397162E+3
22.800000E+0	0.000000E+0	0.000000E+0	75.000000E+0	14.541121E+0	3.421055E+3
22.900000E+0	0.000000E+0	0.000000E+0	75.000000E+0	15.039157E+0	3.444989E+3
23.000000E+0	0.000000E+0	0.000000E+0	75.000000E+0	15.260929E+0	3.468867E+3
23.100000E+0	0.000000E+0	0.000000E+0	75.000000E+0	15.314154E+0	3.492830E+3
23.200000E+0	0.000000E+0	0.000000E+0	75.000000E+0	15.824863E+0	3.516736E+3
23.300000E+0	0.000000E+0	0.000000E+0	75.000000E+0	16.094790E+0	3.540628E+3
23.400000E+0	0.000000E+0	0.000000E+0	75.000000E+0	16.012418E+0	3.564591E+3
23.500000E+0	0.000000E+0	0.000000E+0	75.000000E+0	16.447091E+0	3.588525E+3
23.600000E+0	0.000000E+0	0.000000E+0	75.000000E+0	16.582688E+0	3.612417E+3
23.700000E+0	0.000000E+0	0.000000E+0	75.000000E+0	16.314028E+0	3.636366E+3
23.800000E+0	0.000000E+0	0.000000E+0	75.000000E+0	16.581421E+0	3.660469E+3
23.900000E+0	0.000000E+0	0.000000E+0	75.000000E+0	16.685337E+0	3.684473E+3
24.000000E+0	0.000000E+0	0.000000E+0	75.000000E+0	16.578886E+0	3.708084E+3
24.100000E+0	0.000000E+0	0.000000E+0	75.000000E+0	16.744898E+0	3.732202E+3
24.200000E+0	0.000000E+0	0.000000E+0	75.000000E+0	17.043973E+0	3.756023E+3
24.300000E+0	0.000000E+0	0.000000E+0	75.000000E+0	16.777847E+0	3.779789E+3
24.400000E+0	0.000000E+0	0.000000E+0	75.000000E+0	17.009757E+0	3.803667E+3
24.500000E+0	0.000000E+0	0.000000E+0	75.000000E+0	17.003421E+0	3.827545E+3
24.600000E+0	0.000000E+0	0.000000E+0	75.000000E+0	16.414142E+0	3.851466E+3
24.700000E+0	0.000000E+0	0.000000E+0	75.000000E+0	16.516790E+0	3.875344E+3
24.800000E+0	0.000000E+0	0.000000E+0	75.000000E+0	16.359649E+0	3.899180E+3
24.900000E+0	0.000000E+0	0.000000E+0	75.000000E+0	15.757697E+0	3.923156E+3
25.000000E+0	0.000000E+0	0.000000E+0	75.000000E+0	15.344568E+0	3.946978E+3
25.100000E+0	0.000000E+0	0.000000E+0	75.000000E+0	15.875553E+0	3.971053E+3
25.200000E+0	0.000000E+0	0.000000E+0	75.000000E+0	15.006208E+0	3.995086E+3
25.300000E+0	0.000000E+0	0.000000E+0	75.000000E+0	15.377517E+0	4.018641E+3
25.400000E+0	0.000000E+0	0.000000E+0	75.000000E+0	15.511848E+0	4.042673E+3
25.500000E+0	0.000000E+0	0.000000E+0	75.000000E+0	16.002280E+0	4.066594E+3
25.600000E+0	0.000000E+0	0.000000E+0	75.000000E+0	15.985805E+0	4.090444E+3
25.700000E+0	0.000000E+0	0.000000E+0	75.000000E+0	16.659991E+0	4.114308E+3
25.800000E+0	0.000000E+0	0.000000E+0	75.000000E+0	16.988213E+0	4.138073E+3
25.900000E+0	0.000000E+0	0.000000E+0	75.000000E+0	16.828538E+0	4.161937E+3
26.000000E+0	0.000000E+0	0.000000E+0	75.000000E+0	17.235330E+0	4.185802E+3
26.100000E+0	0.000000E+0	0.000000E+0	75.000000E+0	17.121276E+0	4.209750E+3
26.200000E+0	0.000000E+0	0.000000E+0	75.000000E+0	16.894436E+0	4.233769E+3
26.300000E+0	0.000000E+0	0.000000E+0	75.000000E+0	17.104802E+0	4.257492E+3
26.400000E+0	0.000000E+0	0.000000E+0	75.000000E+0	17.127613E+0	4.281595E+3
26.500000E+0	0.000000E+0	0.000000E+0	75.000000E+0	16.620706E+0	4.305361E+3
26.600000E+0	0.000000E+0	0.000000E+0	75.000000E+0	16.701811E+0	4.329211E+3
26.700000E+0	0.000000E+0	0.000000E+0	75.000000E+0	16.589024E+0	4.353173E+3
26.800000E+0	0.000000E+0	0.000000E+0	75.000000E+0	16.103661E+0	4.377009E+3
26.900000E+0	0.000000E+0	0.000000E+0	75.000000E+0	15.400328E+0	4.400733E+3
27.000000E+0	0.000000E+0	0.000000E+0	75.000000E+0	15.159548E+0	4.424667E+3
27.100000E+0	0.000000E+0	0.000000E+0	75.000000E+0	14.718539E+0	4.448573E+3
27.200000E+0	0.000000E+0	0.000000E+0	75.000000E+0	15.018881E+0	4.472648E+3
27.300000E+0	0.000000E+0	0.000000E+0	75.000000E+0	14.266125E+0	4.496498E+3
27.400000E+0	0.000000E+0	0.000000E+0	75.000000E+0	14.013938E+0	4.520377E+3
27.500000E+0	0.000000E+0	0.000000E+0	75.000000E+0	14.337091E+0	4.544311E+3
27.600000E+0	0.000000E+0	0.000000E+0	75.000000E+0	14.140665E+0	4.568456E+3
27.700000E+0	0.000000E+0	0.000000E+0	75.000000E+0	14.923836E+0	4.592152E+3
27.800000E+0	0.000000E+0	0.000000E+0	75.000000E+0	14.892154E+0	4.616269E+3
27.900000E+0	0.000000E+0	0.000000E+0	75.000000E+0	15.278671E+0	4.640105E+3
28.000000E+0	0.000000E+0	0.000000E+0	75.000000E+0	15.573944E+0	4.663983E+3
28.100000E+0	0.000000E+0	0.000000E+0	75.000000E+0	15.433277E+0	4.688016E+3
28.200000E+0	0.000000E+0	0.000000E+0	75.000000E+0	15.741223E+0	4.711978E+3
28.300000E+0	0.000000E+0	0.000000E+0	75.000000E+0	15.407932E+0	4.736053E+3
28.400000E+0	0.000000E+0	0.000000E+0	75.000000E+0	15.790646E+0	4.759889E+3
28.500000E+0	0.000000E+0	0.000000E+0	75.000000E+0	16.049169E+0	4.783894E+3
28.600000E+0	0.000000E+0	0.000000E+0	75.000000E+0	16.822201E+0	4.791038E+3
