   1.000	  50.000	  50.000	  48.860
   2.000	  50.000	  50.000	  48.860
   3.000	  50.000	   6.900	  48.190
   4.000	  50.000	  16.600	  45.580
   5.000	  50.000	  26.800	  42.960
   6.000	  50.000	  35.100	  41.080
   7.000	  50.000	  41.100	  40.040
   8.000	  50.000	  45.100	  39.680
   9.000	  50.000	  47.600	  39.790
  10.000	  50.000	  49.100	  40.200
  11.000	  50.000	  50.100	  40.780
  12.000	  50.000	  50.600	  41.410
  13.000	  50.000	  50.900	  42.070
  14.000	  50.000	  51.000	  42.710
  15.000	  50.000	  51.100	  43.310
  16.000	  50.000	  51.100	  43.880
  17.000	  50.000	  51.100	  44.400
  18.000	  50.000	  51.100	  44.880
  19.000	  50.000	  51.200	  45.320
  20.000	  50.000	  51.200	  45.730
  21.000	  50.000	  51.200	  46.100
  22.000	  50.000	  51.200	  46.430
  23.000	  50.000	  51.200	  46.770
  24.000	  50.000	  51.200	  47.050
  25.000	  50.000	  51.200	  47.300
  26.000	  50.000	  51.200	  47.530
  27.000	  50.000	  51.200	  47.750
  28.000	  50.000	  51.200	  47.940
  29.000	  50.000	  51.200	  48.120
  30.000	  50.000	  51.200	  48.280
  31.000	  50.000	  51.200	  48.430
  32.000	  50.000	  51.200	  48.570
  33.000	  50.000	  51.200	  48.690
  34.000	  50.000	  51.200	  48.810
  35.000	  50.000	  51.200	  48.910
  36.000	  50.000	  51.200	  49.000
  37.000	  50.000	  51.200	  49.090
  38.000	  50.000	  51.200	  49.170
  39.000	  50.000	  51.200	  49.240
  40.000	  50.000	  51.200	  49.310
  41.000	  50.000	  51.200	  49.370
  42.000	  50.000	  51.200	  49.430
  43.000	  50.000	  51.200	  49.480
  44.000	  50.000	  51.200	  49.520
  45.000	  50.000	  51.200	  49.560
  46.000	  50.000	  51.100	  49.600
  47.000	  50.000	  51.100	  49.640
  48.000	  50.000	  51.200	  49.670
  49.000	  50.000	  51.100	  49.700
  50.000	  50.000	  51.100	  49.720
  51.000	  50.000	  51.100	  49.750
  52.000	  50.000	  51.100	  49.770
  53.000	  50.000	  51.100	  49.790
  54.000	  50.000	  51.100	  49.810
  55.000	  50.000	  51.100	  49.820
  56.000	  50.000	  51.100	  49.840
  57.000	  50.000	  51.100	  49.850
  58.000	  50.000	  51.100	  49.870
  59.000	  50.000	  51.100	  49.880
  60.000	  50.000	  51.100	  49.890
  61.000	  50.000	  51.100	  49.900
  62.000	  50.000	  51.200	  49.910
  63.000	  50.000	  51.100	  49.920
  64.000	  50.000	  51.100	  49.920
  65.000	  50.000	  51.200	  49.930
  66.000	  50.000	  51.100	  49.940
  67.000	  50.000	  51.100	  49.940
  68.000	  50.000	  51.100	  49.950
  69.000	  50.000	  51.100	  49.950
  70.000	  50.000	  51.100	  49.950
  71.000	  50.000	  51.100	  49.960
  72.000	  50.000	  51.100	  49.960
  73.000	  50.000	  51.100	  49.970
  74.000	  50.000	  51.100	  49.970
  75.000	  50.000	  51.100	  49.970
  76.000	  50.000	  51.100	  49.970
  77.000	  50.000	  51.100	  49.980
  78.000	  50.000	  51.100	  49.980
  79.000	  50.000	  51.100	  49.980
  80.000	  50.000	  51.100	  49.980
  81.000	  50.000	  51.100	  49.980
  82.000	  50.000	  51.100	  49.980
  83.000	  50.000	  51.100	  49.990
  84.000	  50.000	  51.100	  49.990
  85.000	  50.000	  51.100	  49.990
  86.000	  50.000	  51.100	  49.990
  87.000	  50.000	  51.100	  49.990
  88.000	  50.000	  51.100	  49.990
  89.000	  50.000	  51.100	  50.000
  90.000	  50.000	  51.100	  49.990
  91.000	  50.000	  51.100	  50.000
  92.000	  50.000	  51.100	  50.000
