   1,000	  50,000	  26,900	  42,950
   2,000	  50,000	  35,100	  41,070
   3,000	  50,000	  41,100	  40,040
   4,000	  50,000	  45,100	  39,680
   5,000	  50,000	  47,600	  39,790
   6,000	  50,000	  49,100	  40,200
   7,000	  50,000	  50,100	  40,780
   8,000	  50,000	  50,600	  41,410
   9,000	  50,000	  50,900	  42,070
  10,000	  50,000	  51,000	  42,710
  11,000	  50,000	  53,100	  42,840
  12,000	  50,000	  58,200	  41,980
  13,000	  50,000	  63,100	  41,230
  14,000	  50,000	  67,200	  40,760
  15,000	  50,000	  70,600	  40,560
  16,000	  50,000	  73,300	  40,570
  17,000	  50,000	  75,400	  40,730
  18,000	  50,000	  77,200	  41,010
  19,000	  50,000	  78,600	  41,350
  20,000	  50,000	  79,800	  41,750
  21,000	  50,000	  80,800	  42,170
  22,000	  50,000	  81,600	  42,610
  23,000	  50,000	  82,300	  43,060
  24,000	  50,000	  82,800	  43,500
  25,000	  50,000	  83,200	  43,930
  26,000	  50,000	  83,600	  44,350
  27,000	  50,000	  83,900	  44,750
  28,000	  50,000	  84,100	  45,130
  29,000	  50,000	  84,300	  45,480
  30,000	  50,000	  84,500	  45,820
  31,000	  50,000	  84,700	  46,140
  32,000	  50,000	  84,800	  46,430
  33,000	  50,000	  84,900	  46,710
  34,000	  50,000	  85,000	  46,970
  35,000	  50,000	  85,100	  47,210
  36,000	  50,000	  85,100	  47,430
  37,000	  50,000	  85,200	  47,640
  38,000	  50,000	  85,200	  47,830
  39,000	  50,000	  85,300	  48,000
  40,000	  50,000	  85,300	  48,170
  41,000	  50,000	  85,300	  48,320
  42,000	  50,000	  85,400	  48,460
  43,000	  50,000	  85,400	  48,580
  44,000	  50,000	  85,400	  48,700
  45,000	  50,000	  85,400	  48,810
  46,000	  50,000	  85,400	  48,900
  47,000	  50,000	  85,400	  49,000
  48,000	  50,000	  85,400	  49,080
  49,000	  50,000	  85,400	  49,160
  50,000	  50,000	  85,500	  49,230
  51,000	  50,000	  85,500	  49,290
  52,000	  50,000	  85,500	  49,350
  53,000	  50,000	  85,500	  49,410
  54,000	  50,000	  85,500	  49,460
  55,000	  50,000	  85,500	  49,500
  56,000	  50,000	  85,500	  49,540
  57,000	  50,000	  85,500	  49,580
  58,000	  50,000	  85,500	  49,620
  59,000	  50,000	  85,500	  49,650
  60,000	  50,000	  85,500	  49,680
  61,000	  50,000	  85,500	  49,700
  62,000	  50,000	  85,500	  49,730
  63,000	  50,000	  85,500	  49,760
  64,000	  50,000	  85,500	  49,780
  65,000	  50,000	  85,500	  49,790
  66,000	  50,000	  85,600	  49,810
  67,000	  50,000	  85,600	  49,830
  68,000	  50,000	  85,500	  49,840
  69,000	  50,000	  85,500	  49,860
  70,000	  50,000	  85,500	  49,870
  71,000	  50,000	  85,600	  49,880
  72,000	  50,000	  85,600	  49,890
  73,000	  50,000	  85,600	  49,900
  74,000	  50,000	  85,500	  49,910
  75,000	  50,000	  85,600	  49,920
  76,000	  50,000	  85,600	  49,920
  77,000	  50,000	  85,500	  49,930
  78,000	  50,000	  85,600	  49,940
  79,000	  50,000	  85,500	  49,940
  80,000	  50,000	  85,600	  49,950
  81,000	  50,000	  85,500	  49,950
  82,000	  50,000	  85,600	  49,950
  83,000	  50,000	  85,500	  49,960
  84,000	  50,000	  85,600	  49,960
  85,000	  50,000	  85,600	  49,970
  86,000	  50,000	  85,600	  49,970
  87,000	  50,000	  85,500	  49,970
  88,000	  50,000	  85,600	  49,970
  89,000	  50,000	  85,600	  49,980
  90,000	  50,000	  85,500	  49,980
  91,000	  50,000	  85,600	  49,980
  92,000	  50,000	  85,500	  49,980
  93,000	  50,000	  85,600	  49,980
  94,000	  50,000	  85,500	  49,980
  95,000	  50,000	  85,500	  49,990
  96,000	  50,000	  85,600	  49,990
  97,000	  50,000	  85,600	  49,990
  98,000	  50,000	  85,500	  49,990
  99,000	  50,000	  85,500	  49,990
