   1,000	  50,000	  51,100	  50,000
   2,000	  50,000	  48,900	  50,550
   3,000	  50,000	  40,800	  52,600
   4,000	  50,000	   8,600	  60,680
   5,000	  50,000	   0,000	  78,250
   6,000	  50,000	   0,000	  79,700
   7,000	  50,000	   0,000	  75,040
   8,000	  50,000	   0,000	  69,300
   9,000	  50,000	   4,600	  63,580
  10,000	  50,000	  48,900	  51,320
  11,000	  50,000	 100,000	  10,000
  12,000	  50,000	   0,000	   0,000
  13,000	  50,000	   0,000	  39,180
  14,000	  50,000	   0,000	  58,500
  15,000	  50,000	   0,000	  59,680
  16,000	  50,000	   0,000	  56,420
  17,000	  50,000	   0,000	  52,160
  18,000	  50,000	  20,300	  46,360
  19,000	  50,000	 100,000	  20,240
  20,000	  50,000	   0,000	   0,000
  21,000	  50,000	   0,000	  35,610
  22,000	  50,000	   0,000	  45,320
  23,000	  50,000	   0,000	  44,910
  24,000	  50,000	   0,000	  42,150
  25,000	  50,000	   2,800	  38,910
  26,000	  50,000	  37,100	  31,220
  27,000	  50,000	   0,000	   0,000
  28,000	  50,000	   0,000	  20,090
  29,000	  50,000	   0,000	  33,900
  30,000	  50,000	   0,000	  35,230
  31,000	  50,000	   0,000	  33,540
  32,000	  50,000	   0,000	  31,140
  33,000	  50,000	  16,000	  27,830
  34,000	  50,000	  92,500	   7,470
  35,000	  50,000	   0,000	   6,100
  36,000	  50,000	   0,000	  24,780
  37,000	  50,000	   0,000	  27,800
  38,000	  50,000	   0,000	  27,050
  39,000	  50,000	   0,000	  25,320
  40,000	  50,000	   7,600	  23,400
  41,000	  50,000	  62,800	  11,740
  42,000	  50,000	   0,000	   0,000
  43,000	  50,000	   0,000	  18,350
  44,000	  50,000	   0,000	  22,620
  45,000	  50,000	   0,000	  22,520
  46,000	  50,000	   0,000	  21,250
  47,000	  50,000	   4,200	  19,730
  48,000	  50,000	  44,300	  12,300
  49,000	  50,000	   0,000	   0,000
  50,000	  50,000	   0,000	  14,340
  51,000	  50,000	   0,000	  18,830
  52,000	  50,000	   0,000	  19,010
  53,000	  50,000	   0,000	  18,030
  54,000	  50,000	   2,800	  16,780
  55,000	  50,000	  37,100	  11,010
  56,000	  50,000	   0,000	  99,990
  57,000	  50,000	   0,000	  10,790
  58,000	  50,000	   0,000	  16,530
  59,000	  50,000	   0,000	  17,160
  60,000	  50,000	   0,000	  16,410
  61,000	   0,000	   0,000	  15,320
  62,000	  50,000	  25,100	  11,900
  63,000	  50,000	   0,000	  99,990
  64,000	  50,000	   0,000	   8,780
  65,000	  50,000	   0,000	  14,440
  66,000	  50,000	   0,000	  15,180
  67,000	  50,000	   0,000	  14,580
  68,000	   0,000	   0,000	  13,630
  69,000	  50,000	  25,300	  10,320
  70,000	  50,000	   0,000	  99,990
  71,000	  50,000	   0,000	   7,390
  72,000	  50,000	   0,000	  13,270
  73,000	  50,000	   0,000	  14,140
  74,000	  50,000	   0,000	  13,640
  75,000	  50,000	   0,000	  12,760
  76,000	  50,000	  20,500	  10,310
  77,000	  50,000	   0,000	  99,990
  78,000	  50,000	   0,000	   5,380
  79,000	  50,000	   0,000	  12,320
  80,000	  50,000	   0,000	  13,510
  81,000	  50,000	   0,000	  13,130
  82,000	  50,000	   0,000	  12,320
  83,000	  50,000	  16,400	  10,510
  84,000	  50,000	   0,000	   0,000
  85,000	  50,000	   0,000	   3,510
  86,000	  50,000	   0,000	  11,600
  87,000	  50,000	   0,000	  13,110
  88,000	  50,000	   0,000	  12,830
  89,000	  50,000	   0,000	  12,070
  90,000	  50,000	  13,000	  10,730
  91,000	  50,000	  84,800	   0,000
  92,000	  50,000	   0,000	   1,320
  93,000	  50,000	   0,000	  10,990
  94,000	  50,000	   0,000	  12,900
  95,000	  50,000	   0,000	  12,750
  96,000	  50,000	   0,000	  12,020
  97,000	  50,000	  10,100	  10,980
  98,000	  50,000	  74,800	   0,000
  99,000	  50,000	   0,000	   0,000
