   1,000	  50,000	  50,000	  48,460
   2,000	  50,000	  50,000	  48,460
   3,000	  50,000	  50,000	  48,460
   4,000	  50,000	  50,000	  48,460
   5,000	  50,000	  50,000	  48,470
   6,000	  50,000	  50,000	  48,460
   7,000	  50,000	  50,000	  48,460
   8,000	  50,000	  50,000	  48,470
   9,000	  50,000	  50,000	  48,470
  10,000	  50,000	  50,000	  48,470
  11,000	  50,000	  50,000	  59,180
  12,000	  50,000	  50,000	  62,550
  13,000	  50,000	  50,000	  60,540
  14,000	  50,000	  50,000	  57,880
  15,000	  50,000	  50,000	  55,320
  16,000	  50,000	  50,000	  52,970
  17,000	  50,000	  50,000	  50,820
  18,000	  50,000	  50,000	  48,870
  19,000	  50,000	  50,000	  47,090
  20,000	  50,000	  50,000	  45,480
  21,000	  50,000	  50,000	  44,010
  22,000	  50,000	  50,000	  42,670
  23,000	  50,000	  50,000	  41,440
  24,000	  50,000	  50,000	  40,330
  25,000	  50,000	  50,000	  39,320
  26,000	  50,000	  50,000	  38,400
  27,000	  50,000	  50,000	  37,550
  28,000	  50,000	  50,000	  36,790
  29,000	  50,000	  50,000	  36,090
  30,000	  50,000	  50,000	  35,450
  31,000	  50,000	  50,000	  34,870
  32,000	  50,000	  50,000	  34,340
  33,000	  50,000	  50,000	  33,850
  34,000	  50,000	  50,000	  33,410
  35,000	  50,000	  50,000	  33,010
  36,000	  50,000	  50,000	  32,650
  37,000	  50,000	  50,000	  32,310
  38,000	  50,000	  50,000	  32,010
  39,000	  50,000	  50,000	  31,730
  40,000	  50,000	  50,000	  31,470
  41,000	  50,000	  50,000	  31,240
  42,000	  50,000	  50,000	  31,010
  43,000	  50,000	  50,000	  30,820
  44,000	  50,000	  50,000	  30,640
  45,000	  50,000	  50,000	  30,480
  46,000	  50,000	  50,000	  30,330
  47,000	  50,000	  50,000	  30,200
  48,000	  50,000	  50,000	  30,080
  49,000	  50,000	  50,000	  29,970
  50,000	  50,000	  50,000	  29,870
  51,000	  50,000	  50,000	  29,770
  52,000	  50,000	  50,000	  29,690
  53,000	  50,000	  50,000	  29,610
  54,000	  50,000	  50,000	  29,540
  55,000	  50,000	  50,000	  29,470
  56,000	  50,000	  50,000	  29,420
  57,000	  50,000	  50,000	  29,360
  58,000	  50,000	  50,000	  29,310
  59,000	  50,000	  50,000	  29,260
  60,000	  50,000	  50,000	  29,220
  61,000	  50,000	  50,000	  29,180
  62,000	  50,000	  50,000	  29,150
  63,000	  50,000	  50,000	  29,120
  64,000	  50,000	  50,000	  29,090
  65,000	  50,000	  50,000	  29,060
  66,000	  50,000	  50,000	  29,030
  67,000	  50,000	  50,000	  29,010
  68,000	  50,000	  50,000	  28,990
  69,000	  50,000	  50,000	  28,970
  70,000	  50,000	  50,000	  28,950
  71,000	  50,000	  50,000	  28,940
  72,000	  50,000	  50,000	  28,920
  73,000	  50,000	  50,000	  28,910
  74,000	  50,000	  50,000	  28,890
  75,000	  50,000	  50,000	  28,880
  76,000	  50,000	  50,000	  28,870
  77,000	  50,000	  50,000	  28,860
  78,000	  50,000	  50,000	  28,850
  79,000	  50,000	  50,000	  28,850
  80,000	  50,000	  50,000	  28,830
  81,000	  50,000	  50,000	  28,830
  82,000	  50,000	  50,000	  28,820
  83,000	  50,000	  50,000	  28,820
  84,000	  50,000	  50,000	  28,810
  85,000	  50,000	  50,000	  28,800
  86,000	  50,000	  50,000	  28,800
  87,000	  50,000	  50,000	  28,800
  88,000	  50,000	  50,000	  28,790
  89,000	  50,000	  50,000	  28,790
  90,000	  50,000	  50,000	  28,790
  91,000	  50,000	  50,000	  28,780
  92,000	  50,000	  50,000	  28,780
  93,000	  50,000	  50,000	  28,780
  94,000	  50,000	  50,000	  28,770
  95,000	  50,000	  50,000	  28,770
  96,000	  50,000	  50,000	  28,770
  97,000	  50,000	  50,000	  28,770
  98,000	  50,000	  50,000	  28,760
  99,000	  50,000	  50,000	  28,760
 100,000	  50,000	  50,000	  28,760
 101,000	  50,000	  50,000	  28,760
 102,000	  50,000	  50,000	  28,760
 103,000	  50,000	  50,000	  28,760
 104,000	  50,000	  50,000	  28,760
 105,000	  50,000	  50,000	  28,750
 106,000	  50,000	  50,000	  28,750
 107,000	  50,000	  50,000	  28,750
 108,000	  50,000	  50,000	  28,750
 109,000	  50,000	  50,000	  28,750
 110,000	  50,000	  50,000	  28,750
 111,000	  50,000	  50,000	  28,750
 112,000	  50,000	  50,000	  28,750
 113,000	  50,000	  50,000	  28,750
 114,000	  50,000	  50,000	  28,750
 115,000	  50,000	  50,000	  28,750
 116,000	  50,000	  50,000	  28,740
 117,000	  50,000	  50,000	  28,740
