   1.000	  50.000	  50.000	  49.010
   2.000	  50.000	  50.000	  49.010
   3.000	  50.000	  50.000	  49.010
   4.000	  50.000	  50.000	  49.010
   5.000	  50.000	  50.000	  49.010
   6.000	  50.000	  50.000	  49.010
   7.000	  50.000	  50.000	  49.010
   8.000	  50.000	  50.000	  49.010
   9.000	  50.000	  50.000	  49.010
  10.000	  50.000	  50.000	  49.010
  11.000	  50.000	  50.000	  49.010
  12.000	  50.000	  50.000	  48.050
  13.000	  50.000	  50.000	  46.480
  14.000	  50.000	  50.000	  44.950
  15.000	  50.000	  50.000	  43.550
  16.000	  50.000	  50.000	  42.270
  17.000	  50.000	  50.000	  41.100
  18.000	  50.000	  50.000	  40.040
  19.000	  50.000	  50.000	  39.070
  20.000	  50.000	  50.000	  38.190
  21.000	  50.000	  50.000	  37.400
  22.000	  50.000	  50.000	  36.670
  23.000	  50.000	  50.000	  36.000
  24.000	  50.000	  50.000	  35.400
  25.000	  50.000	  50.000	  34.850
  26.000	  50.000	  50.000	  34.350
  27.000	  50.000	  50.000	  33.890
  28.000	  50.000	  50.000	  33.470
  29.000	  50.000	  50.000	  33.090
  30.000	  50.000	  50.000	  32.740
  31.000	  50.000	  50.000	  32.430
  32.000	  50.000	  50.000	  32.140
  33.000	  50.000	  50.000	  31.880
  34.000	  50.000	  50.000	  31.640
  35.000	  50.000	  50.000	  31.420
  36.000	  50.000	  50.000	  31.220
  37.000	  50.000	  50.000	  31.030
  38.000	  50.000	  50.000	  30.870
  39.000	  50.000	  50.000	  30.720
  40.000	  50.000	  50.000	  30.580
  41.000	  50.000	  50.000	  30.450
  42.000	  50.000	  50.000	  30.330
  43.000	  50.000	  50.000	  30.230
  44.000	  50.000	  50.000	  30.130
  45.000	  50.000	  50.000	  30.040
  46.000	  50.000	  50.000	  29.960
  47.000	  50.000	  50.000	  29.890
  48.000	  50.000	  50.000	  29.820
  49.000	  50.000	  50.000	  29.760
  50.000	  50.000	  50.000	  29.710
  51.000	  50.000	  50.000	  29.650
  52.000	  50.000	  50.000	  29.610
  53.000	  50.000	  50.000	  29.560
  54.000	  50.000	  50.000	  29.520
  55.000	  50.000	  50.000	  29.490
  56.000	  50.000	  50.000	  29.450
  57.000	  50.000	  50.000	  29.420
  58.000	  50.000	  50.000	  29.390
  59.000	  50.000	  50.000	  29.370
  60.000	  50.000	  50.000	  29.340
  61.000	  50.000	  50.000	  29.320
  62.000	  50.000	  50.000	  29.300
  63.000	  50.000	  50.000	  29.280
  64.000	  50.000	  50.000	  29.270
  65.000	  50.000	  50.000	  29.260
  66.000	  50.000	  50.000	  29.240
  67.000	  50.000	  50.000	  29.230
  68.000	  50.000	  50.000	  29.210
  69.000	  50.000	  50.000	  29.200
  70.000	  50.000	  50.000	  29.200
  71.000	  50.000	  50.000	  29.180
  72.000	  50.000	  50.000	  29.180
  73.000	  50.000	  50.000	  29.170
  74.000	  50.000	  50.000	  29.160
  75.000	  50.000	  50.000	  29.150
  76.000	  50.000	  50.000	  29.150
  77.000	  50.000	  50.000	  29.140
  78.000	  50.000	  50.000	  29.140
  79.000	  50.000	  50.000	  29.140
  80.000	  50.000	  50.000	  29.130
  81.000	  50.000	  50.000	  29.120
  82.000	  50.000	  50.000	  29.120
  83.000	  50.000	  50.000	  29.120
  84.000	  50.000	  50.000	  29.120
  85.000	  50.000	  50.000	  29.110
  86.000	  50.000	  50.000	  29.110
  87.000	  50.000	  50.000	  29.110
  88.000	  50.000	  50.000	  29.110
  89.000	  50.000	  50.000	  29.100
  90.000	  50.000	  50.000	  29.100
  91.000	  50.000	  50.000	  29.100
  92.000	  50.000	  50.000	  29.100
  93.000	  50.000	  50.000	  29.100
  94.000	  50.000	  50.000	  29.100
  95.000	  50.000	  50.000	  29.100
  96.000	  50.000	  50.000	  29.100
  97.000	  50.000	  50.000	  29.090
  98.000	  50.000	  50.000	  29.090
  99.000	  50.000	  50.000	  29.090
 100.000	  50.000	  50.000	  29.090
 101.000	  50.000	  50.000	  29.090
 102.000	  50.000	  50.000	  29.080
 103.000	  50.000	  50.000	  29.080
 104.000	  50.000	  50.000	  29.080
 105.000	  50.000	  50.000	  29.080
 106.000	  50.000	  50.000	  29.080
 107.000	  50.000	  50.000	  29.080
 108.000	  50.000	  50.000	  29.080
 109.000	  50.000	  50.000	  29.080
 110.000	  50.000	  50.000	  29.080
 111.000	  50.000	  50.000	  29.080
 112.000	  50.000	  50.000	  29.080
 113.000	  50.000	  50.000	  29.080
 114.000	  50.000	  50.000	  29.080
 115.000	  50.000	  50.000	  29.080
 116.000	  50.000	  50.000	  29.080
 117.000	  50.000	  50.000	  29.080
 118.000	  50.000	  50.000	  29.080
 119.000	  50.000	  50.000	  29.080
 120.000	  50.000	  50.000	  29.080
 121.000	  50.000	  50.000	  29.080
 122.000	  50.000	  50.000	  29.070
 123.000	  50.000	  50.000	  29.070
 124.000	  50.000	  50.000	  29.070
 125.000	  50.000	  50.000	  29.070
 126.000	  50.000	  50.000	  29.070
 127.000	  50.000	  50.000	  29.070
 128.000	  50.000	  50.000	  29.070
 129.000	  50.000	  50.000	  29.070
 130.000	  50.000	  50.000	  29.070
 131.000	  50.000	  50.000	  29.070
 132.000	  50.000	  50.000	  29.070
 133.000	  50.000	  50.000	  29.070
 134.000	  50.000	  50.000	  29.070
 135.000	  50.000	  50.000	  29.070
 136.000	  50.000	  50.000	  29.070
 137.000	  50.000	  50.000	  29.070
 138.000	  50.000	  50.000	  29.070
 139.000	  50.000	  50.000	  29.070
 140.000	  50.000	  50.000	  29.070
 141.000	  50.000	  50.000	  29.070
 142.000	  50.000	  50.000	  29.070
 143.000	  50.000	  50.000	  29.070
 144.000	  50.000	  50.000	  29.070
 145.000	  50.000	  50.000	  29.070
 146.000	  50.000	  50.000	  29.070
 147.000	  50.000	  50.000	  29.070
 148.000	  50.000	  50.000	  29.070
 149.000	  50.000	  50.000	  29.070
 150.000	  50.000	  50.000	  29.070
 151.000	  50.000	  50.000	  29.070
 152.000	  50.000	  50.000	  29.070
 153.000	  50.000	  50.000	  29.070
 154.000	  50.000	  50.000	  29.070
 155.000	  50.000	  50.000	  29.070
 156.000	  50.000	  50.000	  29.070
 157.000	  50.000	  50.000	  29.070
 158.000	  50.000	  50.000	  29.070
 159.000	  50.000	  50.000	  29.070
 160.000	  50.000	  50.000	  29.070
 161.000	  50.000	  50.000	  29.070
 162.000	  50.000	  50.000	  29.070
 163.000	  50.000	  50.000	  29.070
 164.000	  50.000	  50.000	  29.070
 165.000	  50.000	  50.000	  29.070
 166.000	  50.000	  50.000	  29.070
 167.000	  50.000	  50.000	  29.070
 168.000	  50.000	  50.000	  29.070
 169.000	  50.000	  50.000	  29.070
 170.000	  50.000	  50.000	  29.070
 171.000	  50.000	  50.000	  29.070
 172.000	  50.000	  50.000	  29.070
 173.000	  50.000	  50.000	  29.070
 174.000	  50.000	  50.000	  29.070
 175.000	  50.000	  50.000	  29.070
 176.000	  50.000	  50.000	  29.070
 177.000	  50.000	  50.000	  29.070
 178.000	  50.000	  50.000	  29.070
 179.000	  50.000	  50.000	  29.070
 180.000	  50.000	  50.000	  29.070
 181.000	  50.000	  50.000	  29.070
 182.000	  50.000	  50.000	  29.070
