   1.000	  50.000	  50.300	  47.570
   2.000	  50.000	  50.400	  47.700
   3.000	  50.000	  50.400	  47.820
   4.000	  50.000	  50.400	  47.930
   5.000	  50.000	  50.500	  48.040
   6.000	  50.000	  50.500	  48.140
   7.000	  50.000	  50.600	  48.240
   8.000	  50.000	  50.600	  48.330
   9.000	  50.000	  50.600	  48.420
  10.000	  50.000	  50.600	  48.500
  11.000	  50.000	  50.000	  48.570
  12.000	  50.000	  50.000	  48.610
  13.000	  50.000	  50.000	  48.620
  14.000	  50.000	  50.000	  48.640
  15.000	  50.000	  50.000	  48.650
  16.000	  50.000	  50.000	  48.660
  17.000	  50.000	  50.000	  48.670
  18.000	  50.000	  50.000	  48.680
  19.000	  50.000	  50.000	  48.690
  20.000	  50.000	  50.000	  48.700
  21.000	  50.000	  50.000	  48.710
  22.000	  50.000	  50.000	  48.710
  23.000	  50.000	  50.000	  48.720
  24.000	  50.000	  50.000	  48.730
  25.000	  50.000	  50.000	  48.740
  26.000	  50.000	  50.000	  48.740
  27.000	  50.000	  50.000	  48.740
  28.000	  50.000	  50.000	  48.750
  29.000	  50.000	  50.000	  48.750
  30.000	  50.000	  50.000	  48.750
  31.000	  50.000	  50.000	  48.760
  32.000	  50.000	  50.000	  48.760
  33.000	  50.000	  50.000	  48.770
  34.000	  50.000	  50.000	  48.770
  35.000	  50.000	  50.000	  48.770
  36.000	  50.000	  50.000	  48.770
  37.000	  50.000	  50.000	  48.770
  38.000	  50.000	  50.000	  48.780
  39.000	  50.000	  50.000	  48.780
  40.000	  50.000	  50.000	  48.780
  41.000	  50.000	  50.000	  48.780
  42.000	  50.000	  50.000	  48.780
  43.000	  50.000	  50.000	  48.780
  44.000	  50.000	  50.000	  48.790
  45.000	  50.000	  50.000	  48.790
  46.000	  50.000	  50.000	  48.790
  47.000	  50.000	  50.000	  48.790
  48.000	  50.000	  50.000	  48.790
  49.000	  50.000	  50.000	  48.790
  50.000	  50.000	  50.000	  48.790
  51.000	  50.000	  50.000	  48.800
  52.000	  50.000	  50.000	  48.790
  53.000	  50.000	  50.000	  48.800
  54.000	  50.000	  50.000	  48.800
  55.000	  50.000	  50.000	  48.800
  56.000	  50.000	  50.000	  48.800
  57.000	  50.000	  50.000	  48.800
  58.000	  50.000	  50.000	  48.800
  59.000	  50.000	  50.000	  48.800
  60.000	  50.000	  50.000	  48.800
  61.000	  50.000	  50.000	  48.800
  62.000	  50.000	  50.000	  48.800
  63.000	  50.000	  50.000	  48.800
  64.000	  50.000	  50.000	  48.800
  65.000	  50.000	  50.000	  48.800
  66.000	  50.000	  50.000	  48.800
  67.000	  50.000	  50.000	  48.800
  68.000	  50.000	  50.000	  48.800
  69.000	  50.000	  50.000	  48.800
  70.000	  50.000	  50.000	  48.800
  71.000	  50.000	  50.000	  48.800
  72.000	  50.000	  50.000	  48.800
  73.000	  50.000	  50.000	  48.800
  74.000	  50.000	  50.000	  48.800
  75.000	  50.000	  50.000	  48.800
  76.000	  50.000	  50.000	  48.800
  77.000	  50.000	  50.000	  48.800
  78.000	  50.000	  50.000	  48.800
  79.000	  50.000	  50.000	  48.800
  80.000	  50.000	  50.000	  48.800
  81.000	  50.000	  50.000	  48.800
  82.000	  50.000	  50.000	  48.800
  83.000	  50.000	  50.000	  48.810
  84.000	  50.000	  50.000	  48.810
  85.000	  50.000	  50.000	  48.810
  86.000	  50.000	  50.000	  48.810
  87.000	  50.000	  50.000	  48.810
  88.000	  50.000	  50.000	  48.810
  89.000	  50.000	  50.000	  48.810
  90.000	  50.000	  50.000	  48.810
  91.000	  50.000	  50.000	  48.810
  92.000	  50.000	  50.000	  48.810
  93.000	  50.000	  50.000	  48.810
  94.000	  50.000	  50.000	  48.810
  95.000	  50.000	  50.000	  48.810
  96.000	  50.000	  50.000	  48.810
  97.000	  50.000	  50.000	  48.810
  98.000	  50.000	  50.000	  48.810
  99.000	  50.000	  50.000	  48.810
 100.000	  50.000	  50.000	  48.810
 101.000	  50.000	  50.000	  48.810
 102.000	  50.000	  50.000	  48.810
