   1.000	  40.000	  40.000	  40.100
   2.000	  50.000	  50.000	  40.140
   3.000	  50.000	  50.000	  40.630
   4.000	  50.000	  50.000	  41.260
   5.000	  50.000	  50.000	  41.890
   6.000	  50.000	  50.000	  42.480
   7.000	  50.000	  50.000	  43.020
   8.000	  50.000	  50.000	  43.520
   9.000	  50.000	  50.000	  43.980
  10.000	  50.000	  50.000	  44.400
  11.000	  50.000	  50.000	  44.780
  12.000	  50.000	  50.000	  45.120
  13.000	  50.000	  50.000	  45.440
  14.000	  50.000	  50.000	  45.730
  15.000	  50.000	  50.000	  45.990
  16.000	  50.000	  50.000	  46.230
  17.000	  50.000	  50.000	  46.450
  18.000	  50.000	  50.000	  46.650
  19.000	  50.000	  50.000	  46.840
  20.000	  50.000	  50.000	  47.010
  21.000	  50.000	  50.000	  47.160
  22.000	  50.000	  50.000	  47.300
  23.000	  50.000	  50.000	  47.430
  24.000	  50.000	  50.000	  47.550
  25.000	  50.000	  50.000	  47.650
  26.000	  50.000	  50.000	  47.750
  27.000	  50.000	  50.000	  47.840
  28.000	  50.000	  50.000	  47.920
  29.000	  50.000	  50.000	  48.000
  30.000	  50.000	  50.000	  48.070
  31.000	  50.000	  50.000	  48.130
  32.000	  50.000	  50.000	  48.190
  33.000	  50.000	  50.000	  48.240
  34.000	  50.000	  50.000	  48.290
  35.000	  50.000	  50.000	  48.330
  36.000	  50.000	  50.000	  48.370
  37.000	  50.000	  50.000	  48.410
  38.000	  50.000	  50.000	  48.440
  39.000	  50.000	  50.000	  48.470
  40.000	  50.000	  50.000	  48.500
  41.000	  50.000	  50.000	  48.530
  42.000	  50.000	  50.000	  48.550
  43.000	  50.000	  50.000	  48.580
  44.000	  50.000	  50.000	  48.600
  45.000	  50.000	  50.000	  48.610
  46.000	  50.000	  50.000	  48.630
  47.000	  50.000	  50.000	  48.650
  48.000	  50.000	  50.000	  48.660
  49.000	  50.000	  50.000	  48.670
  50.000	  50.000	  50.000	  48.690
  51.000	  50.000	  50.000	  48.700
  52.000	  50.000	  50.000	  48.710
  53.000	  50.000	  50.000	  48.720
  54.000	  50.000	  50.000	  48.720
  55.000	  50.000	  50.000	  48.730
  56.000	  50.000	  50.000	  48.740
  57.000	  50.000	  50.000	  48.750
  58.000	  50.000	  50.000	  48.750
  59.000	  50.000	  50.000	  48.760
  60.000	  50.000	  50.000	  48.760
  61.000	  50.000	  50.000	  48.770
  62.000	  50.000	  50.000	  48.770
  63.000	  50.000	  50.000	  48.780
  64.000	  50.000	  50.000	  48.780
  65.000	  50.000	  50.000	  48.780
  66.000	  50.000	  50.000	  48.790
  67.000	  50.000	  50.000	  48.790
  68.000	  50.000	  50.000	  48.790
  69.000	  50.000	  50.000	  48.800
  70.000	  50.000	  50.000	  48.800
  71.000	  50.000	  50.000	  48.800
  72.000	  50.000	  50.000	  48.800
  73.000	  50.000	  50.000	  48.800
  74.000	  50.000	  50.000	  48.800
  75.000	  50.000	  50.000	  48.800
  76.000	  50.000	  50.000	  48.810
  77.000	  50.000	  50.000	  48.810
  78.000	  50.000	  50.000	  48.810
  79.000	  50.000	  50.000	  48.810
  80.000	  50.000	  50.000	  48.810
  81.000	  50.000	  50.000	  48.810
  82.000	  50.000	  50.000	  48.810
  83.000	  50.000	  50.000	  48.810
  84.000	  50.000	  50.000	  48.810
  85.000	  50.000	  50.000	  48.810
  86.000	  50.000	  50.000	  48.810
  87.000	  50.000	  50.000	  48.820
  88.000	  50.000	  50.000	  48.820
  89.000	  50.000	  50.000	  48.820
  90.000	  50.000	  50.000	  48.820
  91.000	  50.000	  50.000	  48.820
  92.000	  50.000	  50.000	  48.820
  93.000	  50.000	  50.000	  48.820
  94.000	  50.000	  50.000	  48.820
  95.000	  50.000	  50.000	  48.820
  96.000	  50.000	  50.000	  48.820
  97.000	  50.000	  50.000	  48.820
  98.000	  50.000	  50.000	  48.820
  99.000	  50.000	  50.000	  48.820
 100.000	  50.000	  50.000	  48.820
 101.000	  50.000	  50.000	  48.820
 102.000	  50.000	  50.000	  48.820
