   1.000	  50.000	  50.000	  48.820
   2.000	  50.000	  50.000	  48.820
   3.000	  50.000	  50.000	  48.830
   4.000	  50.000	  50.000	  48.820
   5.000	  50.000	  50.000	  48.820
   6.000	  50.000	  50.000	  48.820
   7.000	  50.000	  50.000	  48.820
   8.000	  50.000	  50.000	  48.830
   9.000	  50.000	  50.000	  48.830
  10.000	  50.000	  50.000	  48.820
  11.000	  50.000	  50.000	  48.330
  12.000	  50.000	  50.000	  46.830
  13.000	  50.000	  50.000	  45.270
  14.000	  50.000	  50.000	  43.810
  15.000	  50.000	  50.000	  42.490
  16.000	  50.000	  50.000	  41.280
  17.000	  50.000	  50.000	  40.190
  18.000	  50.000	  50.000	  39.190
  19.000	  50.000	  50.000	  38.280
  20.000	  50.000	  50.000	  37.460
  21.000	  50.000	  50.000	  36.710
  22.000	  50.000	  50.000	  36.030
  23.000	  50.000	  50.000	  35.410
  24.000	  50.000	  50.000	  34.850
  25.000	  50.000	  50.000	  34.340
  26.000	  50.000	  50.000	  33.870
  27.000	  50.000	  50.000	  33.440
  28.000	  50.000	  50.000	  33.050
  29.000	  50.000	  50.000	  32.700
  30.000	  50.000	  50.000	  32.380
  31.000	  50.000	  50.000	  32.090
  32.000	  50.000	  50.000	  31.820
  33.000	  50.000	  50.000	  31.580
  34.000	  50.000	  50.000	  31.350
  35.000	  50.000	  50.000	  31.150
  36.000	  50.000	  50.000	  30.970
  37.000	  50.000	  50.000	  30.800
  38.000	  50.000	  50.000	  30.640
  39.000	  50.000	  50.000	  30.510
  40.000	  50.000	  50.000	  30.380
  41.000	  50.000	  50.000	  30.260
  42.000	  50.000	  50.000	  30.160
  43.000	  50.000	  50.000	  30.060
  44.000	  50.000	  50.000	  29.970
  45.000	  50.000	  50.000	  29.890
  46.000	  50.000	  50.000	  29.820
  47.000	  50.000	  50.000	  29.750
  48.000	  50.000	  50.000	  29.690
  49.000	  50.000	  50.000	  29.630
  50.000	  50.000	  50.000	  29.580
  51.000	  50.000	  50.000	  29.530
  52.000	  50.000	  50.000	  29.490
  53.000	  50.000	  50.000	  29.450
  54.000	  50.000	  50.000	  29.410
  55.000	  50.000	  50.000	  29.380
  56.000	  50.000	  50.000	  29.350
  57.000	  50.000	  50.000	  29.320
  58.000	  50.000	  50.000	  29.300
  59.000	  50.000	  50.000	  29.280
  60.000	  50.000	  50.000	  29.250
  61.000	  50.000	  50.000	  29.240
  62.000	  50.000	  50.000	  29.220
  63.000	  50.000	  50.000	  29.200
  64.000	  50.000	  50.000	  29.190
  65.000	  50.000	  50.000	  29.170
  66.000	  50.000	  50.000	  29.160
  67.000	  50.000	  50.000	  29.150
  68.000	  50.000	  50.000	  29.140
  69.000	  50.000	  50.000	  29.130
  70.000	  50.000	  50.000	  29.120
  71.000	  50.000	  50.000	  29.110
  72.000	  50.000	  50.000	  29.100
  73.000	  50.000	  50.000	  29.100
  74.000	  50.000	  50.000	  29.090
  75.000	  50.000	  50.000	  29.090
  76.000	  50.000	  50.000	  29.080
  77.000	  50.000	  50.000	  29.080
  78.000	  50.000	  50.000	  29.070
  79.000	  50.000	  50.000	  29.070
  80.000	  50.000	  50.000	  29.060
  81.000	  50.000	  50.000	  29.060
  82.000	  50.000	  50.000	  29.060
  83.000	  50.000	  50.000	  29.050
  84.000	  50.000	  50.000	  29.050
  85.000	  50.000	  50.000	  29.050
  86.000	  50.000	  50.000	  29.050
  87.000	  50.000	  50.000	  29.050
  88.000	  50.000	  50.000	  29.040
  89.000	  50.000	  50.000	  29.040
  90.000	  50.000	  50.000	  29.040
  91.000	  50.000	  50.000	  29.040
  92.000	  50.000	  50.000	  29.030
  93.000	  50.000	  50.000	  29.030
  94.000	  50.000	  50.000	  29.030
  95.000	  50.000	  50.000	  29.030
  96.000	  50.000	  50.000	  29.030
  97.000	  50.000	  50.000	  29.030
  98.000	  50.000	  50.000	  29.030
  99.000	  50.000	  50.000	  29.030
 100.000	  50.000	  50.000	  29.030
