   1.000	  50.000	  50.000	  48.830
   2.000	  50.000	  50.000	  48.830
   3.000	  50.000	  50.000	  48.830
   4.000	  50.000	  50.000	  48.830
   5.000	  50.000	  50.000	  48.830
   6.000	  50.000	  50.000	  48.830
   7.000	  50.000	  50.000	  48.830
   8.000	  50.000	  50.000	  49.040
   9.000	  50.000	  50.000	  49.040
  10.000	  50.000	  50.000	  49.040
  11.000	  50.000	  50.000	  49.040
  12.000	  50.000	  50.000	  49.040
  13.000	  50.000	  50.000	  49.040
  14.000	  50.000	  50.000	  49.040
  15.000	  50.000	  50.000	  49.040
  16.000	  50.000	  50.000	  49.040
  17.000	  50.000	  50.000	  49.040
  18.000	  50.000	  50.000	  49.040
  19.000	  50.000	  50.000	  49.040
  20.000	  50.000	  50.000	  49.040
  21.000	  50.000	  50.000	  49.040
  22.000	  50.000	  50.000	  49.040
  23.000	  50.000	  50.000	  49.040
  24.000	  50.000	  50.000	  49.040
  25.000	  50.000	  50.000	  49.040
  26.000	  50.000	  50.000	  49.040
  27.000	  50.000	  50.000	  49.040
  28.000	  50.000	  50.000	  49.040
  29.000	  50.000	  50.000	  49.040
  30.000	  50.000	  50.000	  49.040
  31.000	  50.000	  50.000	  49.040
  32.000	  50.000	  50.000	  49.040
  33.000	  50.000	  50.000	  49.040
  34.000	  50.000	  50.000	  49.040
