   1.000	  50.000	  50.000	  49.050
   2.000	  50.000	  50.000	  49.050
   3.000	  50.000	  50.000	  49.050
   4.000	  50.000	  50.000	  49.050
   5.000	  50.000	  50.000	  49.050
   6.000	  50.000	  50.000	  49.050
   7.000	  50.000	  50.000	  49.060
   8.000	  50.000	  50.000	  49.050
   9.000	  50.000	  50.000	  49.050
  10.000	  50.000	  50.000	  49.050
  11.000	  50.000	  50.000	  61.930
  12.000	  50.000	  50.000	  62.670
  13.000	  50.000	  50.000	  60.270
  14.000	  50.000	  50.000	  57.590
  15.000	  50.000	  50.000	  55.060
  16.000	  50.000	  50.000	  52.750
  17.000	  50.000	  50.000	  50.650
  18.000	  50.000	  50.000	  48.740
  19.000	  50.000	  50.000	  47.000
  20.000	  50.000	  50.000	  45.420
  21.000	  50.000	  50.000	  43.980
  22.000	  50.000	  50.000	  42.670
  23.000	  50.000	  50.000	  41.480
  24.000	  50.000	  50.000	  40.400
  25.000	  50.000	  50.000	  39.410
  26.000	  50.000	  50.000	  38.510
  27.000	  50.000	  50.000	  37.700
  28.000	  50.000	  50.000	  36.950
  29.000	  50.000	  50.000	  36.270
  30.000	  50.000	  50.000	  35.660
  31.000	  50.000	  50.000	  35.090
  32.000	  50.000	  50.000	  34.580
  33.000	  50.000	  50.000	  34.120
  34.000	  50.000	  50.000	  33.690
  35.000	  50.000	  50.000	  33.310
  36.000	  50.000	  50.000	  32.950
  37.000	  50.000	  50.000	  32.630
  38.000	  50.000	  50.000	  32.340
  39.000	  50.000	  50.000	  32.070
  40.000	  50.000	  50.000	  31.830
  41.000	  50.000	  50.000	  31.610
  42.000	  50.000	  50.000	  31.410
  43.000	  50.000	  50.000	  31.220
  44.000	  50.000	  50.000	  31.050
  45.000	  50.000	  50.000	  30.900
  46.000	  50.000	  50.000	  30.760
  47.000	  50.000	  50.000	  30.630
  48.000	  50.000	  50.000	  30.520
  49.000	  50.000	  50.000	  30.410
  50.000	  50.000	  50.000	  30.310
  51.000	  50.000	  50.000	  30.220
  52.000	  50.000	  50.000	  30.140
  53.000	  50.000	  50.000	  30.070
  54.000	  50.000	  50.000	  30.000
  55.000	  50.000	  50.000	  29.940
  56.000	  50.000	  50.000	  29.880
  57.000	  50.000	  50.000	  29.820
  58.000	  50.000	  50.000	  29.780
  59.000	  50.000	  50.000	  29.730
  60.000	  50.000	  50.000	  29.690
  61.000	  50.000	  50.000	  29.660
  62.000	  50.000	  50.000	  29.630
  63.000	  50.000	  50.000	  29.590
  64.000	  50.000	  50.000	  29.570
  65.000	  50.000	  50.000	  29.540
  66.000	  50.000	  50.000	  29.520
  67.000	  50.000	  50.000	  29.500
  68.000	  50.000	  50.000	  29.470
  69.000	  50.000	  50.000	  29.460
  70.000	  50.000	  50.000	  29.440
  71.000	  50.000	  50.000	  29.430
  72.000	  50.000	  50.000	  29.410
  73.000	  50.000	  50.000	  29.400
  74.000	  50.000	  50.000	  29.390
  75.000	  50.000	  50.000	  29.380
  76.000	  50.000	  50.000	  29.370
  77.000	  50.000	  50.000	  29.360
  78.000	  50.000	  50.000	  29.350
  79.000	  50.000	  50.000	  29.340
  80.000	  50.000	  50.000	  29.340
  81.000	  50.000	  50.000	  29.330
  82.000	  50.000	  50.000	  29.320
  83.000	  50.000	  50.000	  29.320
  84.000	  50.000	  50.000	  29.310
  85.000	  50.000	  50.000	  29.310
  86.000	  50.000	  50.000	  29.300
  87.000	  50.000	  50.000	  29.300
  88.000	  50.000	  50.000	  29.290
  89.000	  50.000	  50.000	  29.290
  90.000	  50.000	  50.000	  29.290
  91.000	  50.000	  50.000	  29.280
  92.000	  50.000	  50.000	  29.280
  93.000	  50.000	  50.000	  29.280
  94.000	  50.000	  50.000	  29.280
  95.000	  50.000	  50.000	  29.270
  96.000	  50.000	  50.000	  29.270
  97.000	  50.000	  50.000	  29.270
  98.000	  50.000	  50.000	  29.270
  99.000	  50.000	  50.000	  29.270
 100.000	  50.000	  50.000	  29.260
