   1,000	  50,000	  50,000	  47,930
   2,000	  50,000	  50,000	  48,000
   3,000	  50,000	  50,000	  48,070
   4,000	  50,000	  50,000	  48,130
   5,000	  50,000	  50,000	  48,190
   6,000	  50,000	  50,000	  48,240
   7,000	  50,000	  50,000	  48,280
   8,000	  50,000	  50,000	  48,330
   9,000	  50,000	  50,000	  48,370
  10,000	  50,000	  50,000	  48,410
  11,000	  50,000	  50,000	  48,440
  12,000	  50,000	  50,000	  48,470
  13,000	  50,000	  50,000	  48,500
  14,000	  50,000	  50,000	  48,520
  15,000	  50,000	  50,000	  48,550
  16,000	  50,000	  50,000	  48,570
  17,000	  50,000	  50,000	  48,590
  18,000	  50,000	  50,000	  48,610
  19,000	  50,000	  50,000	  48,620
  20,000	  50,000	  50,000	  48,640
  21,000	  50,000	  50,000	  48,650
  22,000	  50,000	  50,000	  48,670
  23,000	  50,000	  50,000	  48,680
  24,000	  50,000	  50,000	  48,690
  25,000	  50,000	  50,000	  48,700
  26,000	  50,000	  50,000	  48,710
  27,000	  50,000	  50,000	  48,720
  28,000	  50,000	  50,000	  48,730
  29,000	  50,000	  50,000	  48,740
  30,000	  50,000	  50,000	  48,740
  31,000	  50,000	  50,000	  48,750
  32,000	  50,000	  50,000	  48,750
  33,000	  50,000	  50,000	  48,760
  34,000	  50,000	  50,000	  48,770
  35,000	  50,000	  50,000	  48,770
  36,000	  50,000	  50,000	  48,770
  37,000	  50,000	  50,000	  48,780
  38,000	  50,000	  50,000	  48,780
  39,000	  50,000	  50,000	  48,780
  40,000	  50,000	  50,000	  48,790
  41,000	  50,000	  50,000	  48,790
  42,000	  50,000	  50,000	  48,800
  43,000	  50,000	  50,000	  48,800
  44,000	  50,000	  50,000	  48,800
  45,000	  50,000	  50,000	  48,800
  46,000	  50,000	  50,000	  48,800
  47,000	  50,000	  50,000	  48,800
  48,000	  50,000	  50,000	  48,810
  49,000	  50,000	  50,000	  48,810
  50,000	  50,000	  50,000	  48,810
  51,000	  50,000	  50,000	  48,810
  52,000	  50,000	  50,000	  48,810
  53,000	  50,000	  50,000	  48,810
  54,000	  50,000	  50,000	  48,810
  55,000	  50,000	  50,000	  48,810
  56,000	  50,000	  50,000	  48,820
  57,000	  50,000	  50,000	  48,820
  58,000	  50,000	  50,000	  48,820
  59,000	  50,000	  50,000	  48,820
  60,000	  50,000	  50,000	  48,820
  61,000	  50,000	  50,000	  48,820
  62,000	  50,000	  50,000	  48,820
  63,000	  50,000	  50,000	  48,820
  64,000	  50,000	  50,000	  48,820
  65,000	  50,000	  50,000	  48,820
  66,000	  50,000	  50,000	  48,820
  67,000	  50,000	  50,000	  48,820
  68,000	  50,000	  50,000	  48,820
  69,000	  50,000	  50,000	  48,820
  70,000	  50,000	  50,000	  48,820
  71,000	  50,000	  50,000	  48,820
  72,000	  50,000	  50,000	  48,820
  73,000	  50,000	  50,000	  48,820
  74,000	  50,000	  50,000	  48,820
  75,000	  50,000	  50,000	  48,820
  76,000	  50,000	  50,000	  48,820
  77,000	  50,000	  50,000	  48,830
  78,000	  50,000	  50,000	  48,830
  79,000	  50,000	  50,000	  48,830
  80,000	  50,000	  50,000	  48,830
  81,000	  50,000	  50,000	  48,830
  82,000	  50,000	  50,000	  48,830
  83,000	  50,000	  50,000	  48,830
  84,000	  50,000	  50,000	  48,830
  85,000	  50,000	  50,000	  48,830
  86,000	  50,000	  50,000	  48,830
  87,000	  50,000	  50,000	  48,830
  88,000	  50,000	  50,000	  48,830
  89,000	  50,000	  50,000	  48,830
  90,000	  50,000	  50,000	  48,830
  91,000	  50,000	  50,000	  48,830
  92,000	  50,000	  50,000	  48,830
  93,000	  50,000	  50,000	  48,830
  94,000	  50,000	  50,000	  48,830
  95,000	  50,000	  50,000	  48,830
  96,000	  50,000	  50,000	  48,830
  97,000	  50,000	  50,000	  48,830
  98,000	  50,000	  50,000	  48,830
  99,000	  50,000	  50,000	  48,830
 100,000	  50,000	  50,000	  48,830
