   1,000	  50,000	  50,900	  49,970
   2,000	  50,000	  51,000	  49,940
   3,000	  50,000	  51,000	  49,910
   4,000	  50,000	  51,100	  49,890
   5,000	  50,000	  51,100	  49,880
   6,000	  50,000	  51,100	  49,890
   7,000	  50,000	  51,100	  49,910
   8,000	  50,000	  51,100	  49,930
   9,000	  50,000	  51,000	  49,970
  10,000	  50,000	  50,900	  50,010
  11,000	  50,000	  50,900	  50,060
  12,000	  40,000	  30,400	  55,840
  13,000	  40,000	  18,100	  64,720
  14,000	  40,000	   7,200	  71,730
  15,000	  40,000	   0,000	  76,030
  16,000	  40,000	   0,300	  74,250
  17,000	  40,000	   2,900	  69,340
  18,000	  40,000	   8,500	  62,490
  19,000	  40,000	  17,800	  53,140
  20,000	  40,000	  30,100	  42,060
  21,000	  40,000	  44,100	  30,410
  22,000	  40,000	  58,200	  19,560
  23,000	  40,000	  71,200	  10,500
  24,000	  40,000	  81,800	   4,080
  25,000	  40,000	  88,800	   1,150
  26,000	  40,000	  91,200	   2,140
  27,000	  40,000	  88,700	   7,070
  28,000	  40,000	  81,400	  15,560
  29,000	  40,000	  70,200	  26,670
  30,000	  40,000	  55,600	  39,640
  31,000	  40,000	  36,900	  54,900
  32,000	  40,000	  19,100	  68,270
  33,000	  40,000	   2,300	  79,810
  34,000	  40,000	   0,000	  86,100
  35,000	  40,000	   0,400	  82,280
  36,000	  40,000	   3,300	  76,340
  37,000	  40,000	   9,400	  68,440
  38,000	  40,000	  19,300	  58,150
  39,000	  40,000	  31,900	  46,300
  40,000	  40,000	  46,300	  34,020
  41,000	  40,000	  60,500	  22,740
  42,000	  40,000	  73,300	  13,540
  43,000	  40,000	  83,400	   7,210
  44,000	  40,000	  89,800	   4,490
  45,000	  40,000	  91,500	   5,780
  46,000	  40,000	  88,300	  11,040
  47,000	  40,000	  80,400	  19,730
  48,000	  40,000	  68,500	  30,980
  49,000	  40,000	  53,300	  44,070
  50,000	  40,000	  36,000	  57,900
  51,000	  40,000	  18,100	  71,130
  52,000	  40,000	   1,100	  82,520
  53,000	  40,000	   0,000	  87,980
  54,000	  40,000	   0,600	  83,710
  55,000	  40,000	   3,800	  77,500
  56,000	  40,000	  10,400	  69,160
  57,000	  40,000	  20,500	  58,510
  58,000	  40,000	  33,400	  46,420
  59,000	  40,000	  47,900	  34,050
  60,000	  40,000	  62,000	  22,800
  61,000	  40,000	  74,600	  13,780
  62,000	  40,000	  84,400	   7,710
  63,000	  40,000	  90,300	   5,350
  64,000	  40,000	  91,400	   7,010
  65,000	  40,000	  87,600	  12,620
  66,000	  40,000	  79,300	  21,550
  67,000	  40,000	  67,000	  32,960
  68,000	  40,000	  51,400	  46,180
  69,000	  40,000	  34,000	  59,950
  70,000	  40,000	  16,100	  73,020
  71,000	  40,000	   0,000	  84,070
  72,000	  40,000	   0,000	  88,170
  73,000	  40,000	   1,000	  83,450
  74,000	  40,000	   4,400	  77,040
  75,000	  40,000	  11,500	  68,330
  76,000	  40,000	  22,100	  57,410
  77,000	  40,000	  35,200	  45,190
  78,000	  40,000	  49,700	  32,840
  79,000	  40,000	  63,800	  21,800
  80,000	  40,000	  76,000	  13,090
  81,000	  40,000	  85,400	   7,450
  82,000	  40,000	  90,600	   5,570
  83,000	  40,000	  91,200	   7,730
  84,000	  40,000	  86,800	  13,800
  85,000	  40,000	  77,900	  23,060
  86,000	  40,000	  65,200	  34,740
  87,000	  40,000	  49,300	  48,070
  88,000	  40,000	  31,700	  61,820
  89,000	  40,000	  13,800	  74,680
  90,000	  40,000	   0,000	  85,390
  91,000	  40,000	   0,000	  87,870
  92,000	  40,000	   1,300	  82,780
  93,000	  40,000	   5,100	  76,150
  94,000	  40,000	  12,700	  67,090
  95,000	  40,000	  23,600	  55,940
  96,000	  40,000	  37,100	  43,620
  97,000	  40,000	  51,600	  31,360
