   1,000	  50,000	  50,900	  50,010
   2,000	  50,000	  50,900	  50,010
   3,000	  50,000	  50,900	  50,010
   4,000	  50,000	  50,900	  50,010
   5,000	  50,000	  50,900	  50,010
   6,000	  50,000	  50,900	  50,010
   7,000	  50,000	  50,900	  50,010
   8,000	  50,000	  50,900	  50,010
   9,000	  50,000	  50,900	  50,010
  10,000	  50,000	  50,900	  50,010
  11,000	  40,000	  41,700	  53,050
  12,000	  40,000	  38,900	  56,150
  13,000	  40,000	  37,300	  57,400
  14,000	  40,000	  36,300	  57,400
  15,000	  40,000	  35,900	  56,560
  16,000	  40,000	  35,900	  55,220
  17,000	  40,000	  36,100	  53,600
  18,000	  40,000	  36,400	  51,900
  19,000	  40,000	  36,900	  50,200
  20,000	  40,000	  37,400	  48,590
  21,000	  40,000	  37,900	  47,120
  22,000	  40,000	  38,300	  45,820
  23,000	  40,000	  38,800	  44,680
  24,000	  40,000	  39,100	  43,710
  25,000	  40,000	  39,400	  42,890
  26,000	  40,000	  39,800	  42,210
  27,000	  40,000	  40,000	  41,660
  28,000	  40,000	  40,200	  41,170
  29,000	  40,000	  40,400	  40,830
  30,000	  40,000	  40,500	  40,560
  31,000	  40,000	  40,600	  40,360
  32,000	  40,000	  40,700	  40,200
  33,000	  40,000	  40,800	  40,090
  34,000	  40,000	  40,800	  40,000
  35,000	  40,000	  40,800	  39,950
  36,000	  40,000	  40,900	  39,910
  37,000	  40,000	  40,900	  39,880
  38,000	  40,000	  40,900	  39,870
  39,000	  40,000	  40,900	  39,870
  40,000	  40,000	  40,900	  39,850
  41,000	  40,000	  40,900	  39,860
  42,000	  40,000	  40,900	  39,870
  43,000	  40,000	  40,900	  39,880
  44,000	  40,000	  40,900	  39,890
  45,000	  40,000	  40,900	  39,900
  46,000	  40,000	  40,900	  39,900
  47,000	  40,000	  40,900	  39,880
  48,000	  40,000	  40,900	  39,890
  49,000	  40,000	  40,900	  39,900
  50,000	  40,000	  40,900	  39,900
  51,000	  40,000	  40,900	  39,910
  52,000	  40,000	  40,900	  39,920
  53,000	  40,000	  40,900	  39,920
  54,000	  40,000	  40,900	  39,930
  55,000	  40,000	  40,900	  39,940
  56,000	  40,000	  40,900	  39,940
  57,000	  40,000	  40,900	  39,940
  58,000	  40,000	  40,900	  39,950
  59,000	  40,000	  40,900	  39,950
  60,000	  40,000	  40,900	  39,950
  61,000	  40,000	  40,900	  39,960
  62,000	  40,000	  40,900	  39,960
  63,000	  40,000	  40,900	  39,960
  64,000	  40,000	  40,900	  39,960
  65,000	  40,000	  41,000	  39,950
  66,000	  40,000	  41,000	  39,940
  67,000	  40,000	  41,000	  39,950
  68,000	  40,000	  41,000	  39,950
  69,000	  40,000	  41,000	  39,950
  70,000	  40,000	  41,000	  39,960
  71,000	  40,000	  41,000	  39,970
  72,000	  40,000	  41,000	  39,970
  73,000	  40,000	  41,000	  39,970
  74,000	  40,000	  41,000	  39,980
  75,000	  40,000	  41,000	  39,980
  76,000	  40,000	  41,000	  39,980
  77,000	  40,000	  41,000	  39,980
  78,000	  40,000	  41,000	  39,980
  79,000	  40,000	  41,000	  39,990
  80,000	  40,000	  41,000	  39,990
  81,000	  40,000	  41,000	  39,990
  82,000	  40,000	  41,000	  39,990
  83,000	  40,000	  41,000	  39,990
  84,000	  40,000	  41,000	  40,000
  85,000	  40,000	  41,000	  40,000
  86,000	  40,000	  41,000	  40,000
  87,000	  40,000	  41,000	  40,000
  88,000	  40,000	  41,000	  40,000
  89,000	  40,000	  41,000	  40,000
  90,000	  40,000	  41,000	  40,000
  91,000	  40,000	  41,000	  40,000
  92,000	  40,000	  41,000	  40,000
  93,000	  40,000	  41,000	  40,000
  94,000	  40,000	  41,000	  40,000
  95,000	  40,000	  41,000	  40,000
  96,000	  40,000	  41,000	  40,000
  97,000	  40,000	  41,000	  40,000
  98,000	  40,000	  41,000	  40,000
  99,000	  40,000	  41,000	  40,000
