   1,000	  50,000	   0,000	  77,130
   2,000	  50,000	   0,000	  71,790
   3,000	  50,000	   0,000	  66,030
   4,000	  50,000	   0,000	  60,510
   5,000	  50,000	   0,000	  55,390
   6,000	  50,000	   0,000	  50,700
   7,000	  50,000	   2,700	  46,430
   8,000	  50,000	   6,200	  41,670
   9,000	  50,000	  10,700	  35,810
  10,000	  50,000	  15,600	  29,830
  11,000	  50,000	  17,600	  28,160
  12,000	  50,000	  20,600	  25,800
  13,000	  50,000	  23,800	  23,060
  14,000	  50,000	  27,100	  20,550
  15,000	  50,000	  30,300	  18,420
  16,000	  50,000	  33,200	  16,700
  17,000	  50,000	  36,100	  15,380
  18,000	  50,000	  38,700	  14,410
  19,000	  50,000	  41,200	  13,740
  20,000	  50,000	  43,600	  13,360
  21,000	  50,000	  45,800	  13,200
  22,000	  50,000	  47,900	  13,240
  23,000	  50,000	  49,900	  13,470
  24,000	  50,000	  51,800	  13,840
  25,000	  50,000	  53,500	  14,330
  26,000	  50,000	  55,200	  14,930
  27,000	  50,000	  56,800	  15,600
  28,000	  50,000	  58,300	  16,350
  29,000	  50,000	  59,800	  17,150
  30,000	  50,000	  61,100	  18,070
  31,000	  50,000	  62,400	  18,950
  32,000	  50,000	  63,600	  19,850
  33,000	  50,000	  64,800	  20,760
  34,000	  50,000	  65,800	  21,690
  35,000	  50,000	  66,800	  22,610
  36,000	  50,000	  67,800	  23,540
  37,000	  50,000	  68,800	  24,460
  38,000	  50,000	  69,600	  25,370
  39,000	  50,000	  70,400	  26,270
  40,000	  50,000	  71,200	  27,150
  41,000	  50,000	  71,900	  28,030
  42,000	  50,000	  72,600	  28,880
  43,000	  50,000	  73,300	  29,710
  44,000	  50,000	  73,900	  30,520
  45,000	  50,000	  74,600	  31,310
  46,000	  50,000	  75,100	  32,090
  47,000	  50,000	  75,600	  32,840
  48,000	  50,000	  76,100	  33,570
  49,000	  50,000	  76,600	  34,280
  50,000	  50,000	  77,100	  34,960
  51,000	  50,000	  77,500	  35,630
  52,000	  50,000	  77,900	  36,260
  53,000	  50,000	  78,300	  36,880
  54,000	  50,000	  78,700	  37,470
  55,000	  50,000	  79,000	  38,050
  56,000	  50,000	  79,300	  38,590
  57,000	  50,000	  79,600	  39,120
  58,000	  50,000	  79,900	  39,620
  59,000	  50,000	  80,300	  40,100
  60,000	  50,000	  80,500	  40,560
  61,000	  50,000	  80,800	  41,010
  62,000	  50,000	  81,000	  41,440
  63,000	  50,000	  81,200	  41,840
  64,000	  50,000	  81,400	  42,230
  65,000	  50,000	  81,600	  42,600
  66,000	  50,000	  81,800	  42,960
  67,000	  50,000	  82,000	  43,300
  68,000	  50,000	  82,100	  43,620
  69,000	  50,000	  82,300	  43,930
  70,000	  50,000	  82,400	  44,220
  71,000	  50,000	  82,600	  44,500
  72,000	  50,000	  82,800	  44,780
  73,000	  50,000	  82,900	  45,030
  74,000	  50,000	  83,000	  45,280
  75,000	  50,000	  83,100	  45,510
  76,000	  50,000	  83,300	  45,730
  77,000	  50,000	  83,300	  45,950
  78,000	  50,000	  83,400	  46,140
  79,000	  50,000	  83,600	  46,330
  80,000	  50,000	  83,600	  46,520
  81,000	  50,000	  83,700	  46,700
  82,000	  50,000	  83,800	  46,860
  83,000	  50,000	  83,900	  47,020
  84,000	  50,000	  83,900	  47,170
  85,000	  50,000	  84,000	  47,310
  86,000	  50,000	  84,100	  47,450
  87,000	  50,000	  84,100	  47,580
  88,000	  50,000	  84,200	  47,700
  89,000	  50,000	  84,300	  47,810
  90,000	  50,000	  84,300	  47,930
  91,000	  50,000	  84,400	  48,030
  92,000	  50,000	  84,400	  48,140
  93,000	  50,000	  84,400	  48,230
  94,000	  50,000	  84,500	  48,320
  95,000	  50,000	  84,500	  48,400
  96,000	  50,000	  84,600	  48,490
  97,000	  50,000	  84,600	  48,570
  98,000	  50,000	  84,600	  48,640
  99,000	  50,000	  84,700	  48,710
