t [s] || setpoint speed [rot. s^-1] || setpoint pos [°] || duty cycle [%] || 
Ang Speed [rot. s^-1] || Ang Pos [°]
0.000000E+0	5.000000E+0	0.000000E+0	100.000000E-3	-12.176917E-3	17.034595E+3
100.000000E-3	5.000000E+0	0.000000E+0	100.000000E-3	-38.789552E-3	17.034595E+3
200.000000E-3	5.000000E+0	0.000000E+0	100.000000E-3	-23.582332E-3	17.034595E+3
300.000000E-3	5.000000E+0	0.000000E+0	100.000000E-3	-22.315064E-3	17.034595E+3
400.000000E-3	5.000000E+0	0.000000E+0	100.000000E-3	-36.255016E-3	17.034595E+3
500.000000E-3	5.000000E+0	0.000000E+0	100.000000E-3	-40.056821E-3	17.034595E+3
600.000000E-3	5.000000E+0	0.000000E+0	100.000000E-3	-43.858626E-3	17.034595E+3
700.000000E-3	5.000000E+0	0.000000E+0	100.000000E-3	-38.789552E-3	17.034595E+3
800.000000E-3	5.000000E+0	0.000000E+0	100.000000E-3	-38.789552E-3	17.034595E+3
900.000000E-3	5.000000E+0	0.000000E+0	100.000000E-3	-31.185942E-3	17.034595E+3
1.000000E+0	5.000000E+0	0.000000E+0	100.000000E-3	-40.056821E-3	17.034595E+3
1.100000E+0	5.000000E+0	0.000000E+0	100.000000E-3	-23.582332E-3	17.034595E+3
1.200000E+0	5.000000E+0	0.000000E+0	1.575745E+0	-38.789552E-3	17.034595E+3
1.300000E+0	5.000000E+0	0.000000E+0	3.091413E+0	-37.522284E-3	17.034595E+3
1.400000E+0	5.000000E+0	0.000000E+0	6.087209E+0	-19.780527E-3	17.034609E+3
1.500000E+0	5.000000E+0	0.000000E+0	7.606534E+0	-24.849601E-3	17.034623E+3
1.600000E+0	5.000000E+0	0.000000E+0	9.139105E+0	-36.255016E-3	17.034638E+3
1.700000E+0	5.000000E+0	0.000000E+0	10.600099E+0	-7.107844E-3	17.034638E+3
1.800000E+0	5.000000E+0	0.000000E+0	12.113269E+0	-10.909649E-3	17.034652E+3
1.900000E+0	5.000000E+0	0.000000E+0	13.618207E+0	-9.642381E-3	17.034680E+3
2.000000E+0	5.000000E+0	0.000000E+0	14.961032E+0	79.066401E-3	17.034778E+3
2.100000E+0	5.000000E+0	0.000000E+0	16.277173E+0	167.775183E-3	17.035003E+3
2.200000E+0	5.000000E+0	0.000000E+0	17.461153E+0	313.511035E-3	17.035411E+3
2.300000E+0	5.000000E+0	0.000000E+0	18.624735E+0	446.574202E-3	17.036016E+3
2.400000E+0	5.000000E+0	0.000000E+0	19.722509E+0	593.577317E-3	17.036873E+3
2.500000E+0	5.000000E+0	0.000000E+0	20.614332E+0	828.021933E-3	17.037956E+3
2.600000E+0	5.000000E+0	0.000000E+0	21.693467E+0	923.067046E-3	17.039278E+3
2.700000E+0	5.000000E+0	0.000000E+0	22.601033E+0	1.095416E+0	17.040867E+3
2.800000E+0	5.000000E+0	0.000000E+0	23.255178E+0	1.376749E+0	17.042681E+3
2.900000E+0	5.000000E+0	0.000000E+0	24.012212E+0	1.556701E+0	17.044734E+3
3.000000E+0	5.000000E+0	0.000000E+0	24.731525E+0	1.727782E+0	17.047055E+3
3.100000E+0	5.000000E+0	0.000000E+0	25.411096E+0	1.892527E+0	17.049600E+3
3.200000E+0	5.000000E+0	0.000000E+0	26.141901E+0	2.002779E+0	17.052370E+3
3.300000E+0	5.000000E+0	0.000000E+0	27.102063E+0	1.971098E+0	17.055436E+3
3.400000E+0	5.000000E+0	0.000000E+0	27.518586E+0	2.238491E+0	17.058628E+3
3.500000E+0	5.000000E+0	0.000000E+0	27.742168E+0	2.566714E+0	17.062088E+3
3.600000E+0	5.000000E+0	0.000000E+0	28.708494E+0	2.439987E+0	17.065786E+3
3.700000E+0	5.000000E+0	0.000000E+0	29.171490E+0	2.605999E+0	17.069681E+3
3.800000E+0	5.000000E+0	0.000000E+0	29.338436E+0	2.905074E+0	17.073788E+3
3.900000E+0	5.000000E+0	0.000000E+0	29.593560E+0	3.107837E+0	17.078091E+3
4.000000E+0	5.000000E+0	0.000000E+0	30.155690E+0	3.111639E+0	17.082562E+3
4.100000E+0	5.000000E+0	0.000000E+0	30.679175E+0	3.135717E+0	17.087288E+3
4.200000E+0	5.000000E+0	0.000000E+0	30.878984E+0	3.330876E+0	17.092055E+3
4.300000E+0	5.000000E+0	0.000000E+0	31.001339E+0	3.536174E+0	17.097089E+3
4.400000E+0	5.000000E+0	0.000000E+0	31.223672E+0	3.654029E+0	17.102264E+3
4.500000E+0	5.000000E+0	0.000000E+0	31.337891E+0	3.811171E+0	17.107538E+3
4.600000E+0	5.000000E+0	0.000000E+0	32.241629E+0	3.515897E+0	17.113036E+3
4.700000E+0	5.000000E+0	0.000000E+0	32.195820E+0	3.782023E+0	17.118619E+3
4.800000E+0	5.000000E+0	0.000000E+0	32.065272E+0	4.050684E+0	17.124342E+3
4.900000E+0	5.000000E+0	0.000000E+0	33.180580E+0	3.602071E+0	17.130263E+3
5.000000E+0	5.000000E+0	0.000000E+0	32.229873E+0	4.343423E+0	17.136211E+3
5.100000E+0	5.000000E+0	0.000000E+0	33.210247E+0	3.920156E+0	17.142398E+3
5.200000E+0	5.000000E+0	0.000000E+0	32.534203E+0	4.461279E+0	17.148586E+3
5.300000E+0	5.000000E+0	0.000000E+0	32.679842E+0	4.470150E+0	17.154942E+3
5.400000E+0	5.000000E+0	0.000000E+0	34.224489E+0	3.721195E+0	17.161369E+3
5.500000E+0	5.000000E+0	0.000000E+0	33.022307E+0	4.579135E+0	17.167866E+3
5.600000E+0	5.000000E+0	0.000000E+0	33.097337E+0	4.607015E+0	17.174517E+3
5.700000E+0	5.000000E+0	0.000000E+0	33.330400E+0	4.544919E+0	17.181183E+3
5.800000E+0	5.000000E+0	0.000000E+0	33.654803E+0	4.443537E+0	17.187975E+3
5.900000E+0	5.000000E+0	0.000000E+0	34.279255E+0	4.196420E+0	17.194767E+3
6.000000E+0	5.000000E+0	0.000000E+0	33.349003E+0	4.830054E+0	17.201728E+3
6.100000E+0	5.000000E+0	0.000000E+0	33.575918E+0	4.735009E+0	17.208689E+3
6.200000E+0	5.000000E+0	0.000000E+0	33.130585E+0	5.018877E+0	17.215777E+3
6.300000E+0	5.000000E+0	0.000000E+0	33.244448E+0	4.954246E+0	17.222794E+3
6.400000E+0	5.000000E+0	0.000000E+0	32.960531E+0	5.115189E+0	17.229952E+3
6.500000E+0	5.000000E+0	0.000000E+0	33.054799E+0	5.045489E+0	17.237025E+3
6.600000E+0	5.000000E+0	0.000000E+0	32.881728E+0	5.131664E+0	17.244211E+3
6.700000E+0	5.000000E+0	0.000000E+0	33.003855E+0	5.044222E+0	17.251298E+3
6.800000E+0	5.000000E+0	0.000000E+0	32.880388E+0	5.103784E+0	17.258513E+3
6.900000E+0	5.000000E+0	0.000000E+0	32.811667E+0	5.124060E+0	17.265628E+3
7.000000E+0	5.000000E+0	0.000000E+0	32.781381E+0	5.120258E+0	17.272842E+3
7.100000E+0	5.000000E+0	0.000000E+0	32.792086E+0	5.094913E+0	17.279972E+3
7.200000E+0	5.000000E+0	0.000000E+0	32.840887E+0	5.053093E+0	17.287172E+3
7.300000E+0	5.000000E+0	0.000000E+0	32.703032E+0	5.118991E+0	17.294273E+3
7.400000E+0	5.000000E+0	0.000000E+0	32.796156E+0	5.049291E+0	17.301487E+3
7.500000E+0	5.000000E+0	0.000000E+0	32.673508E+0	5.107585E+0	17.308589E+3
7.600000E+0	5.000000E+0	0.000000E+0	32.898979E+0	4.968186E+0	17.315803E+3
7.700000E+0	5.000000E+0	0.000000E+0	32.674155E+0	5.094913E+0	17.322891E+3
7.800000E+0	5.000000E+0	0.000000E+0	32.910470E+0	4.951712E+0	17.330091E+3
7.900000E+0	5.000000E+0	0.000000E+0	32.744512E+0	5.049291E+0	17.337206E+3
8.000000E+0	5.000000E+0	0.000000E+0	32.989863E+0	4.908624E+0	17.344420E+3
8.100000E+0	5.000000E+0	0.000000E+0	32.989863E+0	5.054360E+0	17.351550E+3
8.200000E+0	5.000000E+0	0.000000E+0	32.747796E+0	4.902288E+0	17.358764E+3
8.300000E+0	5.000000E+0	0.000000E+0	33.012717E+0	5.051826E+0	17.365908E+3
8.400000E+0	5.000000E+0	0.000000E+0	33.153092E+0	4.833856E+0	17.373122E+3
8.500000E+0	5.000000E+0	0.000000E+0	32.865541E+0	5.016342E+0	17.380266E+3
8.600000E+0	5.000000E+0	0.000000E+0	33.165337E+0	4.851597E+0	17.387508E+3
8.700000E+0	5.000000E+0	0.000000E+0	32.853698E+0	5.044222E+0	17.394666E+3
8.800000E+0	5.000000E+0	0.000000E+0	33.114637E+0	4.895952E+0	17.401936E+3
8.900000E+0	5.000000E+0	0.000000E+0	32.796688E+0	5.084775E+0	17.409094E+3
9.000000E+0	5.000000E+0	0.000000E+0	33.096995E+0	4.908624E+0	17.416364E+3
9.100000E+0	5.000000E+0	0.000000E+0	32.740075E+0	5.116456E+0	17.423550E+3
9.200000E+0	5.000000E+0	0.000000E+0	32.976942E+0	4.969453E+0	17.430806E+3
9.300000E+0	5.000000E+0	0.000000E+0	32.765800E+0	5.088576E+0	17.437992E+3
9.400000E+0	5.000000E+0	0.000000E+0	32.933703E+0	4.983393E+0	17.445263E+3
9.500000E+0	5.000000E+0	0.000000E+0	32.678521E+0	5.124060E+0	17.452434E+3
9.600000E+0	5.000000E+0	0.000000E+0	32.833407E+0	5.020144E+0	17.459705E+3
9.700000E+0	5.000000E+0	0.000000E+0	32.663272E+0	5.108853E+0	17.466862E+3
9.800000E+0	5.000000E+0	0.000000E+0	32.820388E+0	5.006204E+0	17.474133E+3
9.900000E+0	5.000000E+0	0.000000E+0	32.607567E+0	5.120258E+0	17.481291E+3
10.000000E+0	5.000000E+0	0.000000E+0	32.768285E+0	5.013808E+0	17.488533E+3
10.100000E+0	5.000000E+0	0.000000E+0	32.550833E+0	5.129129E+0	17.495705E+3
10.200000E+0	5.000000E+0	0.000000E+0	32.744041E+0	5.003669E+0	17.502933E+3
10.300000E+0	5.000000E+0	0.000000E+0	32.618708E+0	5.070835E+0	17.510077E+3
10.400000E+0	5.000000E+0	0.000000E+0	32.766165E+0	4.979591E+0	17.517291E+3
10.500000E+0	5.000000E+0	0.000000E+0	32.650419E+0	5.045489E+0	17.524406E+3
10.600000E+0	5.000000E+0	0.000000E+0	32.887537E+0	4.909892E+0	17.531620E+3
10.700000E+0	5.000000E+0	0.000000E+0	32.663840E+0	5.045489E+0	17.538736E+3
10.800000E+0	5.000000E+0	0.000000E+0	33.011124E+0	4.850330E+0	17.545950E+3
10.900000E+0	5.000000E+0	0.000000E+0	32.828782E+0	4.973255E+0	17.553052E+3
11.000000E+0	5.000000E+0	0.000000E+0	33.202481E+0	4.775561E+0	17.560266E+3
11.100000E+0	5.000000E+0	0.000000E+0	32.932466E+0	4.958048E+0	17.567395E+3
11.200000E+0	5.000000E+0	0.000000E+0	33.320115E+0	4.755285E+0	17.574609E+3
11.300000E+0	5.000000E+0	0.000000E+0	33.091357E+0	4.918763E+0	17.581767E+3
11.400000E+0	5.000000E+0	0.000000E+0	33.357219E+0	4.788234E+0	17.589023E+3
11.500000E+0	5.000000E+0	0.000000E+0	33.078703E+0	4.973255E+0	17.596195E+3
11.600000E+0	5.000000E+0	0.000000E+0	33.330518E+0	4.841459E+0	17.603480E+3
11.700000E+0	5.000000E+0	0.000000E+0	32.911763E+0	5.093645E+0	17.610680E+3
11.800000E+0	5.000000E+0	0.000000E+0	33.101581E+0	4.975790E+0	17.617992E+3
11.900000E+0	5.000000E+0	0.000000E+0	32.879157E+0	5.099982E+0	17.625192E+3
12.000000E+0	5.000000E+0	0.000000E+0	32.968624E+0	5.035351E+0	17.632561E+3
12.100000E+0	5.000000E+0	0.000000E+0	32.709532E+0	5.169682E+0	17.639705E+3
12.200000E+0	5.000000E+0	0.000000E+0	32.895230E+0	5.041688E+0	17.646989E+3
12.300000E+0	5.000000E+0	0.000000E+0	32.627201E+0	5.179820E+0	17.654189E+3
12.400000E+0	5.000000E+0	0.000000E+0	32.704372E+0	5.108853E+0	17.661516E+3
12.500000E+0	5.000000E+0	0.000000E+0	32.629438E+0	5.131664E+0	17.668631E+3
12.600000E+0	5.000000E+0	0.000000E+0	32.648432E+0	5.099982E+0	17.675944E+3
12.700000E+0	5.000000E+0	0.000000E+0	32.587887E+0	5.116456E+0	17.683031E+3
12.800000E+0	5.000000E+0	0.000000E+0	32.623175E+0	5.078438E+0	17.690273E+3
12.900000E+0	5.000000E+0	0.000000E+0	32.540982E+0	5.110120E+0	17.697389E+3
13.000000E+0	5.000000E+0	0.000000E+0	32.704749E+0	5.003669E+0	17.704603E+3
13.100000E+0	5.000000E+0	0.000000E+0	32.513786E+0	5.106318E+0	17.711733E+3
13.200000E+0	5.000000E+0	0.000000E+0	32.767766E+0	4.951712E+0	17.718933E+3
13.300000E+0	5.000000E+0	0.000000E+0	32.561961E+0	5.070835E+0	17.726048E+3
13.400000E+0	5.000000E+0	0.000000E+0	32.824270E+0	4.917495E+0	17.733248E+3
13.500000E+0	5.000000E+0	0.000000E+0	32.633445E+0	5.034084E+0	17.740350E+3
13.600000E+0	5.000000E+0	0.000000E+0	32.911497E+0	4.878210E+0	17.747550E+3
13.700000E+0	5.000000E+0	0.000000E+0	32.748897E+0	4.985928E+0	17.754666E+3
13.800000E+0	5.000000E+0	0.000000E+0	33.128160E+0	4.783165E+0	17.761866E+3
13.900000E+0	5.000000E+0	0.000000E+0	33.128160E+0	4.904823E+0	17.768981E+3
14.000000E+0	5.000000E+0	0.000000E+0	32.968366E+0	4.754018E+0	17.776209E+3
14.100000E+0	5.000000E+0	0.000000E+0	33.275924E+0	4.923832E+0	17.783367E+3
14.200000E+0	5.000000E+0	0.000000E+0	33.293133E+0	4.797105E+0	17.790609E+3
14.300000E+0	5.000000E+0	0.000000E+0	33.072891E+0	4.949177E+0	17.797795E+3
14.400000E+0	5.000000E+0	0.000000E+0	33.303821E+0	4.832588E+0	17.805080E+3
14.500000E+0	5.000000E+0	0.000000E+0	32.918206E+0	5.068300E+0	17.812280E+3
14.600000E+0	5.000000E+0	0.000000E+0	33.115648E+0	4.950444E+0	17.819592E+3
14.700000E+0	5.000000E+0	0.000000E+0	32.828186E+0	5.113922E+0	17.826834E+3
14.800000E+0	5.000000E+0	0.000000E+0	32.997841E+0	5.003669E+0	17.834077E+3
14.900000E+0	5.000000E+0	0.000000E+0	32.837349E+0	5.089844E+0	17.841192E+3
15.000000E+0	5.000000E+0	0.000000E+0	32.969712E+0	5.003669E+0	17.848491E+3
15.100000E+0	5.000000E+0	0.000000E+0	32.682648E+0	5.158276E+0	17.855691E+3
15.200000E+0	5.000000E+0	0.000000E+0	32.841305E+0	5.046757E+0	17.863031E+3
15.300000E+0	5.000000E+0	0.000000E+0	32.616286E+0	5.160811E+0	17.870175E+3
15.400000E+0	5.000000E+0	0.000000E+0	32.743710E+0	5.065766E+0	17.877445E+3
15.500000E+0	5.000000E+0	0.000000E+0	32.543444E+0	5.163345E+0	17.884589E+3
15.600000E+0	5.000000E+0	0.000000E+0	32.663073E+0	5.072102E+0	17.891845E+3
15.700000E+0	5.000000E+0	0.000000E+0	32.540596E+0	5.126594E+0	17.898989E+3
15.800000E+0	5.000000E+0	0.000000E+0	32.668936E+0	5.036618E+0	17.906259E+3
15.900000E+0	5.000000E+0	0.000000E+0	32.561820E+0	5.088576E+0	17.913319E+3
16.000000E+0	5.000000E+0	0.000000E+0	32.715659E+0	4.990997E+0	17.920533E+3
16.100000E+0	5.000000E+0	0.000000E+0	32.561323E+0	5.075904E+0	17.927648E+3
16.200000E+0	5.000000E+0	0.000000E+0	32.831484E+0	4.917495E+0	17.934848E+3
16.300000E+0	5.000000E+0	0.000000E+0	32.650035E+0	5.029015E+0	17.941950E+3
16.400000E+0	5.000000E+0	0.000000E+0	32.889764E+0	4.894684E+0	17.949178E+3
16.500000E+0	5.000000E+0	0.000000E+0	32.813622E+0	4.952979E+0	17.956237E+3
16.600000E+0	5.000000E+0	0.000000E+0	33.141854E+0	4.783165E+0	17.963437E+3
16.700000E+0	5.000000E+0	0.000000E+0	32.965652E+0	4.913693E+0	17.970553E+3
16.800000E+0	5.000000E+0	0.000000E+0	33.240071E+0	4.779363E+0	17.977823E+3
16.900000E+0	5.000000E+0	0.000000E+0	33.072044E+0	4.906090E+0	17.984911E+3
17.000000E+0	5.000000E+0	0.000000E+0	33.454227E+0	4.714732E+0	17.992153E+3
17.100000E+0	5.000000E+0	0.000000E+0	33.071248E+0	4.968186E+0	17.999381E+3
17.200000E+0	5.000000E+0	0.000000E+0	33.441784E+0	4.773027E+0	18.006595E+3
17.300000E+0	5.000000E+0	0.000000E+0	33.092837E+0	4.998600E+0	18.013795E+3
17.400000E+0	5.000000E+0	0.000000E+0	33.322964E+0	4.874408E+0	18.021094E+3
17.500000E+0	5.000000E+0	0.000000E+0	32.913049E+0	5.116456E+0	18.028322E+3
17.600000E+0	5.000000E+0	0.000000E+0	33.093662E+0	4.999868E+0	18.035634E+3
17.700000E+0	5.000000E+0	0.000000E+0	32.838212E+0	5.138000E+0	18.042848E+3
17.800000E+0	5.000000E+0	0.000000E+0	32.897491E+0	5.083507E+0	18.050231E+3
17.900000E+0	5.000000E+0	0.000000E+0	32.661418E+0	5.197561E+0	18.057375E+3
18.000000E+0	5.000000E+0	0.000000E+0	32.773099E+0	5.105051E+0	18.064673E+3
18.100000E+0	5.000000E+0	0.000000E+0	32.701653E+0	5.126594E+0	18.071916E+3
18.200000E+0	5.000000E+0	0.000000E+0	32.665917E+0	5.125327E+0	18.079130E+3
18.300000E+0	5.000000E+0	0.000000E+0	32.600091E+0	5.140534E+0	18.086302E+3
18.400000E+0	5.000000E+0	0.000000E+0	32.621105E+0	5.106318E+0	18.093530E+3
18.500000E+0	5.000000E+0	0.000000E+0	32.582093E+0	5.110120E+0	18.100673E+3
18.600000E+0	5.000000E+0	0.000000E+0	32.614599E+0	5.074636E+0	18.107888E+3
18.700000E+0	5.000000E+0	0.000000E+0	32.533550E+0	5.106318E+0	18.114975E+3
18.800000E+0	5.000000E+0	0.000000E+0	32.792217E+0	4.949177E+0	18.122161E+3
18.900000E+0	5.000000E+0	0.000000E+0	32.678588E+0	5.018877E+0	18.129234E+3
19.000000E+0	5.000000E+0	0.000000E+0	33.008093E+0	4.837657E+0	18.136378E+3
19.100000E+0	5.000000E+0	0.000000E+0	32.785029E+0	4.984660E+0	18.143508E+3
19.200000E+0	5.000000E+0	0.000000E+0	33.244367E+0	4.738811E+0	18.150652E+3
19.300000E+0	5.000000E+0	0.000000E+0	33.137762E+0	4.838925E+0	18.157669E+3
19.400000E+0	5.000000E+0	0.000000E+0	33.626874E+0	4.600678E+0	18.164897E+3
19.500000E+0	5.000000E+0	0.000000E+0	33.514940E+0	4.726138E+0	18.171928E+3
19.600000E+0	5.000000E+0	0.000000E+0	34.063761E+0	4.473952E+0	18.179142E+3
19.700000E+0	5.000000E+0	0.000000E+0	33.823527E+0	4.689387E+0	18.186300E+3
19.800000E+0	5.000000E+0	0.000000E+0	34.151353E+0	4.562660E+0	18.193570E+3
19.900000E+0	5.000000E+0	0.000000E+0	33.673481E+0	4.892150E+0	18.200812E+3
20.000000E+0	5.000000E+0	0.000000E+0	33.902813E+0	4.785699E+0	18.208139E+3
20.100000E+0	5.000000E+0	0.000000E+0	33.313316E+0	5.139267E+0	18.215480E+3
20.200000E+0	5.000000E+0	0.000000E+0	33.510506E+0	5.010006E+0	18.222792E+3
20.300000E+0	5.000000E+0	0.000000E+0	33.153562E+0	5.201363E+0	18.230077E+3
20.400000E+0	5.000000E+0	0.000000E+0	33.238316E+0	5.122793E+0	18.237445E+3
20.500000E+0	5.000000E+0	0.000000E+0	33.044336E+0	5.207700E+0	18.244716E+3
20.600000E+0	5.000000E+0	0.000000E+0	33.028739E+0	5.182354E+0	18.252070E+3
20.700000E+0	5.000000E+0	0.000000E+0	33.006702E+0	5.164612E+0	18.259312E+3
20.800000E+0	5.000000E+0	0.000000E+0	32.847021E+0	5.224174E+0	18.266653E+3
20.900000E+0	5.000000E+0	0.000000E+0	32.901475E+0	5.158276E+0	18.273881E+3
21.000000E+0	5.000000E+0	0.000000E+0	32.720261E+0	5.230510E+0	18.281194E+3
21.100000E+0	5.000000E+0	0.000000E+0	32.955635E+0	5.065766E+0	18.288394E+3
21.200000E+0	5.000000E+0	0.000000E+0	32.724898E+0	5.179820E+0	18.295664E+3
21.300000E+0	5.000000E+0	0.000000E+0	32.991928E+0	5.006204E+0	18.302836E+3
21.400000E+0	5.000000E+0	0.000000E+0	32.765044E+0	5.127862E+0	18.310148E+3
21.500000E+0	5.000000E+0	0.000000E+0	32.932850E+0	5.016342E+0	18.317236E+3
21.600000E+0	5.000000E+0	0.000000E+0	32.726355E+0	5.125327E+0	18.324478E+3
21.700000E+0	5.000000E+0	0.000000E+0	32.953522E+0	4.982126E+0	18.331608E+3
21.800000E+0	5.000000E+0	0.000000E+0	32.668250E+0	5.139267E+0	18.338836E+3
21.900000E+0	5.000000E+0	0.000000E+0	32.818561E+0	5.035351E+0	18.345937E+3
22.000000E+0	5.000000E+0	0.000000E+0	32.615725E+0	5.139267E+0	18.353152E+3
22.100000E+0	5.000000E+0	0.000000E+0	32.679310E+0	5.082240E+0	18.360267E+3
22.200000E+0	5.000000E+0	0.000000E+0	32.572535E+0	5.126594E+0	18.367439E+3
22.300000E+0	5.000000E+0	0.000000E+0	32.696187E+0	5.039153E+0	18.374527E+3
22.400000E+0	5.000000E+0	0.000000E+0	32.658626E+0	5.053093E+0	18.381698E+3
22.500000E+0	5.000000E+0	0.000000E+0	32.574682E+0	5.089844E+0	18.388758E+3
22.600000E+0	5.000000E+0	0.000000E+0	32.636727E+0	5.041688E+0	18.395916E+3
22.700000E+0	5.000000E+0	0.000000E+0	32.617155E+0	5.045489E+0	18.402975E+3
22.800000E+0	5.000000E+0	0.000000E+0	32.854273E+0	4.909892E+0	18.410105E+3
22.900000E+0	5.000000E+0	0.000000E+0	32.745429E+0	4.983393E+0	18.417150E+3
23.000000E+0	5.000000E+0	0.000000E+0	33.167646E+0	4.757820E+0	18.424280E+3
23.100000E+0	5.000000E+0	0.000000E+0	33.048291E+0	4.861736E+0	18.431353E+3
23.200000E+0	5.000000E+0	0.000000E+0	33.528197E+0	4.624756E+0	18.438497E+3
23.300000E+0	5.000000E+0	0.000000E+0	33.352766E+0	4.780630E+0	18.445584E+3
23.400000E+0	5.000000E+0	0.000000E+0	33.833629E+0	4.556324E+0	18.452784E+3
23.500000E+0	5.000000E+0	0.000000E+0	33.688158E+0	4.707129E+0	18.459914E+3
23.600000E+0	5.000000E+0	0.000000E+0	34.022368E+0	4.574066E+0	18.467170E+3
23.700000E+0	5.000000E+0	0.000000E+0	33.618415E+0	4.861736E+0	18.474370E+3
23.800000E+0	5.000000E+0	0.000000E+0	33.957685E+0	4.700793E+0	18.481697E+3
23.900000E+0	5.000000E+0	0.000000E+0	33.494517E+0	4.999868E+0	18.488953E+3
24.000000E+0	5.000000E+0	0.000000E+0	33.503933E+0	4.994799E+0	18.496364E+3
24.100000E+0	5.000000E+0	0.000000E+0	33.170314E+0	5.176018E+0	18.503606E+3
24.200000E+0	5.000000E+0	0.000000E+0	33.258004E+0	5.099982E+0	18.510989E+3
24.300000E+0	5.000000E+0	0.000000E+0	33.033383E+0	5.205165E+0	18.518245E+3
24.400000E+0	5.000000E+0	0.000000E+0	33.018548E+0	5.179820E+0	18.525614E+3
24.500000E+0	5.000000E+0	0.000000E+0	32.894140E+0	5.217838E+0	18.532870E+3
24.600000E+0	5.000000E+0	0.000000E+0	32.798143E+0	5.234312E+0	18.540225E+3
24.700000E+0	5.000000E+0	0.000000E+0	32.734694E+0	5.230510E+0	18.547467E+3
24.800000E+0	5.000000E+0	0.000000E+0	32.714579E+0	5.203898E+0	18.554794E+3
24.900000E+0	5.000000E+0	0.000000E+0	32.957958E+0	5.039153E+0	18.561994E+3
25.000000E+0	5.000000E+0	0.000000E+0	32.742259E+0	5.149405E+0	18.569292E+3
25.100000E+0	5.000000E+0	0.000000E+0	32.964526E+0	5.004937E+0	18.576548E+3
25.200000E+0	5.000000E+0	0.000000E+0	32.691145E+0	5.151940E+0	18.583777E+3
25.300000E+0	5.000000E+0	0.000000E+0	32.940777E+0	4.992264E+0	18.590963E+3
25.400000E+0	5.000000E+0	0.000000E+0	32.696991E+0	5.125327E+0	18.598233E+3
25.500000E+0	5.000000E+0	0.000000E+0	33.053074E+0	4.912426E+0	18.605461E+3
25.600000E+0	5.000000E+0	0.000000E+0	32.687979E+0	5.124060E+0	18.612661E+3
25.700000E+0	5.000000E+0	0.000000E+0	32.967093E+0	4.952979E+0	18.619819E+3
25.800000E+0	5.000000E+0	0.000000E+0	32.751531E+0	5.077171E+0	18.627075E+3
25.900000E+0	5.000000E+0	0.000000E+0	32.997871E+0	4.931435E+0	18.634233E+3
26.000000E+0	5.000000E+0	0.000000E+0	32.741910E+0	5.080973E+0	18.641475E+3
26.100000E+0	5.000000E+0	0.000000E+0	32.977731E+0	4.940306E+0	18.648633E+3
26.200000E+0	5.000000E+0	0.000000E+0	32.695663E+0	5.102516E+0	18.655875E+3
26.300000E+0	5.000000E+0	0.000000E+0	32.957818E+0	4.944108E+0	18.663019E+3
26.400000E+0	5.000000E+0	0.000000E+0	32.679294E+0	5.103784E+0	18.670261E+3
26.500000E+0	5.000000E+0	0.000000E+0	32.971540E+0	4.928901E+0	18.677391E+3
26.600000E+0	5.000000E+0	0.000000E+0	32.706966E+0	5.083507E+0	18.684619E+3
26.700000E+0	5.000000E+0	0.000000E+0	32.911553E+0	4.959315E+0	18.691734E+3
26.800000E+0	5.000000E+0	0.000000E+0	32.649550E+0	5.107585E+0	18.698948E+3
26.900000E+0	5.000000E+0	0.000000E+0	32.872678E+0	4.969453E+0	18.706064E+3
27.000000E+0	5.000000E+0	0.000000E+0	32.675600E+0	5.080973E+0	18.713320E+3
27.100000E+0	5.000000E+0	0.000000E+0	32.770784E+0	5.016342E+0	18.720366E+3
27.200000E+0	5.000000E+0	0.000000E+0	32.531474E+0	5.143069E+0	18.727566E+3
27.300000E+0	5.000000E+0	0.000000E+0	32.612668E+0	5.075904E+0	18.734709E+3
27.400000E+0	5.000000E+0	0.000000E+0	32.528894E+0	5.108853E+0	18.741895E+3
27.500000E+0	5.000000E+0	0.000000E+0	32.655538E+0	5.022679E+0	18.748898E+3
27.600000E+0	5.000000E+0	0.000000E+0	32.583087E+0	5.058162E+0	18.756070E+3
27.700000E+0	5.000000E+0	0.000000E+0	32.584343E+0	5.048024E+0	18.763130E+3
27.800000E+0	5.000000E+0	0.000000E+0	32.661311E+0	4.998600E+0	18.770288E+3
27.900000E+0	5.000000E+0	0.000000E+0	32.572662E+0	5.046757E+0	18.777333E+3
28.000000E+0	5.000000E+0	0.000000E+0	32.832839E+0	4.898486E+0	18.784477E+3
28.100000E+0	5.000000E+0	0.000000E+0	32.732113E+0	4.969453E+0	18.791508E+3
28.200000E+0	5.000000E+0	0.000000E+0	33.132740E+0	4.757820E+0	18.798652E+3
28.300000E+0	5.000000E+0	0.000000E+0	33.046200E+0	4.843994E+0	18.805711E+3
28.400000E+0	5.000000E+0	0.000000E+0	33.578321E+0	4.581669E+0	18.812869E+3
28.500000E+0	5.000000E+0	0.000000E+0	33.434602E+0	4.727405E+0	18.819956E+3
28.600000E+0	5.000000E+0	0.000000E+0	33.947884E+0	4.494228E+0	18.827156E+3
28.700000E+0	5.000000E+0	0.000000E+0	33.814059E+0	4.648835E+0	18.834300E+3
28.800000E+0	5.000000E+0	0.000000E+0	34.142364E+0	4.528444E+0	18.841556E+3
28.900000E+0	5.000000E+0	0.000000E+0	33.749790E+0	4.817381E+0	18.848756E+3
29.000000E+0	5.000000E+0	0.000000E+0	34.060211E+0	4.679249E+0	18.856069E+3
29.100000E+0	5.000000E+0	0.000000E+0	33.612899E+0	4.973255E+0	18.863325E+3
29.200000E+0	5.000000E+0	0.000000E+0	33.756893E+0	4.899754E+0	18.870666E+3
29.300000E+0	5.000000E+0	0.000000E+0	33.362794E+0	5.129129E+0	18.877922E+3
29.400000E+0	5.000000E+0	0.000000E+0	33.490372E+0	5.039153E+0	18.885277E+3
29.500000E+0	5.000000E+0	0.000000E+0	33.197322E+0	5.191225E+0	18.892519E+3
29.600000E+0	5.000000E+0	0.000000E+0	33.329660E+0	5.088576E+0	18.899845E+3
29.700000E+0	5.000000E+0	0.000000E+0	33.148317E+0	5.172216E+0	18.907073E+3
29.800000E+0	5.000000E+0	0.000000E+0	33.159800E+0	5.138000E+0	18.914400E+3
29.900000E+0	5.000000E+0	0.000000E+0	33.092507E+0	5.151940E+0	18.921586E+3
30.000000E+0	5.000000E+0	0.000000E+0	33.098370E+0	5.124060E+0	18.928884E+3
30.100000E+0	5.000000E+0	0.000000E+0	33.023550E+0	5.144336E+0	18.936070E+3
30.200000E+0	5.000000E+0	0.000000E+0	32.984821E+0	5.141802E+0	18.943327E+3
30.300000E+0	5.000000E+0	0.000000E+0	33.064052E+0	5.075904E+0	18.950541E+3
30.400000E+0	5.000000E+0	0.000000E+0	32.956838E+0	5.121525E+0	18.957783E+3
30.500000E+0	5.000000E+0	0.000000E+0	32.932003E+0	5.115189E+0	18.964856E+3
30.600000E+0	5.000000E+0	0.000000E+0	32.972360E+0	5.074636E+0	18.972084E+3
30.700000E+0	5.000000E+0	0.000000E+0	32.860840E+0	5.122793E+0	18.979186E+3
30.800000E+0	5.000000E+0	0.000000E+0	32.936413E+0	5.061964E+0	18.986400E+3
30.900000E+0	5.000000E+0	0.000000E+0	32.896679E+0	5.073369E+0	18.993544E+3
31.000000E+0	5.000000E+0	0.000000E+0	32.949616E+0	5.032817E+0	19.000673E+3
31.100000E+0	5.000000E+0	0.000000E+0	32.862394E+0	5.074636E+0	19.007761E+3
31.200000E+0	5.000000E+0	0.000000E+0	33.048554E+0	4.961850E+0	19.014933E+3
31.300000E+0	5.000000E+0	0.000000E+0	33.048554E+0	5.003669E+0	19.022006E+3
31.400000E+0	5.000000E+0	0.000000E+0	33.295664E+0	4.833856E+0	19.029164E+3
31.500000E+0	5.000000E+0	0.000000E+0	33.083119E+0	4.975790E+0	19.036280E+3
31.600000E+0	5.000000E+0	0.000000E+0	33.589660E+0	4.705862E+0	19.043395E+3
31.700000E+0	5.000000E+0	0.000000E+0	33.394521E+0	4.859201E+0	19.050483E+3
31.800000E+0	5.000000E+0	0.000000E+0	33.394521E+0	4.683051E+0	19.057739E+3
31.900000E+0	5.000000E+0	0.000000E+0	33.762680E+0	4.827519E+0	19.064812E+3
32.000000E+0	5.000000E+0	0.000000E+0	33.590810E+0	4.667844E+0	19.072069E+3
32.100000E+0	5.000000E+0	0.000000E+0	33.555089E+0	4.928901E+0	19.079325E+3
32.200000E+0	5.000000E+0	0.000000E+0	33.904627E+0	4.751483E+0	19.086553E+3
32.300000E+0	5.000000E+0	0.000000E+0	33.536377E+0	4.990997E+0	19.093795E+3
32.400000E+0	5.000000E+0	0.000000E+0	33.848485E+0	4.823717E+0	19.101023E+3
32.500000E+0	5.000000E+0	0.000000E+0	33.406940E+0	5.091111E+0	19.108266E+3
32.600000E+0	5.000000E+0	0.000000E+0	33.552985E+0	4.997333E+0	19.115606E+3
32.700000E+0	5.000000E+0	0.000000E+0	33.256107E+0	5.158276E+0	19.122848E+3
32.800000E+0	5.000000E+0	0.000000E+0	33.424140E+0	5.041688E+0	19.130189E+3
32.900000E+0	5.000000E+0	0.000000E+0	33.113920E+0	5.202630E+0	19.137417E+3
33.000000E+0	5.000000E+0	0.000000E+0	33.144383E+0	5.153207E+0	19.144744E+3
33.100000E+0	5.000000E+0	0.000000E+0	33.144383E+0	5.193760E+0	19.151972E+3
33.200000E+0	5.000000E+0	0.000000E+0	33.023292E+0	5.135465E+0	19.159270E+3
33.300000E+0	5.000000E+0	0.000000E+0	33.072830E+0	5.097447E+0	19.166527E+3
33.400000E+0	5.000000E+0	0.000000E+0	33.007458E+0	5.132931E+0	19.173727E+3
33.500000E+0	5.000000E+0	0.000000E+0	33.030759E+0	5.098715E+0	19.180884E+3
33.600000E+0	5.000000E+0	0.000000E+0	32.977626E+0	5.111387E+0	19.188127E+3
33.700000E+0	5.000000E+0	0.000000E+0	32.934745E+0	5.116456E+0	19.195242E+3
33.800000E+0	5.000000E+0	0.000000E+0	33.014568E+0	5.054360E+0	19.202428E+3
33.900000E+0	5.000000E+0	0.000000E+0	32.923210E+0	5.094913E+0	19.209516E+3
34.000000E+0	5.000000E+0	0.000000E+0	33.049360E+0	5.011273E+0	19.216687E+3
34.100000E+0	5.000000E+0	0.000000E+0	32.891270E+0	5.094913E+0	19.223747E+3
34.200000E+0	5.000000E+0	0.000000E+0	32.891270E+0	4.931435E+0	19.230891E+3
34.300000E+0	5.000000E+0	0.000000E+0	33.165088E+0	4.994799E+0	19.237950E+3
34.400000E+0	5.000000E+0	0.000000E+0	33.068515E+0	4.770492E+0	19.245094E+3
34.500000E+0	5.000000E+0	0.000000E+0	33.484957E+0	4.890883E+0	19.252167E+3
34.600000E+0	5.000000E+0	0.000000E+0	33.331319E+0	4.622222E+0	19.259311E+3
34.700000E+0	5.000000E+0	0.000000E+0	33.861056E+0	4.793303E+0	19.266398E+3
34.800000E+0	5.000000E+0	0.000000E+0	34.163439E+0	4.553790E+0	19.273598E+3
34.900000E+0	5.000000E+0	0.000000E+0	33.903877E+0	4.766690E+0	19.280742E+3
35.000000E+0	5.000000E+0	0.000000E+0	34.313928E+0	4.582937E+0	19.287998E+3
35.100000E+0	5.000000E+0	0.000000E+0	33.804173E+0	4.926366E+0	19.295255E+3
35.200000E+0	5.000000E+0	0.000000E+0	34.222448E+0	4.712198E+0	19.302511E+3
35.300000E+0	5.000000E+0	0.000000E+0	33.866014E+0	4.951712E+0	19.309753E+3
35.400000E+0	5.000000E+0	0.000000E+0	33.911011E+0	4.935237E+0	19.317122E+3
35.500000E+0	5.000000E+0	0.000000E+0	33.506239E+0	5.164612E+0	19.324392E+3
35.600000E+0	5.000000E+0	0.000000E+0	33.573920E+0	5.101249E+0	19.331803E+3
35.700000E+0	5.000000E+0	0.000000E+0	33.323134E+0	5.220372E+0	19.339045E+3
35.800000E+0	5.000000E+0	0.000000E+0	33.301381E+0	5.196294E+0	19.346442E+3
35.900000E+0	5.000000E+0	0.000000E+0	33.310310E+0	5.159543E+0	19.353727E+3
36.000000E+0	5.000000E+0	0.000000E+0	33.074804E+0	5.260925E+0	19.361109E+3
36.100000E+0	5.000000E+0	0.000000E+0	33.293998E+0	5.099982E+0	19.368380E+3
36.200000E+0	5.000000E+0	0.000000E+0	33.120943E+0	5.177285E+0	19.375748E+3
36.300000E+0	5.000000E+0	0.000000E+0	33.365296E+0	5.016342E+0	19.383005E+3
36.400000E+0	5.000000E+0	0.000000E+0	33.083796E+0	5.165880E+0	19.390345E+3
36.500000E+0	5.000000E+0	0.000000E+0	33.643323E+0	4.836390E+0	19.397658E+3
36.600000E+0	5.000000E+0	0.000000E+0	33.270628E+0	5.064498E+0	19.404942E+3
36.700000E+0	5.000000E+0	0.000000E+0	34.038790E+0	4.638696E+0	19.412198E+3
36.800000E+0	5.000000E+0	0.000000E+0	33.971675E+0	4.733741E+0	19.419567E+3
36.900000E+0	5.000000E+0	0.000000E+0	34.750259E+0	4.356096E+0	19.426866E+3
37.000000E+0	5.000000E+0	0.000000E+0	34.721271E+0	4.476486E+0	19.434291E+3
37.100000E+0	5.000000E+0	0.000000E+0	34.302135E+0	4.788234E+0	19.441673E+3
37.200000E+0	5.000000E+0	0.000000E+0	33.718908E+0	5.138000E+0	19.449239E+3
37.300000E+0	5.000000E+0	0.000000E+0	33.632863E+0	5.162078E+0	19.456622E+3
37.400000E+0	5.000000E+0	0.000000E+0	33.523167E+0	5.195027E+0	19.464117E+3
37.500000E+0	5.000000E+0	0.000000E+0	33.298083E+0	5.285003E+0	19.471542E+3
37.600000E+0	5.000000E+0	0.000000E+0	33.690518E+0	5.026480E+0	19.478995E+3
37.700000E+0	5.000000E+0	0.000000E+0	33.586451E+0	5.078438E+0	19.486392E+3
37.800000E+0	5.000000E+0	0.000000E+0	34.352764E+0	4.651369E+0	19.493817E+3
37.900000E+0	5.000000E+0	0.000000E+0	34.394346E+0	4.685585E+0	19.501214E+3
38.000000E+0	5.000000E+0	0.000000E+0	35.421809E+0	4.181213E+0	19.508653E+3
38.100000E+0	5.000000E+0	0.000000E+0	34.008592E+0	5.078438E+0	19.516134E+3
38.200000E+0	5.000000E+0	0.000000E+0	33.813891E+0	5.170949E+0	19.523630E+3
38.300000E+0	5.000000E+0	0.000000E+0	33.567922E+0	5.276132E+0	19.531153E+3
38.400000E+0	5.000000E+0	0.000000E+0	33.295003E+0	5.378781E+0	19.538634E+3
38.500000E+0	5.000000E+0	0.000000E+0	33.563127E+0	5.172216E+0	19.546130E+3
38.600000E+0	5.000000E+0	0.000000E+0	33.426943E+0	5.217838E+0	19.553541E+3
38.700000E+0	5.000000E+0	0.000000E+0	34.186484E+0	4.771760E+0	19.561008E+3
38.800000E+0	5.000000E+0	0.000000E+0	34.166069E+0	4.819916E+0	19.568391E+3
38.900000E+0	5.000000E+0	0.000000E+0	35.230476E+0	4.273723E+0	19.575858E+3
39.000000E+0	5.000000E+0	0.000000E+0	33.988666E+0	5.063231E+0	19.583283E+3
39.100000E+0	5.000000E+0	0.000000E+0	33.800883E+0	5.154474E+0	19.590820E+3
39.200000E+0	5.000000E+0	0.000000E+0	33.419234E+0	5.335694E+0	19.598259E+3
39.300000E+0	5.000000E+0	0.000000E+0	33.344040E+0	5.321754E+0	19.605797E+3
39.400000E+0	5.000000E+0	0.000000E+0	33.451179E+0	5.211501E+0	19.613194E+3
39.500000E+0	5.000000E+0	0.000000E+0	33.328961E+0	5.243183E+0	19.620661E+3
39.600000E+0	5.000000E+0	0.000000E+0	33.881643E+0	4.904823E+0	19.628030E+3
39.700000E+0	5.000000E+0	0.000000E+0	33.964183E+0	4.875675E+0	19.635469E+3
39.800000E+0	5.000000E+0	0.000000E+0	34.828990E+0	4.428330E+0	19.642823E+3
39.900000E+0	5.000000E+0	0.000000E+0	34.696237E+0	4.593075E+0	19.650263E+3
40.000000E+0	5.000000E+0	0.000000E+0	34.478769E+0	4.776829E+0	19.657673E+3
40.100000E+0	5.000000E+0	0.000000E+0	33.840373E+0	5.158276E+0	19.665211E+3
40.200000E+0	5.000000E+0	0.000000E+0	33.722446E+0	5.196294E+0	19.672650E+3
40.300000E+0	5.000000E+0	0.000000E+0	33.661057E+0	5.197561E+0	19.680230E+3
40.400000E+0	5.000000E+0	0.000000E+0	33.453962E+0	5.277399E+0	19.687598E+3
40.500000E+0	5.000000E+0	0.000000E+0	33.872123E+0	5.006204E+0	19.695066E+3
40.600000E+0	5.000000E+0	0.000000E+0	33.874945E+0	5.003669E+0	19.702477E+3
40.700000E+0	5.000000E+0	0.000000E+0	34.720003E+0	4.546186E+0	19.709930E+3
40.800000E+0	5.000000E+0	0.000000E+0	34.802599E+0	4.575333E+0	19.717383E+3
40.900000E+0	5.000000E+0	0.000000E+0	34.440456E+0	4.840192E+0	19.724850E+3
41.000000E+0	5.000000E+0	0.000000E+0	33.754874E+0	5.236847E+0	19.732359E+3
41.100000E+0	5.000000E+0	0.000000E+0	33.610968E+0	5.276132E+0	19.739911E+3
41.200000E+0	5.000000E+0	0.000000E+0	33.591194E+0	5.241916E+0	19.747378E+3
41.300000E+0	5.000000E+0	0.000000E+0	33.255905E+0	5.383850E+0	19.754831E+3
41.400000E+0	5.000000E+0	0.000000E+0	33.801433E+0	5.026480E+0	19.762312E+3
41.500000E+0	5.000000E+0	0.000000E+0	33.801433E+0	5.094913E+0	19.769737E+3
41.600000E+0	5.000000E+0	0.000000E+0	33.666895E+0	4.565195E+0	19.777191E+3
41.700000E+0	5.000000E+0	0.000000E+0	34.618112E+0	4.636162E+0	19.784573E+3
41.800000E+0	5.000000E+0	0.000000E+0	34.617640E+0	4.816114E+0	19.792069E+3
41.900000E+0	5.000000E+0	0.000000E+0	34.394244E+0	5.249519E+0	19.799508E+3
42.000000E+0	5.000000E+0	0.000000E+0	33.647930E+0	5.219105E+0	19.807045E+3
42.100000E+0	5.000000E+0	0.000000E+0	33.629129E+0	5.329357E+0	19.814456E+3
42.200000E+0	5.000000E+0	0.000000E+0	33.359299E+0	5.310348E+0	19.821952E+3
42.300000E+0	5.000000E+0	0.000000E+0	33.560658E+0	5.116456E+0	19.829334E+3
42.400000E+0	5.000000E+0	0.000000E+0	33.300610E+0	5.238114E+0	19.836788E+3
42.500000E+0	5.000000E+0	0.000000E+0	34.096242E+0	4.769225E+0	19.844128E+3
42.600000E+0	5.000000E+0	0.000000E+0	34.149252E+0	4.778096E+0	19.851567E+3
42.700000E+0	5.000000E+0	0.000000E+0	35.041067E+0	4.332018E+0	19.858922E+3
42.800000E+0	5.000000E+0	0.000000E+0	34.388802E+0	4.793303E+0	19.866403E+3
42.900000E+0	5.000000E+0	0.000000E+0	34.256430E+0	4.898486E+0	19.873814E+3
43.000000E+0	5.000000E+0	0.000000E+0	33.771299E+0	5.177285E+0	19.881323E+3
43.100000E+0	5.000000E+0	0.000000E+0	33.591399E+0	5.245718E+0	19.888763E+3
43.200000E+0	5.000000E+0	0.000000E+0	33.629996E+0	5.184889E+0	19.896230E+3
43.300000E+0	5.000000E+0	0.000000E+0	33.518127E+0	5.215303E+0	19.903627E+3
43.400000E+0	5.000000E+0	0.000000E+0	33.947934E+0	4.947910E+0	19.911052E+3
43.500000E+0	5.000000E+0	0.000000E+0	33.797184E+0	5.037886E+0	19.918448E+3
43.600000E+0	5.000000E+0	0.000000E+0	34.524128E+0	4.638696E+0	19.925845E+3
43.700000E+0	5.000000E+0	0.000000E+0	34.609369E+0	4.651369E+0	19.933228E+3
43.800000E+0	5.000000E+0	0.000000E+0	35.649468E+0	4.145729E+0	19.940667E+3
43.900000E+0	5.000000E+0	0.000000E+0	34.221141E+0	5.056895E+0	19.948134E+3
44.000000E+0	5.000000E+0	0.000000E+0	34.016512E+0	5.158276E+0	19.955630E+3
44.100000E+0	5.000000E+0	0.000000E+0	33.760293E+0	5.271063E+0	19.963153E+3
44.200000E+0	5.000000E+0	0.000000E+0	33.514681E+0	5.359772E+0	19.970620E+3
44.300000E+0	5.000000E+0	0.000000E+0	33.767428E+0	5.164612E+0	19.978116E+3
44.400000E+0	5.000000E+0	0.000000E+0	33.767428E+0	5.192492E+0	19.985541E+3
44.500000E+0	5.000000E+0	0.000000E+0	33.666346E+0	4.762889E+0	19.993008E+3
44.600000E+0	5.000000E+0	0.000000E+0	34.403040E+0	4.828787E+0	20.000405E+3
44.700000E+0	5.000000E+0	0.000000E+0	34.352478E+0	4.304138E+0	20.007886E+3
44.800000E+0	5.000000E+0	0.000000E+0	35.374369E+0	5.105051E+0	20.015325E+3
44.900000E+0	5.000000E+0	0.000000E+0	34.102316E+0	5.195027E+0	20.022877E+3
45.000000E+0	5.000000E+0	0.000000E+0	33.904297E+0	5.328090E+0	20.030330E+3
45.100000E+0	5.000000E+0	0.000000E+0	33.599519E+0	5.369910E+0	20.037895E+3
45.200000E+0	5.000000E+0	0.000000E+0	33.423480E+0	5.164612E+0	20.045306E+3
45.300000E+0	5.000000E+0	0.000000E+0	33.691929E+0	5.226709E+0	20.052816E+3
45.400000E+0	5.000000E+0	0.000000E+0	33.527560E+0	4.740078E+0	20.060184E+3
45.500000E+0	5.000000E+0	0.000000E+0	34.359439E+0	4.755285E+0	20.067666E+3
45.600000E+0	5.000000E+0	0.000000E+0	34.409496E+0	4.503099E+0	20.075077E+3
45.700000E+0	5.000000E+0	0.000000E+0	34.949550E+0	5.040420E+0	20.082600E+3
45.800000E+0	5.000000E+0	0.000000E+0	34.105188E+0	5.096180E+0	20.090053E+3
45.900000E+0	5.000000E+0	0.000000E+0	33.989896E+0	5.269796E+0	20.097605E+3
46.000000E+0	5.000000E+0	0.000000E+0	33.639846E+0	5.274865E+0	20.105114E+3
46.100000E+0	5.000000E+0	0.000000E+0	33.886201E+0	5.048024E+0	20.112609E+3
46.200000E+0	5.000000E+0	0.000000E+0	33.801438E+0	5.086042E+0	20.120006E+3
46.300000E+0	5.000000E+0	0.000000E+0	34.598278E+0	4.641231E+0	20.127502E+3
46.400000E+0	5.000000E+0	0.000000E+0	34.722604E+0	4.632360E+0	20.134941E+3
46.500000E+0	5.000000E+0	0.000000E+0	34.479255E+0	4.823717E+0	20.142436E+3
46.600000E+0	5.000000E+0	0.000000E+0	33.770501E+0	5.235579E+0	20.149959E+3
46.700000E+0	5.000000E+0	0.000000E+0	33.575410E+0	5.302745E+0	20.157469E+3
46.800000E+0	5.000000E+0	0.000000E+0	33.573414E+0	5.254588E+0	20.164992E+3
46.900000E+0	5.000000E+0	0.000000E+0	33.314007E+0	5.353435E+0	20.172502E+3
47.000000E+0	5.000000E+0	0.000000E+0	33.814773E+0	5.025213E+0	20.179997E+3
47.100000E+0	5.000000E+0	0.000000E+0	33.764998E+0	5.048024E+0	20.187338E+3
47.200000E+0	5.000000E+0	0.000000E+0	34.641249E+0	4.566462E+0	20.194777E+3
47.300000E+0	5.000000E+0	0.000000E+0	34.640397E+0	4.637429E+0	20.202159E+3
47.400000E+0	5.000000E+0	0.000000E+0	34.533816E+0	4.754018E+0	20.209641E+3
47.500000E+0	5.000000E+0	0.000000E+0	33.810868E+0	5.184889E+0	20.217066E+3
47.600000E+0	5.000000E+0	0.000000E+0	33.731815E+0	5.197561E+0	20.224561E+3
47.700000E+0	5.000000E+0	0.000000E+0	33.449714E+0	5.317952E+0	20.231958E+3
47.800000E+0	5.000000E+0	0.000000E+0	33.370482E+0	5.309081E+0	20.239453E+3
47.900000E+0	5.000000E+0	0.000000E+0	33.582222E+0	5.144336E+0	20.246808E+3
48.000000E+0	5.000000E+0	0.000000E+0	33.348947E+0	5.246985E+0	20.254261E+3
48.100000E+0	5.000000E+0	0.000000E+0	33.858294E+0	4.931435E+0	20.261588E+3
48.200000E+0	5.000000E+0	0.000000E+0	33.625773E+0	5.068300E+0	20.268970E+3
48.300000E+0	5.000000E+0	0.000000E+0	34.505301E+0	4.581669E+0	20.276311E+3
48.400000E+0	5.000000E+0	0.000000E+0	34.403773E+0	4.704594E+0	20.283722E+3
48.500000E+0	5.000000E+0	0.000000E+0	34.935635E+0	4.465081E+0	20.291077E+3
48.600000E+0	5.000000E+0	0.000000E+0	34.147244E+0	4.978324E+0	20.298558E+3
48.700000E+0	5.000000E+0	0.000000E+0	34.020159E+0	5.050558E+0	20.305983E+3
48.800000E+0	5.000000E+0	0.000000E+0	33.733055E+0	5.197561E+0	20.313492E+3
48.900000E+0	5.000000E+0	0.000000E+0	33.561119E+0	5.258390E+0	20.320917E+3
49.000000E+0	5.000000E+0	0.000000E+0	33.757636E+0	5.110120E+0	20.328413E+3
49.100000E+0	5.000000E+0	0.000000E+0	33.654194E+0	5.148138E+0	20.335838E+3
49.200000E+0	5.000000E+0	0.000000E+0	33.654194E+0	4.817381E+0	20.343277E+3
49.300000E+0	5.000000E+0	0.000000E+0	34.221402E+0	4.835123E+0	20.350716E+3
49.400000E+0	5.000000E+0	0.000000E+0	34.243518E+0	4.291465E+0	20.358155E+3
49.500000E+0	5.000000E+0	0.000000E+0	35.298663E+0	4.989730E+0	20.365608E+3
49.600000E+0	5.000000E+0	0.000000E+0	34.220280E+0	5.078438E+0	20.373131E+3
49.700000E+0	5.000000E+0	0.000000E+0	33.536441E+0	5.348366E+0	20.380655E+3
49.800000E+0	5.000000E+0	0.000000E+0	33.401181E+0	5.364841E+0	20.388164E+3
49.900000E+0	5.000000E+0	0.000000E+0	33.553958E+0	5.222907E+0	20.395603E+3
50.000000E+0	5.000000E+0	0.000000E+0	33.355647E+0	5.293874E+0	20.403042E+3
50.100000E+0	5.000000E+0	0.000000E+0	34.059501E+0	4.865537E+0	20.410538E+3
50.200000E+0	5.000000E+0	0.000000E+0	34.060100E+0	4.887081E+0	20.417934E+3
50.300000E+0	5.000000E+0	0.000000E+0	35.200405E+0	4.288931E+0	20.425416E+3
50.400000E+0	5.000000E+0	0.000000E+0	33.956365E+0	5.077171E+0	20.432841E+3
50.500000E+0	5.000000E+0	0.000000E+0	33.755013E+0	5.173483E+0	20.440448E+3
50.600000E+0	5.000000E+0	0.000000E+0	33.351239E+0	5.363573E+0	20.447831E+3
50.700000E+0	5.000000E+0	0.000000E+0	33.272347E+0	5.347099E+0	20.455411E+3
50.800000E+0	5.000000E+0	0.000000E+0	33.367174E+0	5.239381E+0	20.462737E+3
50.900000E+0	5.000000E+0	0.000000E+0	33.278761E+0	5.248252E+0	20.470219E+3
51.000000E+0	5.000000E+0	0.000000E+0	33.752568E+0	4.951712E+0	20.477573E+3
51.100000E+0	5.000000E+0	0.000000E+0	33.544419E+0	5.072102E+0	20.484998E+3
51.200000E+0	5.000000E+0	0.000000E+0	34.504841E+0	4.541117E+0	20.492325E+3
51.300000E+0	5.000000E+0	0.000000E+0	34.610058E+0	4.558859E+0	20.499862E+3
51.400000E+0	5.000000E+0	0.000000E+0	34.648996E+0	4.609549E+0	20.507133E+3
51.500000E+0	5.000000E+0	0.000000E+0	33.894498E+0	5.080973E+0	20.514642E+3
51.600000E+0	5.000000E+0	0.000000E+0	33.886549E+0	5.072102E+0	20.522067E+3
51.700000E+0	5.000000E+0	0.000000E+0	33.886549E+0	5.230510E+0	20.529577E+3
51.800000E+0	5.000000E+0	0.000000E+0	33.571869E+0	5.271063E+0	20.537002E+3
51.900000E+0	5.000000E+0	0.000000E+0	33.427525E+0	5.080973E+0	20.544525E+3
52.000000E+0	5.000000E+0	0.000000E+0	33.614625E+0	5.112654E+0	20.551838E+3
52.100000E+0	5.000000E+0	0.000000E+0	34.136252E+0	4.812312E+0	20.559248E+3
52.200000E+0	5.000000E+0	0.000000E+0	34.014569E+0	4.908624E+0	20.566589E+3
52.300000E+0	5.000000E+0	0.000000E+0	34.803835E+0	4.496762E+0	20.573958E+3
52.400000E+0	5.000000E+0	0.000000E+0	34.772382E+0	4.595609E+0	20.581312E+3
52.500000E+0	5.000000E+0	0.000000E+0	34.957309E+0	4.561393E+0	20.588737E+3
52.600000E+0	5.000000E+0	0.000000E+0	34.196201E+0	5.044222E+0	20.596163E+3
52.700000E+0	5.000000E+0	0.000000E+0	33.981320E+0	5.153207E+0	20.603616E+3
52.800000E+0	5.000000E+0	0.000000E+0	33.682090E+0	5.290072E+0	20.611083E+3
52.900000E+0	5.000000E+0	0.000000E+0	33.554990E+0	5.311615E+0	20.618508E+3
53.000000E+0	5.000000E+0	0.000000E+0	33.730809E+0	5.165880E+0	20.625947E+3
53.100000E+0	5.000000E+0	0.000000E+0	33.465270E+0	5.282468E+0	20.633316E+3
53.200000E+0	5.000000E+0	0.000000E+0	33.966288E+0	4.965651E+0	20.640727E+3
53.300000E+0	5.000000E+0	0.000000E+0	33.746914E+0	5.089844E+0	20.648053E+3
53.400000E+0	5.000000E+0	0.000000E+0	34.476981E+0	4.680516E+0	20.655436E+3
53.500000E+0	5.000000E+0	0.000000E+0	34.476981E+0	4.845261E+0	20.662748E+3
53.600000E+0	5.000000E+0	0.000000E+0	34.268370E+0	4.340889E+0	20.670159E+3
53.700000E+0	5.000000E+0	0.000000E+0	34.560055E+0	4.819916E+0	20.677500E+3
53.800000E+0	5.000000E+0	0.000000E+0	34.560055E+0	4.870606E+0	20.684967E+3
53.900000E+0	5.000000E+0	0.000000E+0	33.844487E+0	5.257123E+0	20.692364E+3
54.000000E+0	5.000000E+0	0.000000E+0	33.858558E+0	5.207700E+0	20.699859E+3
54.100000E+0	5.000000E+0	0.000000E+0	33.575752E+0	5.326823E+0	20.707242E+3
54.200000E+0	5.000000E+0	0.000000E+0	33.503227E+0	5.312883E+0	20.714695E+3
54.300000E+0	5.000000E+0	0.000000E+0	33.732575E+0	5.138000E+0	20.722106E+3
54.400000E+0	5.000000E+0	0.000000E+0	33.526989E+0	5.226709E+0	20.729461E+3
54.500000E+0	5.000000E+0	0.000000E+0	34.011965E+0	4.927633E+0	20.736773E+3
54.600000E+0	5.000000E+0	0.000000E+0	33.745428E+0	5.083507E+0	20.744184E+3
54.700000E+0	5.000000E+0	0.000000E+0	34.632101E+0	4.590540E+0	20.751483E+3
54.800000E+0	5.000000E+0	0.000000E+0	34.549000E+0	4.702060E+0	20.758894E+3
54.900000E+0	5.000000E+0	0.000000E+0	35.526973E+0	4.221765E+0	20.766234E+3
55.000000E+0	5.000000E+0	0.000000E+0	34.539874E+0	4.882012E+0	20.773702E+3
55.100000E+0	5.000000E+0	0.000000E+0	34.359723E+0	4.998600E+0	20.781127E+3
55.200000E+0	5.000000E+0	0.000000E+0	33.996833E+0	5.195027E+0	20.788636E+3
55.300000E+0	5.000000E+0	0.000000E+0	33.874883E+0	5.229243E+0	20.796089E+3
55.400000E+0	5.000000E+0	0.000000E+0	34.019225E+0	5.113922E+0	20.803570E+3
55.500000E+0	5.000000E+0	0.000000E+0	33.867760E+0	5.177285E+0	20.810981E+3
55.600000E+0	5.000000E+0	0.000000E+0	34.391042E+0	4.865537E+0	20.818448E+3
55.700000E+0	5.000000E+0	0.000000E+0	34.410393E+0	4.876943E+0	20.825859E+3
55.800000E+0	5.000000E+0	0.000000E+0	35.452958E+0	4.333285E+0	20.833312E+3
55.900000E+0	5.000000E+0	0.000000E+0	34.554199E+0	4.927633E+0	20.840766E+3
56.000000E+0	5.000000E+0	0.000000E+0	34.454082E+0	4.993531E+0	20.848247E+3
56.100000E+0	5.000000E+0	0.000000E+0	34.029431E+0	5.224174E+0	20.855742E+3
56.200000E+0	5.000000E+0	0.000000E+0	33.767452E+0	5.329357E+0	20.863195E+3
56.300000E+0	5.000000E+0	0.000000E+0	33.858241E+0	5.226709E+0	20.870677E+3
56.400000E+0	5.000000E+0	0.000000E+0	33.637691E+0	5.309081E+0	20.878073E+3
56.500000E+0	5.000000E+0	0.000000E+0	34.137736E+0	4.988462E+0	20.885498E+3
56.600000E+0	5.000000E+0	0.000000E+0	33.984162E+0	5.073369E+0	20.892853E+3
56.700000E+0	5.000000E+0	0.000000E+0	34.716841E+0	4.665309E+0	20.900264E+3
56.800000E+0	5.000000E+0	0.000000E+0	34.583122E+0	4.792036E+0	20.907619E+3
56.900000E+0	5.000000E+0	0.000000E+0	35.681698E+0	4.231904E+0	20.915072E+3
57.000000E+0	5.000000E+0	0.000000E+0	34.335271E+0	5.084775E+0	20.922469E+3
57.100000E+0	5.000000E+0	0.000000E+0	34.269924E+0	5.106318E+0	20.930006E+3
57.200000E+0	5.000000E+0	0.000000E+0	33.806659E+0	5.339495E+0	20.937417E+3
57.300000E+0	5.000000E+0	0.000000E+0	33.786577E+0	5.295141E+0	20.944927E+3
57.400000E+0	5.000000E+0	0.000000E+0	33.754053E+0	5.264727E+0	20.952323E+3
57.500000E+0	5.000000E+0	0.000000E+0	33.686143E+0	5.258390E+0	20.959791E+3
57.600000E+0	5.000000E+0	0.000000E+0	34.170964E+0	4.954246E+0	20.967173E+3
57.700000E+0	5.000000E+0	0.000000E+0	34.020651E+0	5.042955E+0	20.974598E+3
57.800000E+0	5.000000E+0	0.000000E+0	34.907803E+0	4.556324E+0	20.981939E+3
57.900000E+0	5.000000E+0	0.000000E+0	34.942815E+0	4.609549E+0	20.989378E+3
58.000000E+0	5.000000E+0	0.000000E+0	35.011040E+0	4.636162E+0	20.996761E+3
58.100000E+0	5.000000E+0	0.000000E+0	34.419645E+0	5.015075E+0	21.004256E+3
58.200000E+0	5.000000E+0	0.000000E+0	34.330729E+0	5.060697E+0	21.011681E+3
58.300000E+0	5.000000E+0	0.000000E+0	33.989008E+0	5.235579E+0	21.019177E+3
58.400000E+0	5.000000E+0	0.000000E+0	33.861891E+0	5.265994E+0	21.026602E+3
58.500000E+0	5.000000E+0	0.000000E+0	34.065496E+0	5.112654E+0	21.034069E+3
58.600000E+0	5.000000E+0	0.000000E+0	33.970668E+0	5.145603E+0	21.041437E+3
58.700000E+0	5.000000E+0	0.000000E+0	34.524574E+0	4.822450E+0	21.048862E+3
58.800000E+0	5.000000E+0	0.000000E+0	34.458440E+0	4.887081E+0	21.056217E+3
58.900000E+0	5.000000E+0	0.000000E+0	35.317473E+0	4.441003E+0	21.063628E+3
59.000000E+0	5.000000E+0	0.000000E+0	35.279352E+0	4.552522E+0	21.071011E+3
59.100000E+0	5.000000E+0	0.000000E+0	34.734212E+0	4.920030E+0	21.078562E+3
59.200000E+0	5.000000E+0	0.000000E+0	34.188690E+0	5.227976E+0	21.085973E+3
59.300000E+0	5.000000E+0	0.000000E+0	34.066204E+0	5.257123E+0	21.093483E+3
59.400000E+0	5.000000E+0	0.000000E+0	34.047460E+0	5.225441E+0	21.100936E+3
59.500000E+0	5.000000E+0	0.000000E+0	33.724158E+0	5.363573E+0	21.108389E+3
59.600000E+0	5.000000E+0	0.000000E+0	34.121086E+0	5.089844E+0	21.115842E+3
59.700000E+0	5.000000E+0	0.000000E+0	34.033118E+0	5.122793E+0	21.123253E+3
59.800000E+0	5.000000E+0	0.000000E+0	34.814217E+0	4.680516E+0	21.130706E+3
59.900000E+0	5.000000E+0	0.000000E+0	34.811872E+0	4.733741E+0	21.138089E+3
60.000000E+0	5.000000E+0	0.000000E+0	34.924778E+0	4.716000E+0	21.145584E+3
60.100000E+0	5.000000E+0	0.000000E+0	33.997624E+0	5.263459E+0	21.153108E+3
60.200000E+0	5.000000E+0	0.000000E+0	33.916031E+0	5.264727E+0	21.160645E+3
60.300000E+0	5.000000E+0	0.000000E+0	33.648886E+0	5.366108E+0	21.168028E+3
60.400000E+0	5.000000E+0	0.000000E+0	33.580952E+0	5.343297E+0	21.175580E+3
60.500000E+0	5.000000E+0	0.000000E+0	33.789432E+0	5.174751E+0	21.182991E+3
60.600000E+0	5.000000E+0	0.000000E+0	33.682956E+0	5.203898E+0	21.190472E+3
60.700000E+0	5.000000E+0	0.000000E+0	34.601390E+0	4.674180E+0	21.197855E+3
60.800000E+0	5.000000E+0	0.000000E+0	34.722836E+0	4.661507E+0	21.205336E+3
60.900000E+0	5.000000E+0	0.000000E+0	34.869190E+0	4.637429E+0	21.212733E+3
61.000000E+0	5.000000E+0	0.000000E+0	34.169592E+0	5.074636E+0	21.220256E+3
61.100000E+0	5.000000E+0	0.000000E+0	34.111983E+0	5.093645E+0	21.227695E+3
61.200000E+0	5.000000E+0	0.000000E+0	33.788478E+0	5.253321E+0	21.235233E+3
61.300000E+0	5.000000E+0	0.000000E+0	33.788478E+0	5.252054E+0	21.242658E+3
61.400000E+0	5.000000E+0	0.000000E+0	33.714623E+0	5.079706E+0	21.250125E+3
61.500000E+0	5.000000E+0	0.000000E+0	33.957580E+0	5.107585E+0	21.257522E+3
61.600000E+0	5.000000E+0	0.000000E+0	33.882038E+0	4.752751E+0	21.264947E+3
61.700000E+0	5.000000E+0	0.000000E+0	34.620199E+0	4.731207E+0	21.272372E+3
61.800000E+0	5.000000E+0	0.000000E+0	35.476895E+0	4.311741E+0	21.279741E+3
61.900000E+0	5.000000E+0	0.000000E+0	34.652591E+0	4.869339E+0	21.287152E+3
62.000000E+0	5.000000E+0	0.000000E+0	34.560633E+0	4.940306E+0	21.294619E+3
62.100000E+0	5.000000E+0	0.000000E+0	34.023076E+0	5.240649E+0	21.302086E+3
62.200000E+0	5.000000E+0	0.000000E+0	33.875683E+0	5.281201E+0	21.309539E+3
62.300000E+0	5.000000E+0	0.000000E+0	33.875479E+0	5.235579E+0	21.317062E+3
62.400000E+0	5.000000E+0	0.000000E+0	33.633509E+0	5.328090E+0	21.324417E+3
62.500000E+0	5.000000E+0	0.000000E+0	34.087989E+0	5.029015E+0	21.331842E+3
62.600000E+0	5.000000E+0	0.000000E+0	33.903466E+0	5.124060E+0	21.339211E+3
62.700000E+0	5.000000E+0	0.000000E+0	34.733406E+0	4.655171E+0	21.346692E+3
62.800000E+0	5.000000E+0	0.000000E+0	34.511323E+0	4.831321E+0	21.353977E+3
62.900000E+0	5.000000E+0	0.000000E+0	35.534796E+0	4.305405E+0	21.361402E+3
63.000000E+0	5.000000E+0	0.000000E+0	34.567073E+0	4.941573E+0	21.368770E+3
63.100000E+0	5.000000E+0	0.000000E+0	34.519018E+0	4.977057E+0	21.376266E+3
63.200000E+0	5.000000E+0	0.000000E+0	34.031348E+0	5.244450E+0	21.383648E+3
63.300000E+0	5.000000E+0	0.000000E+0	33.875780E+0	5.288805E+0	21.391144E+3
63.400000E+0	5.000000E+0	0.000000E+0	33.828754E+0	5.267261E+0	21.398513E+3
63.500000E+0	5.000000E+0	0.000000E+0	33.762426E+0	5.259658E+0	21.405937E+3
63.600000E+0	5.000000E+0	0.000000E+0	33.937466E+0	5.122793E+0	21.413264E+3
63.700000E+0	5.000000E+0	0.000000E+0	33.937466E+0	5.182354E+0	21.420647E+3
63.800000E+0	5.000000E+0	0.000000E+0	33.790365E+0	4.920030E+0	21.427931E+3
63.900000E+0	5.000000E+0	0.000000E+0	33.886141E+0	5.113922E+0	21.435300E+3
64.000000E+0	5.000000E+0	0.000000E+0	34.599589E+0	4.709663E+0	21.442556E+3
64.100000E+0	5.000000E+0	0.000000E+0	34.504095E+0	4.808510E+0	21.449939E+3
64.200000E+0	5.000000E+0	0.000000E+0	35.307068E+0	4.405519E+0	21.457209E+3
64.300000E+0	5.000000E+0	0.000000E+0	35.300716E+0	4.505633E+0	21.464691E+3
64.400000E+0	5.000000E+0	0.000000E+0	35.057984E+0	4.717267E+0	21.472031E+3
64.500000E+0	5.000000E+0	0.000000E+0	34.498447E+0	5.065766E+0	21.479484E+3
64.600000E+0	5.000000E+0	0.000000E+0	34.363812E+0	5.127862E+0	21.486909E+3
64.700000E+0	5.000000E+0	0.000000E+0	34.109709E+0	5.244450E+0	21.494447E+3
64.800000E+0	5.000000E+0	0.000000E+0	34.003363E+0	5.262192E+0	21.501872E+3
64.900000E+0	5.000000E+0	0.000000E+0	34.231552E+0	5.096180E+0	21.509381E+3
65.000000E+0	5.000000E+0	0.000000E+0	34.277627E+0	5.055627E+0	21.516862E+3
65.100000E+0	5.000000E+0	0.000000E+0	34.959387E+0	4.677982E+0	21.524273E+3
65.200000E+0	5.000000E+0	0.000000E+0	35.164072E+0	4.619687E+0	21.531727E+3
65.300000E+0	5.000000E+0	0.000000E+0	34.889376E+0	4.830054E+0	21.539236E+3
65.400000E+0	5.000000E+0	0.000000E+0	34.115430E+0	5.276132E+0	21.546759E+3
65.500000E+0	5.000000E+0	0.000000E+0	34.013618E+0	5.286270E+0	21.554283E+3
65.600000E+0	5.000000E+0	0.000000E+0	33.936883E+0	5.281201E+0	21.561806E+3
65.700000E+0	5.000000E+0	0.000000E+0	33.660095E+0	5.385117E+0	21.569302E+3
65.800000E+0	5.000000E+0	0.000000E+0	34.273217E+0	4.990997E+0	21.576797E+3
65.900000E+0	5.000000E+0	0.000000E+0	34.273217E+0	5.032817E+0	21.584222E+3
66.000000E+0	5.000000E+0	0.000000E+0	35.370048E+0	4.394114E+0	21.591759E+3
66.100000E+0	5.000000E+0	0.000000E+0	34.647539E+0	4.883279E+0	21.599114E+3
66.200000E+0	5.000000E+0	0.000000E+0	34.518573E+0	4.971988E+0	21.606638E+3
66.300000E+0	5.000000E+0	0.000000E+0	33.908199E+0	5.306546E+0	21.614091E+3
66.400000E+0	5.000000E+0	0.000000E+0	33.848805E+0	5.288805E+0	21.621600E+3
66.500000E+0	5.000000E+0	0.000000E+0	33.883818E+0	5.222907E+0	21.628997E+3
66.600000E+0	5.000000E+0	0.000000E+0	33.638628E+0	5.319219E+0	21.636450E+3
66.700000E+0	5.000000E+0	0.000000E+0	34.039522E+0	5.050558E+0	21.643805E+3
66.800000E+0	5.000000E+0	0.000000E+0	33.801640E+0	5.170949E+0	21.651230E+3
66.900000E+0	5.000000E+0	0.000000E+0	34.662010E+0	4.677982E+0	21.658598E+3
67.000000E+0	5.000000E+0	0.000000E+0	34.482289E+0	4.827519E+0	21.665953E+3
67.100000E+0	5.000000E+0	0.000000E+0	35.420179E+0	4.348492E+0	21.673322E+3
67.200000E+0	5.000000E+0	0.000000E+0	34.687953E+0	4.850330E+0	21.680803E+3
67.300000E+0	5.000000E+0	0.000000E+0	34.545459E+0	4.951712E+0	21.688228E+3
67.400000E+0	5.000000E+0	0.000000E+0	34.124012E+0	5.187423E+0	21.695695E+3
67.500000E+0	5.000000E+0	0.000000E+0	33.957470E+0	5.246985E+0	21.703163E+3
67.600000E+0	5.000000E+0	0.000000E+0	33.990998E+0	5.188691E+0	21.710700E+3
67.700000E+0	5.000000E+0	0.000000E+0	33.831106E+0	5.244450E+0	21.718153E+3
67.800000E+0	5.000000E+0	0.000000E+0	34.437318E+0	4.876943E+0	21.725648E+3
67.900000E+0	5.000000E+0	0.000000E+0	34.474333E+0	4.876943E+0	21.733088E+3
68.000000E+0	5.000000E+0	0.000000E+0	34.474333E+0	4.309207E+0	21.740541E+3
68.100000E+0	5.000000E+0	0.000000E+0	35.561433E+0	4.999868E+0	21.748022E+3
68.200000E+0	5.000000E+0	0.000000E+0	34.491778E+0	5.101249E+0	21.755545E+3
68.300000E+0	5.000000E+0	0.000000E+0	34.304302E+0	5.358504E+0	21.763083E+3
68.400000E+0	5.000000E+0	0.000000E+0	33.798027E+0	5.355970E+0	21.770564E+3
68.500000E+0	5.000000E+0	0.000000E+0	33.878450E+0	5.198829E+0	21.778059E+3
68.600000E+0	5.000000E+0	0.000000E+0	33.767075E+0	5.226709E+0	21.785513E+3
68.700000E+0	5.000000E+0	0.000000E+0	34.460661E+0	4.814847E+0	21.792980E+3
68.800000E+0	5.000000E+0	0.000000E+0	34.406190E+0	4.874408E+0	21.800377E+3
68.900000E+0	5.000000E+0	0.000000E+0	35.601874E+0	4.248378E+0	21.807858E+3
69.000000E+0	5.000000E+0	0.000000E+0	34.236428E+0	5.108853E+0	21.815283E+3
69.100000E+0	5.000000E+0	0.000000E+0	34.145086E+0	5.140534E+0	21.822820E+3
69.200000E+0	5.000000E+0	0.000000E+0	33.791070E+0	5.309081E+0	21.830245E+3
69.300000E+0	5.000000E+0	0.000000E+0	33.688723E+0	5.314150E+0	21.837769E+3
69.400000E+0	5.000000E+0	0.000000E+0	33.737206E+0	5.236847E+0	21.845152E+3
69.500000E+0	5.000000E+0	0.000000E+0	33.680027E+0	5.229243E+0	21.852647E+3
69.600000E+0	5.000000E+0	0.000000E+0	34.072826E+0	4.979591E+0	21.859945E+3
69.700000E+0	5.000000E+0	0.000000E+0	33.980519E+0	5.032817E+0	21.867427E+3
69.800000E+0	5.000000E+0	0.000000E+0	34.753524E+0	4.609549E+0	21.874683E+3
69.900000E+0	5.000000E+0	0.000000E+0	34.814717E+0	4.639964E+0	21.882108E+3
70.000000E+0	5.000000E+0	0.000000E+0	35.358988E+0	4.404252E+0	21.889448E+3
70.100000E+0	5.000000E+0	0.000000E+0	34.560767E+0	4.932703E+0	21.896916E+3
70.200000E+0	5.000000E+0	0.000000E+0	34.454437E+0	5.001135E+0	21.904341E+3
70.300000E+0	5.000000E+0	0.000000E+0	34.057970E+0	5.215303E+0	21.911836E+3
70.400000E+0	5.000000E+0	0.000000E+0	34.040086E+0	5.189958E+0	21.919261E+3
70.500000E+0	5.000000E+0	0.000000E+0	34.036857E+0	5.160811E+0	21.926742E+3
70.600000E+0	5.000000E+0	0.000000E+0	33.866601E+0	5.226709E+0	21.934139E+3
70.700000E+0	5.000000E+0	0.000000E+0	34.398455E+0	4.902288E+0	21.941578E+3
70.800000E+0	5.000000E+0	0.000000E+0	34.357528E+0	4.940306E+0	21.948975E+3
70.900000E+0	5.000000E+0	0.000000E+0	35.240397E+0	4.472684E+0	21.956400E+3
71.000000E+0	5.000000E+0	0.000000E+0	35.286505E+0	4.533513E+0	21.963797E+3
71.100000E+0	5.000000E+0	0.000000E+0	34.880687E+0	4.828787E+0	21.971250E+3
71.200000E+0	5.000000E+0	0.000000E+0	34.226662E+0	5.210234E+0	21.978717E+3
71.300000E+0	5.000000E+0	0.000000E+0	34.060291E+0	5.265994E+0	21.986184E+3
71.400000E+0	5.000000E+0	0.000000E+0	33.947465E+0	5.283736E+0	21.993652E+3
71.500000E+0	5.000000E+0	0.000000E+0	33.691009E+0	5.376246E+0	22.001077E+3
71.600000E+0	5.000000E+0	0.000000E+0	34.095845E+0	5.096180E+0	22.008530E+3
71.700000E+0	5.000000E+0	0.000000E+0	33.865335E+0	5.205165E+0	22.015913E+3
71.800000E+0	5.000000E+0	0.000000E+0	34.513835E+0	4.821183E+0	22.023338E+3
71.900000E+0	5.000000E+0	0.000000E+0	34.422299E+0	4.899754E+0	22.030706E+3
72.000000E+0	5.000000E+0	0.000000E+0	35.408780E+0	4.382708E+0	22.038131E+3
72.100000E+0	5.000000E+0	0.000000E+0	34.661574E+0	4.887081E+0	22.045528E+3
72.200000E+0	5.000000E+0	0.000000E+0	34.540840E+0	4.970721E+0	22.053023E+3
72.300000E+0	5.000000E+0	0.000000E+0	33.951943E+0	5.293874E+0	22.060434E+3
72.400000E+0	5.000000E+0	0.000000E+0	33.840106E+0	5.306546E+0	22.067958E+3
72.500000E+0	5.000000E+0	0.000000E+0	33.923692E+0	5.211501E+0	22.075355E+3
72.600000E+0	5.000000E+0	0.000000E+0	33.644431E+0	5.328090E+0	22.082836E+3
72.700000E+0	5.000000E+0	0.000000E+0	33.998121E+0	5.083507E+0	22.090191E+3
72.800000E+0	5.000000E+0	0.000000E+0	33.834710E+0	5.158276E+0	22.097616E+3
72.900000E+0	5.000000E+0	0.000000E+0	34.516065E+0	4.764156E+0	22.104928E+3
73.000000E+0	5.000000E+0	0.000000E+0	34.418243E+0	4.855399E+0	22.112339E+3
73.100000E+0	5.000000E+0	0.000000E+0	35.401658E+0	4.347225E+0	22.119666E+3
73.200000E+0	5.000000E+0	0.000000E+0	35.232359E+0	4.544919E+0	22.127077E+3
73.300000E+0	5.000000E+0	0.000000E+0	35.043440E+0	4.721069E+0	22.134445E+3
73.400000E+0	5.000000E+0	0.000000E+0	34.431193E+0	5.097447E+0	22.141927E+3
73.500000E+0	5.000000E+0	0.000000E+0	34.282340E+0	5.162078E+0	22.149352E+3
73.600000E+0	5.000000E+0	0.000000E+0	34.139829E+0	5.212769E+0	22.156847E+3
73.700000E+0	5.000000E+0	0.000000E+0	33.975039E+0	5.267261E+0	22.164258E+3
73.800000E+0	5.000000E+0	0.000000E+0	34.269677E+0	5.064498E+0	22.171739E+3
73.900000E+0	5.000000E+0	0.000000E+0	34.126047E+0	5.131664E+0	22.179164E+3
74.000000E+0	5.000000E+0	0.000000E+0	34.859942E+0	4.713465E+0	22.186631E+3
74.100000E+0	5.000000E+0	0.000000E+0	35.131303E+0	4.613351E+0	22.194127E+3
74.200000E+0	5.000000E+0	0.000000E+0	35.111659E+0	4.686853E+0	22.201566E+3
74.300000E+0	5.000000E+0	0.000000E+0	35.111659E+0	5.200096E+0	22.209075E+3
74.400000E+0	5.000000E+0	0.000000E+0	34.256559E+0	5.273597E+0	22.216584E+3
74.500000E+0	5.000000E+0	0.000000E+0	34.060421E+0	5.315417E+0	22.224094E+3
74.600000E+0	5.000000E+0	0.000000E+0	33.740266E+0	5.350901E+0	22.231561E+3
74.700000E+0	5.000000E+0	0.000000E+0	34.105846E+0	5.096180E+0	22.239042E+3
74.800000E+0	5.000000E+0	0.000000E+0	34.015973E+0	5.129129E+0	22.246439E+3
74.900000E+0	5.000000E+0	0.000000E+0	34.858451E+0	4.652636E+0	22.253906E+3
75.000000E+0	5.000000E+0	0.000000E+0	34.841054E+0	4.718534E+0	22.261275E+3
75.100000E+0	5.000000E+0	0.000000E+0	35.021820E+0	4.666576E+0	22.268756E+3
75.200000E+0	5.000000E+0	0.000000E+0	34.215010E+0	5.157009E+0	22.276181E+3
75.300000E+0	5.000000E+0	0.000000E+0	34.134966E+0	5.174751E+0	22.283719E+3
75.400000E+0	5.000000E+0	0.000000E+0	33.850352E+0	5.300210E+0	22.291144E+3
75.500000E+0	5.000000E+0	0.000000E+0	33.654571E+0	5.357237E+0	22.298723E+3
75.600000E+0	5.000000E+0	0.000000E+0	33.884641E+0	5.174751E+0	22.306050E+3
75.700000E+0	5.000000E+0	0.000000E+0	33.768790E+0	5.208967E+0	22.313545E+3
75.800000E+0	5.000000E+0	0.000000E+0	34.399738E+0	4.833856E+0	22.320900E+3
75.900000E+0	5.000000E+0	0.000000E+0	34.459090E+0	4.828787E+0	22.328339E+3
76.000000E+0	5.000000E+0	0.000000E+0	35.370817E+0	4.363699E+0	22.335694E+3
76.100000E+0	5.000000E+0	0.000000E+0	34.659800E+0	4.851597E+0	22.343175E+3
76.200000E+0	5.000000E+0	0.000000E+0	34.688032E+0	4.860468E+0	22.350586E+3
76.300000E+0	5.000000E+0	0.000000E+0	34.097140E+0	5.202630E+0	22.358095E+3
76.400000E+0	5.000000E+0	0.000000E+0	33.984622E+0	5.230510E+0	22.365534E+3
76.500000E+0	5.000000E+0	0.000000E+0	33.994978E+0	5.187423E+0	22.373044E+3
76.600000E+0	5.000000E+0	0.000000E+0	33.833124E+0	5.244450E+0	22.380469E+3
76.700000E+0	5.000000E+0	0.000000E+0	34.272916E+0	4.966919E+0	22.387936E+3
76.800000E+0	5.000000E+0	0.000000E+0	34.271147E+0	4.973255E+0	22.395333E+3
76.900000E+0	5.000000E+0	0.000000E+0	35.153481E+0	4.500564E+0	22.402786E+3
77.000000E+0	5.000000E+0	0.000000E+0	35.179482E+0	4.567729E+0	22.410225E+3
77.100000E+0	5.000000E+0	0.000000E+0	34.653207E+0	4.922564E+0	22.417734E+3
77.200000E+0	5.000000E+0	0.000000E+0	33.978006E+0	5.300210E+0	22.425244E+3
77.300000E+0	5.000000E+0	0.000000E+0	33.978006E+0	5.345832E+0	22.432809E+3
77.400000E+0	5.000000E+0	0.000000E+0	33.803321E+0	5.252054E+0	22.440277E+3
77.500000E+0	5.000000E+0	0.000000E+0	33.872746E+0	5.312883E+0	22.447744E+3
77.600000E+0	5.000000E+0	0.000000E+0	33.684419E+0	4.944108E+0	22.455253E+3
77.700000E+0	5.000000E+0	0.000000E+0	34.272390E+0	4.984660E+0	22.462664E+3
77.800000E+0	5.000000E+0	0.000000E+0	34.214196E+0	4.402985E+0	22.470159E+3
77.900000E+0	5.000000E+0	0.000000E+0	34.433552E+0	4.965651E+0	22.477570E+3
78.000000E+0	5.000000E+0	0.000000E+0	34.324343E+0	5.030282E+0	22.485094E+3
78.100000E+0	5.000000E+0	0.000000E+0	33.750345E+0	5.335694E+0	22.492519E+3
78.200000E+0	5.000000E+0	0.000000E+0	33.729062E+0	5.292606E+0	22.500098E+3
78.300000E+0	5.000000E+0	0.000000E+0	33.727772E+0	5.245718E+0	22.507425E+3
78.400000E+0	5.000000E+0	0.000000E+0	33.571822E+0	5.290072E+0	22.514906E+3
78.500000E+0	5.000000E+0	0.000000E+0	33.913509E+0	5.058162E+0	22.522247E+3
78.600000E+0	5.000000E+0	0.000000E+0	33.799913E+0	5.110120E+0	22.529686E+3
78.700000E+0	5.000000E+0	0.000000E+0	34.638733E+0	4.638696E+0	22.537069E+3
78.800000E+0	5.000000E+0	0.000000E+0	34.548179E+0	4.746414E+0	22.544466E+3
78.900000E+0	5.000000E+0	0.000000E+0	35.639383E+0	4.197687E+0	22.551806E+3
79.000000E+0	5.000000E+0	0.000000E+0	34.652495E+0	4.861736E+0	22.559259E+3
79.100000E+0	5.000000E+0	0.000000E+0	34.527665E+0	4.951712E+0	22.566684E+3
79.200000E+0	5.000000E+0	0.000000E+0	34.153097E+0	5.162078E+0	22.574180E+3
79.300000E+0	5.000000E+0	0.000000E+0	34.005898E+0	5.215303E+0	22.581605E+3
79.400000E+0	5.000000E+0	0.000000E+0	34.058332E+0	5.151940E+0	22.589086E+3
79.500000E+0	5.000000E+0	0.000000E+0	33.928247E+0	5.197561E+0	22.596539E+3
79.600000E+0	5.000000E+0	0.000000E+0	34.363391E+0	4.930168E+0	22.603922E+3
79.700000E+0	5.000000E+0	0.000000E+0	34.267200E+0	4.993531E+0	22.611305E+3
79.800000E+0	5.000000E+0	0.000000E+0	35.117651E+0	4.534780E+0	22.618716E+3
79.900000E+0	5.000000E+0	0.000000E+0	35.220086E+0	4.555057E+0	22.626183E+3
80.000000E+0	5.000000E+0	0.000000E+0	35.105467E+0	4.689387E+0	22.633580E+3
80.100000E+0	5.000000E+0	0.000000E+0	34.244917E+0	5.205165E+0	22.641117E+3
80.200000E+0	5.000000E+0	0.000000E+0	34.051943E+0	5.276132E+0	22.648556E+3
80.300000E+0	5.000000E+0	0.000000E+0	33.947787E+0	5.287537E+0	22.656080E+3
80.400000E+0	5.000000E+0	0.000000E+0	33.741755E+0	5.352168E+0	22.663561E+3
80.500000E+0	5.000000E+0	0.000000E+0	34.074139E+0	5.115189E+0	22.670972E+3
80.600000E+0	5.000000E+0	0.000000E+0	33.896510E+0	5.192492E+0	22.678341E+3
80.700000E+0	5.000000E+0	0.000000E+0	34.588668E+0	4.786967E+0	22.685794E+3
80.800000E+0	5.000000E+0	0.000000E+0	34.617590E+0	4.805976E+0	22.693205E+3
80.900000E+0	5.000000E+0	0.000000E+0	35.573681E+0	4.320612E+0	22.700602E+3
81.000000E+0	5.000000E+0	0.000000E+0	34.465435E+0	5.030282E+0	22.708041E+3
81.100000E+0	5.000000E+0	0.000000E+0	34.491485E+0	5.011273E+0	22.715494E+3
81.200000E+0	5.000000E+0	0.000000E+0	33.892734E+0	5.333159E+0	22.722947E+3
81.300000E+0	5.000000E+0	0.000000E+0	33.855806E+0	5.298943E+0	22.730400E+3
81.400000E+0	5.000000E+0	0.000000E+0	33.983870E+0	5.181087E+0	22.737755E+3
81.500000E+0	5.000000E+0	0.000000E+0	33.690318E+0	5.310348E+0	22.745194E+3
81.600000E+0	5.000000E+0	0.000000E+0	34.004810E+0	5.089844E+0	22.752577E+3
81.700000E+0	5.000000E+0	0.000000E+0	33.841837E+0	5.163345E+0	22.759917E+3
81.800000E+0	5.000000E+0	0.000000E+0	34.273210E+0	4.903555E+0	22.767216E+3
81.900000E+0	5.000000E+0	0.000000E+0	34.110018E+0	5.007471E+0	22.774612E+3
82.000000E+0	5.000000E+0	0.000000E+0	34.846111E+0	4.608282E+0	22.781883E+3
82.100000E+0	5.000000E+0	0.000000E+0	34.750641E+0	4.723603E+0	22.789308E+3
82.200000E+0	5.000000E+0	0.000000E+0	35.839331E+0	4.179946E+0	22.796620E+3
82.300000E+0	5.000000E+0	0.000000E+0	34.766366E+0	4.893417E+0	22.804102E+3
82.400000E+0	5.000000E+0	0.000000E+0	34.606223E+0	4.997333E+0	22.811527E+3
82.500000E+0	5.000000E+0	0.000000E+0	34.164021E+0	5.236847E+0	22.819078E+3
82.600000E+0	5.000000E+0	0.000000E+0	33.994332E+0	5.290072E+0	22.826531E+3
82.700000E+0	5.000000E+0	0.000000E+0	34.232886E+0	5.113922E+0	22.834069E+3
82.800000E+0	5.000000E+0	0.000000E+0	34.132988E+0	5.149405E+0	22.841508E+3
82.900000E+0	5.000000E+0	0.000000E+0	34.833419E+0	4.746414E+0	22.849017E+3
83.000000E+0	5.000000E+0	0.000000E+0	35.094869E+0	4.646300E+0	22.856527E+3
83.100000E+0	5.000000E+0	0.000000E+0	35.030154E+0	4.738811E+0	22.863980E+3
83.200000E+0	5.000000E+0	0.000000E+0	34.262558E+0	5.196294E+0	22.871503E+3
83.300000E+0	5.000000E+0	0.000000E+0	34.013654E+0	5.298943E+0	22.878998E+3
83.400000E+0	5.000000E+0	0.000000E+0	33.987018E+0	5.264727E+0	22.886508E+3
83.500000E+0	5.000000E+0	0.000000E+0	33.719874E+0	5.366108E+0	22.893961E+3
83.600000E+0	5.000000E+0	0.000000E+0	34.132447E+0	5.083507E+0	22.901428E+3
83.700000E+0	5.000000E+0	0.000000E+0	33.983099E+0	5.150673E+0	22.908811E+3
83.800000E+0	5.000000E+0	0.000000E+0	34.758155E+0	4.707129E+0	22.916264E+3
83.900000E+0	5.000000E+0	0.000000E+0	34.736085E+0	4.766690E+0	22.923633E+3
84.000000E+0	5.000000E+0	0.000000E+0	35.720401E+0	4.272456E+0	22.931086E+3
84.100000E+0	5.000000E+0	0.000000E+0	34.460221E+0	5.072102E+0	22.938497E+3
84.200000E+0	5.000000E+0	0.000000E+0	34.368215E+0	5.110120E+0	22.946006E+3
84.300000E+0	5.000000E+0	0.000000E+0	34.018659E+0	5.281201E+0	22.953502E+3
84.400000E+0	5.000000E+0	0.000000E+0	33.891883E+0	5.304012E+0	22.960941E+3
84.500000E+0	5.000000E+0	0.000000E+0	33.910601E+0	5.244450E+0	22.968323E+3
84.600000E+0	5.000000E+0	0.000000E+0	33.860510E+0	5.231778E+0	22.975833E+3
84.700000E+0	5.000000E+0	0.000000E+0	34.301770E+0	4.955513E+0	22.983145E+3
84.800000E+0	5.000000E+0	0.000000E+0	34.085445E+0	5.079706E+0	22.990584E+3
84.900000E+0	5.000000E+0	0.000000E+0	34.945134E+0	4.601946E+0	22.997897E+3
85.000000E+0	5.000000E+0	0.000000E+0	34.844539E+0	4.721069E+0	23.005280E+3
85.100000E+0	5.000000E+0	0.000000E+0	35.791011E+0	4.254714E+0	23.012634E+3
85.200000E+0	5.000000E+0	0.000000E+0	34.749466E+0	4.939039E+0	23.020130E+3
85.300000E+0	5.000000E+0	0.000000E+0	34.549817E+0	5.056895E+0	23.027569E+3
85.400000E+0	5.000000E+0	0.000000E+0	34.239711E+0	5.215303E+0	23.035092E+3
85.500000E+0	5.000000E+0	0.000000E+0	34.071814E+0	5.271063E+0	23.042545E+3
85.600000E+0	5.000000E+0	0.000000E+0	34.287959E+0	5.110120E+0	23.050041E+3
85.700000E+0	5.000000E+0	0.000000E+0	34.149357E+0	5.167147E+0	23.057480E+3
85.800000E+0	5.000000E+0	0.000000E+0	34.832732E+0	4.770492E+0	23.064947E+3
85.900000E+0	5.000000E+0	0.000000E+0	34.899424E+0	4.771760E+0	23.072372E+3
86.000000E+0	5.000000E+0	0.000000E+0	35.954877E+0	4.238240E+0	23.079895E+3
86.100000E+0	5.000000E+0	0.000000E+0	34.606544E+0	5.091111E+0	23.087391E+3
86.200000E+0	5.000000E+0	0.000000E+0	34.333024E+0	5.224174E+0	23.094900E+3
86.300000E+0	5.000000E+0	0.000000E+0	34.089797E+0	5.319219E+0	23.102353E+3
86.400000E+0	5.000000E+0	0.000000E+0	33.902363E+0	5.368643E+0	23.109905E+3
86.500000E+0	5.000000E+0	0.000000E+0	34.250887E+0	5.120258E+0	23.117358E+3
86.600000E+0	5.000000E+0	0.000000E+0	34.090485E+0	5.187423E+0	23.124755E+3
86.700000E+0	5.000000E+0	0.000000E+0	34.868550E+0	4.736276E+0	23.132222E+3
86.800000E+0	5.000000E+0	0.000000E+0	34.821305E+0	4.804708E+0	23.139619E+3
86.900000E+0	5.000000E+0	0.000000E+0	35.730898E+0	4.344690E+0	23.147100E+3
87.000000E+0	5.000000E+0	0.000000E+0	34.519309E+0	5.106318E+0	23.154525E+3
87.100000E+0	5.000000E+0	0.000000E+0	34.325596E+0	5.193760E+0	23.162062E+3
87.200000E+0	5.000000E+0	0.000000E+0	34.056359E+0	5.307814E+0	23.169502E+3
87.300000E+0	5.000000E+0	0.000000E+0	33.907514E+0	5.338228E+0	23.177011E+3
87.400000E+0	5.000000E+0	0.000000E+0	33.907514E+0	5.198829E+0	23.184408E+3
87.500000E+0	5.000000E+0	0.000000E+0	34.063608E+0	5.259658E+0	23.191889E+3
87.600000E+0	5.000000E+0	0.000000E+0	33.891292E+0	4.917495E+0	23.199216E+3
87.700000E+0	5.000000E+0	0.000000E+0	34.446050E+0	5.030282E+0	23.206655E+3
87.800000E+0	5.000000E+0	0.000000E+0	35.497779E+0	4.357363E+0	23.214066E+3
87.900000E+0	5.000000E+0	0.000000E+0	35.231673E+0	4.605747E+0	23.221434E+3
88.000000E+0	5.000000E+0	0.000000E+0	35.174468E+0	4.700793E+0	23.228817E+3
88.100000E+0	5.000000E+0	0.000000E+0	34.394869E+0	5.170949E+0	23.236411E+3
88.200000E+0	5.000000E+0	0.000000E+0	34.380951E+0	5.150673E+0	23.243766E+3
88.300000E+0	5.000000E+0	0.000000E+0	34.155145E+0	5.248252E+0	23.251289E+3
88.400000E+0	5.000000E+0	0.000000E+0	34.057031E+0	5.260925E+0	23.258700E+3
88.500000E+0	5.000000E+0	0.000000E+0	34.477804E+0	4.990997E+0	23.266266E+3
88.600000E+0	5.000000E+0	0.000000E+0	34.229711E+0	5.126594E+0	23.273578E+3
88.700000E+0	5.000000E+0	0.000000E+0	34.997946E+0	4.690654E+0	23.281045E+3
88.800000E+0	5.000000E+0	0.000000E+0	35.154283E+0	4.656438E+0	23.288456E+3
88.900000E+0	5.000000E+0	0.000000E+0	35.327945E+0	4.618420E+0	23.295923E+3
89.000000E+0	5.000000E+0	0.000000E+0	34.523900E+0	5.115189E+0	23.303419E+3
89.100000E+0	5.000000E+0	0.000000E+0	34.224387E+0	5.258390E+0	23.310942E+3
89.200000E+0	5.000000E+0	0.000000E+0	34.043530E+0	5.314150E+0	23.318452E+3
89.300000E+0	5.000000E+0	0.000000E+0	33.859964E+0	5.362306E+0	23.325947E+3
89.400000E+0	5.000000E+0	0.000000E+0	34.193986E+0	5.122793E+0	23.333428E+3
89.500000E+0	5.000000E+0	0.000000E+0	34.140643E+0	5.131664E+0	23.340867E+3
89.600000E+0	5.000000E+0	0.000000E+0	35.045645E+0	4.620955E+0	23.348348E+3
89.700000E+0	5.000000E+0	0.000000E+0	35.044809E+0	4.683051E+0	23.355759E+3
89.800000E+0	5.000000E+0	0.000000E+0	34.793245E+0	4.870606E+0	23.363311E+3
89.900000E+0	5.000000E+0	0.000000E+0	33.981317E+0	5.330625E+0	23.370820E+3
90.000000E+0	5.000000E+0	0.000000E+0	33.935775E+0	5.301477E+0	23.378302E+3
90.100000E+0	5.000000E+0	0.000000E+0	33.955256E+0	5.241916E+0	23.385741E+3
90.200000E+0	5.000000E+0	0.000000E+0	33.744195E+0	5.316685E+0	23.393236E+3
90.300000E+0	5.000000E+0	0.000000E+0	34.084909E+0	5.080973E+0	23.400619E+3
90.400000E+0	5.000000E+0	0.000000E+0	33.919916E+0	5.157009E+0	23.408072E+3
90.500000E+0	5.000000E+0	0.000000E+0	34.721194E+0	4.698258E+0	23.415413E+3
90.600000E+0	5.000000E+0	0.000000E+0	34.790862E+0	4.709663E+0	23.422866E+3
90.700000E+0	5.000000E+0	0.000000E+0	35.813427E+0	4.204024E+0	23.430234E+3
90.800000E+0	5.000000E+0	0.000000E+0	34.775410E+0	4.894684E+0	23.437716E+3
90.900000E+0	5.000000E+0	0.000000E+0	34.525816E+0	5.046757E+0	23.445141E+3
91.000000E+0	5.000000E+0	0.000000E+0	34.223448E+0	5.202630E+0	23.452678E+3
91.100000E+0	5.000000E+0	0.000000E+0	34.033580E+0	5.272330E+0	23.460117E+3
91.200000E+0	5.000000E+0	0.000000E+0	34.270438E+0	5.099982E+0	23.467683E+3
91.300000E+0	5.000000E+0	0.000000E+0	34.130199E+0	5.159543E+0	23.475052E+3
91.400000E+0	5.000000E+0	0.000000E+0	34.851020E+0	4.743880E+0	23.482519E+3
91.500000E+0	5.000000E+0	0.000000E+0	34.780393E+0	4.823717E+0	23.489930E+3
91.600000E+0	5.000000E+0	0.000000E+0	35.925694E+0	4.233171E+0	23.497411E+3
91.700000E+0	5.000000E+0	0.000000E+0	34.614045E+0	5.067033E+0	23.504906E+3
91.800000E+0	5.000000E+0	0.000000E+0	34.401678E+0	5.170949E+0	23.512430E+3
91.900000E+0	5.000000E+0	0.000000E+0	34.090080E+0	5.311615E+0	23.520009E+3
92.000000E+0	5.000000E+0	0.000000E+0	33.851022E+0	5.390186E+0	23.527448E+3
92.100000E+0	5.000000E+0	0.000000E+0	34.146187E+0	5.167147E+0	23.534972E+3
92.200000E+0	5.000000E+0	0.000000E+0	34.102941E+0	5.163345E+0	23.542397E+3
92.300000E+0	5.000000E+0	0.000000E+0	34.946847E+0	4.680516E+0	23.549906E+3
92.400000E+0	5.000000E+0	0.000000E+0	34.911687E+0	4.751483E+0	23.557275E+3
92.500000E+0	5.000000E+0	0.000000E+0	34.951282E+0	4.770492E+0	23.564855E+3
92.600000E+0	5.000000E+0	0.000000E+0	34.242130E+0	5.191225E+0	23.572223E+3
92.700000E+0	5.000000E+0	0.000000E+0	34.149451E+0	5.210234E+0	23.579747E+3
92.800000E+0	5.000000E+0	0.000000E+0	33.882290E+0	5.320486E+0	23.587158E+3
92.900000E+0	5.000000E+0	0.000000E+0	33.818703E+0	5.302745E+0	23.594653E+3
93.000000E+0	5.000000E+0	0.000000E+0	34.030005E+0	5.139267E+0	23.602022E+3
93.100000E+0	5.000000E+0	0.000000E+0	33.812318E+0	5.234312E+0	23.609475E+3
93.200000E+0	5.000000E+0	0.000000E+0	34.337197E+0	4.912426E+0	23.616802E+3
93.300000E+0	5.000000E+0	0.000000E+0	34.365883E+0	4.911159E+0	23.624241E+3
93.400000E+0	5.000000E+0	0.000000E+0	35.147355E+0	4.503099E+0	23.631567E+3
93.500000E+0	5.000000E+0	0.000000E+0	35.186658E+0	4.562660E+0	23.639062E+3
93.600000E+0	5.000000E+0	0.000000E+0	35.121319E+0	4.669111E+0	23.646389E+3
93.700000E+0	0.000000E+0	0.000000E+0	100.000000E-3	5.072102E+0	23.653898E+3
