t [s] || setpoint speed [rot. s^-1] || setpoint pos [°] || duty cycle [%] || Ang Speed [rot. s^-1] ||
Ang Pos [°]
0,000000E+0	10,000000E+0	0,000000E+0	100,000000E-3	-14,711454E-3	23,691811E+3
100,000000E-3	10,000000E+0	0,000000E+0	100,000000E-3	-29,918674E-3	23,691811E+3
200,000000E-3	10,000000E+0	0,000000E+0	100,000000E-3	-42,591357E-3	23,691811E+3
300,000000E-3	10,000000E+0	0,000000E+0	100,000000E-3	-10,909649E-3	23,691811E+3
400,000000E-3	10,000000E+0	0,000000E+0	100,000000E-3	-41,324089E-3	23,691811E+3
500,000000E-3	10,000000E+0	0,000000E+0	100,000000E-3	-17,245991E-3	23,691811E+3
600,000000E-3	10,000000E+0	0,000000E+0	100,000000E-3	-12,176917E-3	23,691811E+3
700,000000E-3	10,000000E+0	0,000000E+0	100,000000E-3	-13,444186E-3	23,691811E+3
800,000000E-3	10,000000E+0	0,000000E+0	100,000000E-3	-32,453211E-3	23,691811E+3
900,000000E-3	10,000000E+0	0,000000E+0	100,000000E-3	-31,185942E-3	23,691811E+3
1,000000E+0	10,000000E+0	0,000000E+0	100,000000E-3	-36,255016E-3	23,691811E+3
1,100000E+0	10,000000E+0	0,000000E+0	100,000000E-3	-13,444186E-3	23,691811E+3
1,200000E+0	10,000000E+0	0,000000E+0	3,084433E+0	-28,651406E-3	23,691811E+3
1,300000E+0	10,000000E+0	0,000000E+0	9,086323E+0	-22,315064E-3	23,691839E+3
1,400000E+0	10,000000E+0	0,000000E+0	12,054156E+0	3,030303E-3	23,691867E+3
1,500000E+0	10,000000E+0	0,000000E+0	14,972175E+0	51,186499E-3	23,691937E+3
1,600000E+0	10,000000E+0	0,000000E+0	17,849925E+0	113,282646E-3	23,692078E+3
1,700000E+0	10,000000E+0	0,000000E+0	20,610551E+0	228,604060E-3	23,692331E+3
1,800000E+0	10,000000E+0	0,000000E+0	23,123190E+0	459,246884E-3	23,692852E+3
1,900000E+0	10,000000E+0	0,000000E+0	25,685993E+0	625,259022E-3	23,693723E+3
2,000000E+0	10,000000E+0	0,000000E+0	27,936337E+0	933,205191E-3	23,694905E+3
2,100000E+0	10,000000E+0	0,000000E+0	30,361261E+0	1,096683E+0	23,696466E+3
2,200000E+0	10,000000E+0	0,000000E+0	32,347917E+0	1,470527E+0	23,698491E+3
2,300000E+0	10,000000E+0	0,000000E+0	34,191649E+0	1,860845E+0	23,701036E+3
2,400000E+0	10,000000E+0	0,000000E+0	36,086737E+0	2,159921E+0	23,704088E+3
2,500000E+0	10,000000E+0	0,000000E+0	37,469955E+0	2,687104E+0	23,707716E+3
2,600000E+0	10,000000E+0	0,000000E+0	39,001651E+0	3,048275E+0	23,711836E+3
2,700000E+0	10,000000E+0	0,000000E+0	40,255944E+0	3,500690E+0	23,716505E+3
2,800000E+0	10,000000E+0	0,000000E+0	41,678862E+0	3,788360E+0	23,721694E+3
2,900000E+0	10,000000E+0	0,000000E+0	43,622330E+0	3,747807E+0	23,727431E+3
3,000000E+0	10,000000E+0	0,000000E+0	44,084907E+0	4,514504E+0	23,733577E+3
3,100000E+0	10,000000E+0	0,000000E+0	45,214590E+0	4,795838E+0	23,740383E+3
3,200000E+0	10,000000E+0	0,000000E+0	46,287775E+0	5,061964E+0	23,747583E+3
3,300000E+0	10,000000E+0	0,000000E+0	46,856656E+0	5,557465E+0	23,755359E+3
3,400000E+0	10,000000E+0	0,000000E+0	48,471899E+0	5,406661E+0	23,763558E+3
3,500000E+0	10,000000E+0	0,000000E+0	48,011241E+0	6,402733E+0	23,772248E+3
3,600000E+0	10,000000E+0	0,000000E+0	48,947974E+0	6,481303E+0	23,781375E+3
3,700000E+0	10,000000E+0	0,000000E+0	49,818883E+0	6,582685E+0	23,790811E+3
3,800000E+0	10,000000E+0	0,000000E+0	49,817823E+0	7,139015E+0	23,800697E+3
3,900000E+0	10,000000E+0	0,000000E+0	50,197900E+0	7,398805E+0	23,811061E+3
4,000000E+0	10,000000E+0	0,000000E+0	51,941354E+0	6,879225E+0	23,821552E+3
4,100000E+0	10,000000E+0	0,000000E+0	51,138538E+0	7,820805E+0	23,832380E+3
4,200000E+0	10,000000E+0	0,000000E+0	51,805759E+0	7,814469E+0	23,843630E+3
4,300000E+0	10,000000E+0	0,000000E+0	53,499187E+0	7,254336E+0	23,855161E+3
4,400000E+0	10,000000E+0	0,000000E+0	54,078970E+0	7,387399E+0	23,866833E+3
4,500000E+0	10,000000E+0	0,000000E+0	54,367925E+0	7,656060E+0	23,878913E+3
4,600000E+0	10,000000E+0	0,000000E+0	53,976019E+0	8,249141E+0	23,891344E+3
4,700000E+0	10,000000E+0	0,000000E+0	52,761132E+0	9,190721E+0	23,904028E+3
4,800000E+0	10,000000E+0	0,000000E+0	53,588204E+0	8,875171E+0	23,916966E+3
4,900000E+0	10,000000E+0	0,000000E+0	53,617153E+0	9,042450E+0	23,930058E+3
5,000000E+0	10,000000E+0	0,000000E+0	54,589613E+0	8,672408E+0	23,943347E+3
5,100000E+0	10,000000E+0	0,000000E+0	53,613062E+0	9,416294E+0	23,956791E+3
5,200000E+0	10,000000E+0	0,000000E+0	55,096557E+0	8,709159E+0	23,970403E+3
5,300000E+0	10,000000E+0	0,000000E+0	53,888621E+0	9,572168E+0	23,984170E+3
5,400000E+0	10,000000E+0	0,000000E+0	53,276629E+0	9,972624E+0	23,998064E+3
5,500000E+0	10,000000E+0	0,000000E+0	53,263768E+0	9,984030E+0	24,012056E+3
5,600000E+0	10,000000E+0	0,000000E+0	53,737359E+0	9,730576E+0	24,026105E+3
5,700000E+0	10,000000E+0	0,000000E+0	54,516895E+0	9,352931E+0	24,040223E+3
5,800000E+0	10,000000E+0	0,000000E+0	55,538943E+0	8,905586E+0	24,054413E+3
5,900000E+0	10,000000E+0	0,000000E+0	56,843221E+0	8,378402E+0	24,068714E+3
6,000000E+0	10,000000E+0	0,000000E+0	55,776967E+0	9,218601E+0	24,083255E+3
6,100000E+0	10,000000E+0	0,000000E+0	55,369774E+0	9,565832E+0	24,097781E+3
6,200000E+0	10,000000E+0	0,000000E+0	54,337779E+0	10,194396E+0	24,112491E+3
6,300000E+0	10,000000E+0	0,000000E+0	53,688632E+0	10,513747E+0	24,127256E+3
6,400000E+0	10,000000E+0	0,000000E+0	53,414556E+0	10,578378E+0	24,142036E+3
6,500000E+0	10,000000E+0	0,000000E+0	53,669520E+0	10,346468E+0	24,156816E+3
6,600000E+0	10,000000E+0	0,000000E+0	54,486470E+0	9,848432E+0	24,171581E+3
6,700000E+0	10,000000E+0	0,000000E+0	55,711062E+0	9,210997E+0	24,186347E+3
6,800000E+0	10,000000E+0	0,000000E+0	54,246696E+0	10,131033E+0	24,201169E+3
6,900000E+0	10,000000E+0	0,000000E+0	53,757245E+0	10,374348E+0	24,216131E+3
7,000000E+0	10,000000E+0	0,000000E+0	54,017327E+0	10,172853E+0	24,230939E+3
7,100000E+0	10,000000E+0	0,000000E+0	55,095111E+0	9,562030E+0	24,245817E+3
7,200000E+0	10,000000E+0	0,000000E+0	57,336396E+0	8,421490E+0	24,260695E+3
7,300000E+0	10,000000E+0	0,000000E+0	54,440630E+0	10,243820E+0	24,275602E+3
7,400000E+0	10,000000E+0	0,000000E+0	53,333613E+0	10,802684E+0	24,290648E+3
7,500000E+0	10,000000E+0	0,000000E+0	53,776595E+0	10,432642E+0	24,305681E+3
7,600000E+0	10,000000E+0	0,000000E+0	55,205175E+0	9,589910E+0	24,320728E+3
7,700000E+0	10,000000E+0	0,000000E+0	53,207267E+0	10,736786E+0	24,335691E+3
7,800000E+0	10,000000E+0	0,000000E+0	53,154405E+0	10,645543E+0	24,350681E+3
7,900000E+0	10,000000E+0	0,000000E+0	54,202512E+0	9,973892E+0	24,365672E+3
8,000000E+0	10,000000E+0	0,000000E+0	56,615245E+0	8,673676E+0	24,380592E+3
8,100000E+0	10,000000E+0	0,000000E+0	54,393682E+0	10,090480E+0	24,395583E+3
8,200000E+0	10,000000E+0	0,000000E+0	53,335133E+0	10,648078E+0	24,410616E+3
8,300000E+0	10,000000E+0	0,000000E+0	53,897283E+0	10,238750E+0	24,425677E+3
8,400000E+0	10,000000E+0	0,000000E+0	55,946730E+0	9,091874E+0	24,440667E+3
8,500000E+0	10,000000E+0	0,000000E+0	53,500927E+0	10,561904E+0	24,455714E+3
8,600000E+0	10,000000E+0	0,000000E+0	53,315499E+0	10,570774E+0	24,470761E+3
8,700000E+0	10,000000E+0	0,000000E+0	54,700184E+0	9,729309E+0	24,485836E+3
8,800000E+0	10,000000E+0	0,000000E+0	54,952715E+0	9,636799E+0	24,500911E+3
8,900000E+0	10,000000E+0	0,000000E+0	53,304014E+0	10,587249E+0	24,515817E+3
9,000000E+0	10,000000E+0	0,000000E+0	52,855472E+0	10,734252E+0	24,530836E+3
9,100000E+0	10,000000E+0	0,000000E+0	53,583904E+0	10,221009E+0	24,545827E+3
9,200000E+0	10,000000E+0	0,000000E+0	54,614387E+0	9,627928E+0	24,560859E+3
9,300000E+0	10,000000E+0	0,000000E+0	53,399638E+0	10,345201E+0	24,575695E+3
9,400000E+0	10,000000E+0	0,000000E+0	53,248923E+0	10,370546E+0	24,590630E+3
9,500000E+0	10,000000E+0	0,000000E+0	53,842988E+0	9,989099E+0	24,605536E+3
9,600000E+0	10,000000E+0	0,000000E+0	55,479991E+0	9,105814E+0	24,620400E+3
9,700000E+0	10,000000E+0	0,000000E+0	54,748101E+0	9,646937E+0	24,635320E+3
9,800000E+0	10,000000E+0	0,000000E+0	53,274489E+0	10,501075E+0	24,650227E+3
9,900000E+0	10,000000E+0	0,000000E+0	53,274489E+0	10,758330E+0	24,665217E+3
10,000000E+0	10,000000E+0	0,000000E+0	52,647946E+0	10,313519E+0	24,680123E+3
10,100000E+0	10,000000E+0	0,000000E+0	53,242562E+0	9,341525E+0	24,695002E+3
10,200000E+0	10,000000E+0	0,000000E+0	54,946056E+0	10,360408E+0	24,709894E+3
10,300000E+0	10,000000E+0	0,000000E+0	53,259599E+0	10,598654E+0	24,724814E+3
10,400000E+0	10,000000E+0	0,000000E+0	52,710528E+0	10,446582E+0	24,739678E+3
10,500000E+0	10,000000E+0	0,000000E+0	52,811726E+0	9,843363E+0	24,754486E+3
10,600000E+0	10,000000E+0	0,000000E+0	53,793108E+0	8,762384E+0	24,769308E+3
10,700000E+0	10,000000E+0	0,000000E+0	55,839602E+0	9,616522E+0	24,784172E+3
10,800000E+0	10,000000E+0	0,000000E+0	54,632064E+0	10,345201E+0	24,799092E+3
10,900000E+0	10,000000E+0	0,000000E+0	53,019229E+0	10,494738E+0	24,814139E+3
11,000000E+0	10,000000E+0	0,000000E+0	53,648599E+0	10,074006E+0	24,828933E+3
11,100000E+0	10,000000E+0	0,000000E+0	55,290533E+0	9,174246E+0	24,843797E+3
11,200000E+0	10,000000E+0	0,000000E+0	53,462192E+0	10,297045E+0	24,858689E+3
11,300000E+0	10,000000E+0	0,000000E+0	52,824359E+0	10,593585E+0	24,873609E+3
11,400000E+0	10,000000E+0	0,000000E+0	53,116940E+0	10,338865E+0	24,888516E+3
11,500000E+0	10,000000E+0	0,000000E+0	53,983056E+0	9,815483E+0	24,903338E+3
11,600000E+0	10,000000E+0	0,000000E+0	55,850422E+0	8,835886E+0	24,918173E+3
11,700000E+0	10,000000E+0	0,000000E+0	54,269183E+0	9,880114E+0	24,933052E+3
11,800000E+0	10,000000E+0	0,000000E+0	53,062958E+0	10,551765E+0	24,947972E+3
11,900000E+0	10,000000E+0	0,000000E+0	52,683689E+0	10,667087E+0	24,962892E+3
12,000000E+0	10,000000E+0	0,000000E+0	53,502642E+0	10,115826E+0	24,977869E+3
12,100000E+0	10,000000E+0	0,000000E+0	54,773374E+0	9,409958E+0	24,992578E+3
12,200000E+0	10,000000E+0	0,000000E+0	54,146889E+0	9,844630E+0	25,007400E+3
12,300000E+0	10,000000E+0	0,000000E+0	53,087286E+0	10,442780E+0	25,022264E+3
12,400000E+0	10,000000E+0	0,000000E+0	53,218962E+0	10,299579E+0	25,037142E+3
12,500000E+0	10,000000E+0	0,000000E+0	53,993761E+0	9,831958E+0	25,051992E+3
12,600000E+0	10,000000E+0	0,000000E+0	55,532709E+0	9,027243E+0	25,066814E+3
12,700000E+0	10,000000E+0	0,000000E+0	54,960401E+0	9,494865E+0	25,081678E+3
12,800000E+0	10,000000E+0	0,000000E+0	53,373144E+0	10,435177E+0	25,096570E+3
12,900000E+0	10,000000E+0	0,000000E+0	52,705482E+0	10,725381E+0	25,111519E+3
13,000000E+0	10,000000E+0	0,000000E+0	53,162341E+0	10,360408E+0	25,126425E+3
13,100000E+0	10,000000E+0	0,000000E+0	54,509515E+0	9,573435E+0	25,141289E+3
13,200000E+0	10,000000E+0	0,000000E+0	53,690875E+0	10,085411E+0	25,156111E+3
13,300000E+0	10,000000E+0	0,000000E+0	52,673698E+0	10,621465E+0	25,171088E+3
13,400000E+0	10,000000E+0	0,000000E+0	52,634429E+0	10,541627E+0	25,185839E+3
13,500000E+0	10,000000E+0	0,000000E+0	53,181721E+0	10,157645E+0	25,200689E+3
13,600000E+0	10,000000E+0	0,000000E+0	54,585198E+0	9,373207E+0	25,215483E+3
13,700000E+0	10,000000E+0	0,000000E+0	55,854293E+0	8,788997E+0	25,230277E+3
13,800000E+0	10,000000E+0	0,000000E+0	54,223872E+0	9,867441E+0	25,245098E+3
13,900000E+0	10,000000E+0	0,000000E+0	53,206630E+0	10,438979E+0	25,260019E+3
14,000000E+0	10,000000E+0	0,000000E+0	52,948012E+0	10,507411E+0	25,274911E+3
14,100000E+0	10,000000E+0	0,000000E+0	53,852499E+0	9,935874E+0	25,289803E+3
14,200000E+0	10,000000E+0	0,000000E+0	55,512544E+0	9,048787E+0	25,304639E+3
14,300000E+0	10,000000E+0	0,000000E+0	53,412541E+0	10,338865E+0	25,319545E+3
14,400000E+0	10,000000E+0	0,000000E+0	52,743378E+0	10,645543E+0	25,334466E+3
14,500000E+0	10,000000E+0	0,000000E+0	53,083616E+0	10,356606E+0	25,349386E+3
14,600000E+0	10,000000E+0	0,000000E+0	54,453029E+0	9,558228E+0	25,364292E+3
14,700000E+0	10,000000E+0	0,000000E+0	55,600839E+0	9,009501E+0	25,379156E+3
14,800000E+0	10,000000E+0	0,000000E+0	53,507965E+0	10,302114E+0	25,394048E+3
14,900000E+0	10,000000E+0	0,000000E+0	52,608431E+0	10,739321E+0	25,409011E+3
15,000000E+0	10,000000E+0	0,000000E+0	52,911085E+0	10,455453E+0	25,424030E+3
15,100000E+0	10,000000E+0	0,000000E+0	53,819481E+0	9,890252E+0	25,438795E+3
15,200000E+0	10,000000E+0	0,000000E+0	54,028288E+0	9,795207E+0	25,453758E+3
15,300000E+0	10,000000E+0	0,000000E+0	54,028288E+0	10,290708E+0	25,468495E+3
15,400000E+0	10,000000E+0	0,000000E+0	52,978144E+0	10,349003E+0	25,483331E+3
15,500000E+0	10,000000E+0	0,000000E+0	53,377111E+0	10,076540E+0	25,498209E+3
15,600000E+0	10,000000E+0	0,000000E+0	54,195561E+0	9,621591E+0	25,512975E+3
15,700000E+0	10,000000E+0	0,000000E+0	56,215007E+0	8,591303E+0	25,527825E+3
15,800000E+0	10,000000E+0	0,000000E+0	54,058068E+0	9,986564E+0	25,542675E+3
15,900000E+0	10,000000E+0	0,000000E+0	52,765913E+0	10,687363E+0	25,557652E+3
16,000000E+0	10,000000E+0	0,000000E+0	52,545090E+0	10,694967E+0	25,572572E+3
16,100000E+0	10,000000E+0	0,000000E+0	53,622866E+0	9,999237E+0	25,587478E+3
16,200000E+0	10,000000E+0	0,000000E+0	55,059929E+0	9,222402E+0	25,602286E+3
16,300000E+0	10,000000E+0	0,000000E+0	52,992084E+0	10,466859E+0	25,617164E+3
16,400000E+0	10,000000E+0	0,000000E+0	52,654762E+0	10,573309E+0	25,632042E+3
16,500000E+0	10,000000E+0	0,000000E+0	52,843277E+0	10,378150E+0	25,646892E+3
16,600000E+0	10,000000E+0	0,000000E+0	53,833524E+0	9,781267E+0	25,661714E+3
16,700000E+0	10,000000E+0	0,000000E+0	55,938544E+0	8,678745E+0	25,676550E+3
16,800000E+0	10,000000E+0	0,000000E+0	54,636623E+0	9,597513E+0	25,691358E+3
16,900000E+0	10,000000E+0	0,000000E+0	53,304450E+0	10,383219E+0	25,706306E+3
17,000000E+0	10,000000E+0	0,000000E+0	52,973536E+0	10,499807E+0	25,721367E+3
17,100000E+0	10,000000E+0	0,000000E+0	53,702170E+0	10,024582E+0	25,736203E+3
17,200000E+0	10,000000E+0	0,000000E+0	55,675402E+0	8,953742E+0	25,751109E+3
17,300000E+0	10,000000E+0	0,000000E+0	53,076603E+0	10,528955E+0	25,766128E+3
17,400000E+0	10,000000E+0	0,000000E+0	52,729979E+0	10,630336E+0	25,781006E+3
17,500000E+0	10,000000E+0	0,000000E+0	53,417006E+0	10,156378E+0	25,795941E+3
17,600000E+0	10,000000E+0	0,000000E+0	55,198238E+0	9,167910E+0	25,810847E+3
17,700000E+0	10,000000E+0	0,000000E+0	54,440638E+0	9,712835E+0	25,825767E+3
17,800000E+0	10,000000E+0	0,000000E+0	52,982363E+0	10,547964E+0	25,840716E+3
17,900000E+0	10,000000E+0	0,000000E+0	52,522200E+0	10,707639E+0	25,855692E+3
18,000000E+0	10,000000E+0	0,000000E+0	53,160191E+0	10,247621E+0	25,870598E+3
18,100000E+0	10,000000E+0	0,000000E+0	55,150715E+0	9,131159E+0	25,885477E+3
18,200000E+0	10,000000E+0	0,000000E+0	53,187666E+0	10,333795E+0	25,900481E+3
18,300000E+0	10,000000E+0	0,000000E+0	52,937248E+0	10,414901E+0	25,915289E+3
18,400000E+0	10,000000E+0	0,000000E+0	53,229667E+0	10,189327E+0	25,930153E+3
18,500000E+0	10,000000E+0	0,000000E+0	54,780658E+0	9,319982E+0	25,945116E+3
18,600000E+0	10,000000E+0	0,000000E+0	56,696282E+0	8,394877E+0	25,959881E+3
18,700000E+0	10,000000E+0	0,000000E+0	53,820241E+0	10,210871E+0	25,974802E+3
18,800000E+0	10,000000E+0	0,000000E+0	52,765326E+0	10,746925E+0	25,989905E+3
18,900000E+0	10,000000E+0	0,000000E+0	53,140699E+0	10,422504E+0	26,004825E+3
19,000000E+0	10,000000E+0	0,000000E+0	54,565296E+0	9,583573E+0	26,019717E+3
19,100000E+0	10,000000E+0	0,000000E+0	53,016986E+0	10,488402E+0	26,034764E+3
19,200000E+0	10,000000E+0	0,000000E+0	52,614585E+0	10,626534E+0	26,049586E+3
19,300000E+0	10,000000E+0	0,000000E+0	52,885535E+0	10,378150E+0	26,064506E+3
19,400000E+0	10,000000E+0	0,000000E+0	53,932037E+0	9,750853E+0	26,079342E+3
19,500000E+0	10,000000E+0	0,000000E+0	56,135275E+0	8,600174E+0	26,094192E+3
19,600000E+0	10,000000E+0	0,000000E+0	54,210062E+0	9,868709E+0	26,109070E+3
19,700000E+0	10,000000E+0	0,000000E+0	53,089305E+0	10,496006E+0	26,124033E+3
19,800000E+0	10,000000E+0	0,000000E+0	53,104183E+0	10,407297E+0	26,139108E+3
19,900000E+0	10,000000E+0	0,000000E+0	54,078630E+0	9,814216E+0	26,153916E+3
20,000000E+0	10,000000E+0	0,000000E+0	54,099355E+0	9,833225E+0	26,168836E+3
20,100000E+0	10,000000E+0	0,000000E+0	52,911922E+0	10,502342E+0	26,183770E+3
20,200000E+0	10,000000E+0	0,000000E+0	52,910830E+0	10,421237E+0	26,198817E+3
20,300000E+0	10,000000E+0	0,000000E+0	53,801390E+0	9,871243E+0	26,213709E+3
20,400000E+0	10,000000E+0	0,000000E+0	55,080063E+0	9,200859E+0	26,228433E+3
20,500000E+0	10,000000E+0	0,000000E+0	54,600856E+0	9,589910E+0	26,243311E+3
20,600000E+0	10,000000E+0	0,000000E+0	53,137366E+0	10,447850E+0	26,258175E+3
20,700000E+0	10,000000E+0	0,000000E+0	52,573712E+0	10,679759E+0	26,273180E+3
20,800000E+0	10,000000E+0	0,000000E+0	52,821620E+0	10,435177E+0	26,288016E+3
20,900000E+0	10,000000E+0	0,000000E+0	54,064266E+0	9,692558E+0	26,302880E+3
21,000000E+0	10,000000E+0	0,000000E+0	54,112210E+0	9,716636E+0	26,317716E+3
21,100000E+0	10,000000E+0	0,000000E+0	53,048916E+0	10,337597E+0	26,332552E+3
21,200000E+0	10,000000E+0	0,000000E+0	52,945023E+0	10,338865E+0	26,347472E+3
21,300000E+0	10,000000E+0	0,000000E+0	53,433765E+0	10,019513E+0	26,362280E+3
21,400000E+0	10,000000E+0	0,000000E+0	54,705341E+0	9,328853E+0	26,377088E+3
21,500000E+0	10,000000E+0	0,000000E+0	54,818153E+0	9,377009E+0	26,392050E+3
21,600000E+0	10,000000E+0	0,000000E+0	53,620281E+0	10,125964E+0	26,406788E+3
21,700000E+0	10,000000E+0	0,000000E+0	52,520588E+0	10,700036E+0	26,421722E+3
21,800000E+0	10,000000E+0	0,000000E+0	52,399087E+0	10,651880E+0	26,436558E+3
21,900000E+0	10,000000E+0	0,000000E+0	53,046819E+0	10,195663E+0	26,451338E+3
22,000000E+0	10,000000E+0	0,000000E+0	54,047423E+0	9,622859E+0	26,466033E+3
22,100000E+0	10,000000E+0	0,000000E+0	53,640513E+0	9,904192E+0	26,480841E+3
22,200000E+0	10,000000E+0	0,000000E+0	52,523147E+0	10,523886E+0	26,495634E+3
22,300000E+0	10,000000E+0	0,000000E+0	52,555421E+0	10,421237E+0	26,510456E+3
22,400000E+0	10,000000E+0	0,000000E+0	52,529502E+0	10,366744E+0	26,525208E+3
22,500000E+0	10,000000E+0	0,000000E+0	53,216124E+0	9,935874E+0	26,539987E+3
22,600000E+0	10,000000E+0	0,000000E+0	54,037040E+0	9,502468E+0	26,554598E+3
22,700000E+0	10,000000E+0	0,000000E+0	55,541493E+0	8,769988E+0	26,569294E+3
22,800000E+0	10,000000E+0	0,000000E+0	54,908276E+0	9,312378E+0	26,584045E+3
22,900000E+0	10,000000E+0	0,000000E+0	53,694686E+0	10,080342E+0	26,598867E+3
23,000000E+0	10,000000E+0	0,000000E+0	52,939211E+0	10,475729E+0	26,613731E+3
23,100000E+0	10,000000E+0	0,000000E+0	52,885181E+0	10,427573E+0	26,628581E+3
23,200000E+0	10,000000E+0	0,000000E+0	53,715237E+0	9,909261E+0	26,643403E+3
23,300000E+0	10,000000E+0	0,000000E+0	55,547363E+0	8,933465E+0	26,658323E+3
23,400000E+0	10,000000E+0	0,000000E+0	53,545335E+0	10,189327E+0	26,673019E+3
23,500000E+0	10,000000E+0	0,000000E+0	52,864898E+0	10,526420E+0	26,687911E+3
23,600000E+0	10,000000E+0	0,000000E+0	52,896410E+0	10,423771E+0	26,702747E+3
23,700000E+0	10,000000E+0	0,000000E+0	53,526031E+0	10,014444E+0	26,717569E+3
23,800000E+0	10,000000E+0	0,000000E+0	54,876482E+0	9,281964E+0	26,732377E+3
23,900000E+0	10,000000E+0	0,000000E+0	54,637744E+0	9,527814E+0	26,747311E+3
24,000000E+0	10,000000E+0	0,000000E+0	53,492956E+0	10,223543E+0	26,762034E+3
24,100000E+0	10,000000E+0	0,000000E+0	52,635807E+0	10,650612E+0	26,776927E+3
24,200000E+0	10,000000E+0	0,000000E+0	52,409632E+0	10,667087E+0	26,791791E+3
24,300000E+0	10,000000E+0	0,000000E+0	53,280151E+0	10,087946E+0	26,806669E+3
24,400000E+0	10,000000E+0	0,000000E+0	54,493640E+0	9,417561E+0	26,821364E+3
24,500000E+0	10,000000E+0	0,000000E+0	54,040662E+0	9,757189E+0	26,836144E+3
24,600000E+0	10,000000E+0	0,000000E+0	53,084712E+0	10,313519E+0	26,850966E+3
24,700000E+0	10,000000E+0	0,000000E+0	53,011500E+0	10,302114E+0	26,865802E+3
24,800000E+0	10,000000E+0	0,000000E+0	53,358941E+0	10,065135E+0	26,880609E+3
24,900000E+0	10,000000E+0	0,000000E+0	54,253484E+0	9,570901E+0	26,895403E+3
25,000000E+0	10,000000E+0	0,000000E+0	56,058472E+0	8,664805E+0	26,910169E+3
25,100000E+0	10,000000E+0	0,000000E+0	54,233358E+0	9,868709E+0	26,925019E+3
25,200000E+0	10,000000E+0	0,000000E+0	52,875864E+0	10,624000E+0	26,939939E+3
25,300000E+0	10,000000E+0	0,000000E+0	52,528778E+0	10,710174E+0	26,954873E+3
25,400000E+0	10,000000E+0	0,000000E+0	52,528778E+0	10,250156E+0	26,969723E+3
25,500000E+0	10,000000E+0	0,000000E+0	54,750267E+0	9,352931E+0	26,984573E+3
25,600000E+0	10,000000E+0	0,000000E+0	53,423690E+0	10,175387E+0	26,999409E+3
25,700000E+0	10,000000E+0	0,000000E+0	52,550556E+0	10,618931E+0	27,014288E+3
25,800000E+0	10,000000E+0	0,000000E+0	52,587055E+0	10,498540E+0	27,029123E+3
25,900000E+0	10,000000E+0	0,000000E+0	53,151995E+0	10,112024E+0	27,043931E+3
26,000000E+0	10,000000E+0	0,000000E+0	54,494190E+0	9,368138E+0	27,058697E+3
26,100000E+0	10,000000E+0	0,000000E+0	55,987483E+0	8,663538E+0	27,073477E+3
26,200000E+0	10,000000E+0	0,000000E+0	54,153375E+0	9,872510E+0	27,088298E+3
26,300000E+0	10,000000E+0	0,000000E+0	53,118200E+0	10,452919E+0	27,103219E+3
26,400000E+0	10,000000E+0	0,000000E+0	53,080408E+0	10,399693E+0	27,118280E+3
26,500000E+0	10,000000E+0	0,000000E+0	53,869628E+0	9,907994E+0	27,133073E+3
26,600000E+0	10,000000E+0	0,000000E+0	54,975514E+0	9,325051E+0	27,147952E+3
26,700000E+0	10,000000E+0	0,000000E+0	52,909608E+0	10,551765E+0	27,162998E+3
26,800000E+0	10,000000E+0	0,000000E+0	52,624096E+0	10,616396E+0	27,177792E+3
26,900000E+0	10,000000E+0	0,000000E+0	53,371571E+0	10,112024E+0	27,192755E+3
27,000000E+0	10,000000E+0	0,000000E+0	54,739549E+0	9,354198E+0	27,207562E+3
27,100000E+0	10,000000E+0	0,000000E+0	54,772074E+0	9,441640E+0	27,222455E+3
27,200000E+0	10,000000E+0	0,000000E+0	53,104726E+0	10,433910E+0	27,237375E+3
27,300000E+0	10,000000E+0	0,000000E+0	52,519483E+0	10,679759E+0	27,252422E+3
27,400000E+0	10,000000E+0	0,000000E+0	52,755671E+0	10,441513E+0	27,267244E+3
27,500000E+0	10,000000E+0	0,000000E+0	53,912029E+0	9,744516E+0	27,282066E+3
27,600000E+0	10,000000E+0	0,000000E+0	54,101388E+0	9,683688E+0	27,296916E+3
27,700000E+0	10,000000E+0	0,000000E+0	52,980031E+0	10,341399E+0	27,311766E+3
27,800000E+0	10,000000E+0	0,000000E+0	52,928905E+0	10,313519E+0	27,326616E+3
27,900000E+0	10,000000E+0	0,000000E+0	53,352608E+0	10,033453E+0	27,341466E+3
28,000000E+0	10,000000E+0	0,000000E+0	54,317624E+0	9,506270E+0	27,356217E+3
28,100000E+0	10,000000E+0	0,000000E+0	56,240498E+0	8,546949E+0	27,371025E+3
28,200000E+0	10,000000E+0	0,000000E+0	54,064086E+0	9,959952E+0	27,385889E+3
28,300000E+0	10,000000E+0	0,000000E+0	52,744776E+0	10,679759E+0	27,400823E+3
28,400000E+0	10,000000E+0	0,000000E+0	52,751259E+0	10,565705E+0	27,415884E+3
28,500000E+0	10,000000E+0	0,000000E+0	53,816349E+0	9,897856E+0	27,430763E+3
28,600000E+0	10,000000E+0	0,000000E+0	54,060373E+0	9,782534E+0	27,445584E+3
28,700000E+0	10,000000E+0	0,000000E+0	52,567068E+0	10,625267E+0	27,460477E+3
28,800000E+0	10,000000E+0	0,000000E+0	52,486809E+0	10,566973E+0	27,475312E+3
28,900000E+0	10,000000E+0	0,000000E+0	52,923343E+0	10,238750E+0	27,490177E+3
29,000000E+0	10,000000E+0	0,000000E+0	53,845357E+0	9,701429E+0	27,504970E+3
29,100000E+0	10,000000E+0	0,000000E+0	55,906418E+0	8,635658E+0	27,519862E+3
29,200000E+0	10,000000E+0	0,000000E+0	54,380720E+0	9,682420E+0	27,534600E+3
29,300000E+0	10,000000E+0	0,000000E+0	53,149579E+0	10,399693E+0	27,549520E+3
29,400000E+0	10,000000E+0	0,000000E+0	52,797302E+0	10,525153E+0	27,564497E+3
29,500000E+0	10,000000E+0	0,000000E+0	53,492529E+0	10,063868E+0	27,579375E+3
29,600000E+0	10,000000E+0	0,000000E+0	55,489104E+0	8,974018E+0	27,594281E+3
29,700000E+0	10,000000E+0	0,000000E+0	53,259235E+0	10,346468E+0	27,609202E+3
29,800000E+0	10,000000E+0	0,000000E+0	52,674510E+0	10,606258E+0	27,624277E+3
29,900000E+0	10,000000E+0	0,000000E+0	53,143763E+0	10,253958E+0	27,639098E+3
30,000000E+0	10,000000E+0	0,000000E+0	54,874548E+0	9,276895E+0	27,654005E+3
30,100000E+0	10,000000E+0	0,000000E+0	54,412316E+0	9,644402E+0	27,668925E+3
30,200000E+0	10,000000E+0	0,000000E+0	52,897275E+0	10,521351E+0	27,683888E+3
30,300000E+0	10,000000E+0	0,000000E+0	52,379487E+0	10,716510E+0	27,698822E+3
30,400000E+0	10,000000E+0	0,000000E+0	52,960899E+0	10,285639E+0	27,713756E+3
30,500000E+0	10,000000E+0	0,000000E+0	54,679810E+0	9,309844E+0	27,728620E+3
30,600000E+0	10,000000E+0	0,000000E+0	53,506830E+0	10,056264E+0	27,743470E+3
30,700000E+0	10,000000E+0	0,000000E+0	53,506830E+0	10,395892E+0	27,758391E+3
30,800000E+0	10,000000E+0	0,000000E+0	52,861731E+0	10,242552E+0	27,773255E+3
30,900000E+0	10,000000E+0	0,000000E+0	54,282316E+0	9,524012E+0	27,788231E+3
31,000000E+0	10,000000E+0	0,000000E+0	56,281891E+0	8,520336E+0	27,803053E+3
31,100000E+0	10,000000E+0	0,000000E+0	54,061917E+0	9,961219E+0	27,817847E+3
31,200000E+0	10,000000E+0	0,000000E+0	52,671908E+0	10,719045E+0	27,832823E+3
31,300000E+0	10,000000E+0	0,000000E+0	52,460308E+0	10,716510E+0	27,847800E+3
31,400000E+0	10,000000E+0	0,000000E+0	52,460308E+0	9,959952E+0	27,862706E+3
31,500000E+0	10,000000E+0	0,000000E+0	53,508490E+0	10,039790E+0	27,877697E+3
31,600000E+0	10,000000E+0	0,000000E+0	52,472221E+0	10,593585E+0	27,892463E+3
31,700000E+0	10,000000E+0	0,000000E+0	52,422587E+0	10,523886E+0	27,907523E+3
31,800000E+0	10,000000E+0	0,000000E+0	52,422587E+0	10,302114E+0	27,922148E+3
31,900000E+0	10,000000E+0	0,000000E+0	52,675191E+0	9,747051E+0	27,936928E+3
32,000000E+0	10,000000E+0	0,000000E+0	53,610960E+0	8,819411E+0	27,951680E+3
32,100000E+0	10,000000E+0	0,000000E+0	54,562522E+0	9,465718E+0	27,966473E+3
32,200000E+0	10,000000E+0	0,000000E+0	53,187955E+0	10,295777E+0	27,981478E+3
32,300000E+0	10,000000E+0	0,000000E+0	52,686453E+0	10,518816E+0	27,996342E+3
32,400000E+0	10,000000E+0	0,000000E+0	52,928862E+0	10,303381E+0	28,011094E+3
32,500000E+0	10,000000E+0	0,000000E+0	53,993166E+0	9,678618E+0	28,025930E+3
32,600000E+0	10,000000E+0	0,000000E+0	54,835210E+0	9,275628E+0	28,040752E+3
32,700000E+0	10,000000E+0	0,000000E+0	53,016219E+0	10,376883E+0	28,055602E+3
32,800000E+0	10,000000E+0	0,000000E+0	52,581734E+0	10,550498E+0	28,070480E+3
32,900000E+0	10,000000E+0	0,000000E+0	52,823989E+0	10,329994E+0	28,085316E+3
33,000000E+0	10,000000E+0	0,000000E+0	53,786530E+0	9,755922E+0	28,100138E+3
33,100000E+0	10,000000E+0	0,000000E+0	53,786530E+0	8,933465E+0	28,114931E+3
33,200000E+0	10,000000E+0	0,000000E+0	54,452659E+0	9,608919E+0	28,129739E+3
33,300000E+0	10,000000E+0	0,000000E+0	52,856879E+0	10,535291E+0	28,144744E+3
33,400000E+0	10,000000E+0	0,000000E+0	52,395839E+0	10,697501E+0	28,159523E+3
33,500000E+0	10,000000E+0	0,000000E+0	52,830614E+0	10,349003E+0	28,174500E+3
33,600000E+0	10,000000E+0	0,000000E+0	53,599922E+0	9,876312E+0	28,189195E+3
33,700000E+0	10,000000E+0	0,000000E+0	54,452817E+0	9,435303E+0	28,204017E+3
33,800000E+0	10,000000E+0	0,000000E+0	53,274914E+0	10,163982E+0	28,218783E+3
33,900000E+0	10,000000E+0	0,000000E+0	52,909157E+0	10,335063E+0	28,233619E+3
34,000000E+0	10,000000E+0	0,000000E+0	52,998229E+0	10,232414E+0	28,248413E+3
34,100000E+0	10,000000E+0	0,000000E+0	53,699474E+0	9,815483E+0	28,263220E+3
34,200000E+0	10,000000E+0	0,000000E+0	55,524650E+0	8,858697E+0	28,278098E+3
34,300000E+0	10,000000E+0	0,000000E+0	54,986633E+0	9,335189E+0	28,292822E+3
34,400000E+0	10,000000E+0	0,000000E+0	53,435687E+0	10,281838E+0	28,307686E+3
34,500000E+0	10,000000E+0	0,000000E+0	52,532877E+0	10,724114E+0	28,322634E+3
34,600000E+0	10,000000E+0	0,000000E+0	52,804946E+0	10,459255E+0	28,337541E+3
34,700000E+0	10,000000E+0	0,000000E+0	52,804946E+0	9,749585E+0	28,352391E+3
34,800000E+0	10,000000E+0	0,000000E+0	53,672670E+0	9,956150E+0	28,367241E+3
34,900000E+0	10,000000E+0	0,000000E+0	52,406070E+0	10,648078E+0	28,382147E+3
35,000000E+0	10,000000E+0	0,000000E+0	52,342389E+0	10,577111E+0	28,396941E+3
35,100000E+0	10,000000E+0	0,000000E+0	52,764154E+0	10,255225E+0	28,411748E+3
35,200000E+0	10,000000E+0	0,000000E+0	52,764154E+0	9,760991E+0	28,426514E+3
35,300000E+0	10,000000E+0	0,000000E+0	53,601518E+0	8,862498E+0	28,441280E+3
35,400000E+0	10,000000E+0	0,000000E+0	55,335263E+0	9,442907E+0	28,456102E+3
35,500000E+0	10,000000E+0	0,000000E+0	54,603901E+0	10,259027E+0	28,470994E+3
35,600000E+0	10,000000E+0	0,000000E+0	53,261979E+0	10,551765E+0	28,485900E+3
35,700000E+0	10,000000E+0	0,000000E+0	52,642614E+0	10,112024E+0	28,500905E+3
35,800000E+0	10,000000E+0	0,000000E+0	54,728285E+0	9,316180E+0	28,515727E+3
35,900000E+0	10,000000E+0	0,000000E+0	53,126802E+0	10,293243E+0	28,530647E+3
36,000000E+0	10,000000E+0	0,000000E+0	52,447923E+0	10,612594E+0	28,545708E+3
36,100000E+0	10,000000E+0	0,000000E+0	52,718378E+0	10,366744E+0	28,560459E+3
36,200000E+0	10,000000E+0	0,000000E+0	53,576108E+0	9,843363E+0	28,575295E+3
36,300000E+0	10,000000E+0	0,000000E+0	55,833557E+0	8,648330E+0	28,590272E+3
36,400000E+0	10,000000E+0	0,000000E+0	53,978240E+0	9,871243E+0	28,605038E+3
36,500000E+0	10,000000E+0	0,000000E+0	52,697333E+0	10,584714E+0	28,619958E+3
36,600000E+0	10,000000E+0	0,000000E+0	52,340968E+0	10,682294E+0	28,634906E+3
36,700000E+0	10,000000E+0	0,000000E+0	53,045181E+0	10,190594E+0	28,649827E+3
36,800000E+0	10,000000E+0	0,000000E+0	54,851281E+0	9,183117E+0	28,664663E+3
36,900000E+0	10,000000E+0	0,000000E+0	53,320295E+0	10,143705E+0	28,679527E+3
37,000000E+0	10,000000E+0	0,000000E+0	52,766090E+0	10,419970E+0	28,694447E+3
37,100000E+0	10,000000E+0	0,000000E+0	52,993697E+0	10,228612E+0	28,709311E+3
37,200000E+0	10,000000E+0	0,000000E+0	54,228160E+0	9,524012E+0	28,724217E+3
37,300000E+0	10,000000E+0	0,000000E+0	54,228160E+0	8,494991E+0	28,739053E+3
37,400000E+0	10,000000E+0	0,000000E+0	56,274614E+0	10,170318E+0	28,753959E+3
37,500000E+0	10,000000E+0	0,000000E+0	52,485130E+0	10,760864E+0	28,768992E+3
37,600000E+0	10,000000E+0	0,000000E+0	52,774272E+0	10,480798E+0	28,783969E+3
37,700000E+0	10,000000E+0	0,000000E+0	54,406352E+0	9,520210E+0	28,798931E+3
37,800000E+0	10,000000E+0	0,000000E+0	53,102119E+0	10,303381E+0	28,813838E+3
37,900000E+0	10,000000E+0	0,000000E+0	53,102119E+0	10,607525E+0	28,828772E+3
38,000000E+0	10,000000E+0	0,000000E+0	52,523407E+0	10,468126E+0	28,843636E+3
38,100000E+0	10,000000E+0	0,000000E+0	53,570971E+0	9,825621E+0	28,858514E+3
38,200000E+0	10,000000E+0	0,000000E+0	55,650930E+0	8,729435E+0	28,873336E+3
38,300000E+0	10,000000E+0	0,000000E+0	54,179061E+0	9,731844E+0	28,888228E+3
38,400000E+0	10,000000E+0	0,000000E+0	52,979933E+0	10,423771E+0	28,903163E+3
38,500000E+0	10,000000E+0	0,000000E+0	52,674323E+0	10,520084E+0	28,918111E+3
38,600000E+0	10,000000E+0	0,000000E+0	53,664067E+0	9,900390E+0	28,933059E+3
38,700000E+0	10,000000E+0	0,000000E+0	54,322205E+0	9,560763E+0	28,947980E+3
38,800000E+0	10,000000E+0	0,000000E+0	52,729190E+0	10,493471E+0	28,962886E+3
38,900000E+0	10,000000E+0	0,000000E+0	52,449493E+0	10,564438E+0	28,977848E+3
39,000000E+0	10,000000E+0	0,000000E+0	53,039146E+0	10,153844E+0	28,992727E+3
39,100000E+0	10,000000E+0	0,000000E+0	54,727383E+0	9,216066E+0	29,007633E+3
39,200000E+0	10,000000E+0	0,000000E+0	54,175628E+0	9,641868E+0	29,022525E+3
39,300000E+0	10,000000E+0	0,000000E+0	52,684789E+0	10,506144E+0	29,037459E+3
39,400000E+0	10,000000E+0	0,000000E+0	52,101256E+0	10,739321E+0	29,052281E+3
39,500000E+0	10,000000E+0	0,000000E+0	52,305465E+0	10,508678E+0	29,067202E+3
39,600000E+0	10,000000E+0	0,000000E+0	53,990101E+0	9,515141E+0	29,082150E+3
39,700000E+0	10,000000E+0	0,000000E+0	53,707007E+0	9,747051E+0	29,096902E+3
39,800000E+0	10,000000E+0	0,000000E+0	52,643940E+0	10,362943E+0	29,111808E+3
39,900000E+0	10,000000E+0	0,000000E+0	52,548831E+0	10,355339E+0	29,126672E+3
40,000000E+0	10,000000E+0	0,000000E+0	53,154502E+0	9,970090E+0	29,141508E+3
40,100000E+0	10,000000E+0	0,000000E+0	54,637835E+0	9,172979E+0	29,156358E+3
40,200000E+0	10,000000E+0	0,000000E+0	54,326402E+0	9,475856E+0	29,171264E+3
40,300000E+0	10,000000E+0	0,000000E+0	53,042543E+0	10,255225E+0	29,186058E+3
40,400000E+0	10,000000E+0	0,000000E+0	52,117266E+0	10,713976E+0	29,200964E+3
40,500000E+0	10,000000E+0	0,000000E+0	52,209558E+0	10,547964E+0	29,215842E+3
40,600000E+0	10,000000E+0	0,000000E+0	53,113566E+0	9,970090E+0	29,230692E+3
40,700000E+0	10,000000E+0	0,000000E+0	54,573460E+0	9,185652E+0	29,245472E+3
40,800000E+0	10,000000E+0	0,000000E+0	52,718249E+0	10,321123E+0	29,260308E+3
40,900000E+0	10,000000E+0	0,000000E+0	52,150523E+0	10,575843E+0	29,275158E+3
41,000000E+0	10,000000E+0	0,000000E+0	52,199984E+0	10,455453E+0	29,289980E+3
41,100000E+0	10,000000E+0	0,000000E+0	52,794292E+0	10,060066E+0	29,304745E+3
41,200000E+0	10,000000E+0	0,000000E+0	52,794292E+0	9,349129E+0	29,319483E+3
41,300000E+0	10,000000E+0	0,000000E+0	54,091173E+0	9,075399E+0	29,334361E+3
41,400000E+0	10,000000E+0	0,000000E+0	53,779856E+0	9,773663E+0	29,349056E+3
41,500000E+0	10,000000E+0	0,000000E+0	52,774414E+0	10,354072E+0	29,363991E+3
41,600000E+0	10,000000E+0	0,000000E+0	52,468675E+0	10,461789E+0	29,378939E+3
41,700000E+0	10,000000E+0	0,000000E+0	52,981383E+0	10,109489E+0	29,393677E+3
41,800000E+0	10,000000E+0	0,000000E+0	54,446225E+0	9,299706E+0	29,408513E+3
41,900000E+0	10,000000E+0	0,000000E+0	53,215352E+0	10,079075E+0	29,423348E+3
42,000000E+0	10,000000E+0	0,000000E+0	52,378220E+0	10,518816E+0	29,438213E+3
42,100000E+0	10,000000E+0	0,000000E+0	52,236224E+0	10,511213E+0	29,453048E+3
42,200000E+0	10,000000E+0	0,000000E+0	52,966115E+0	10,033453E+0	29,467969E+3
42,300000E+0	10,000000E+0	0,000000E+0	53,680329E+0	9,641868E+0	29,482594E+3
42,400000E+0	10,000000E+0	0,000000E+0	55,337398E+0	8,804204E+0	29,497373E+3
42,500000E+0	10,000000E+0	0,000000E+0	54,086808E+0	9,674817E+0	29,512167E+3
42,600000E+0	10,000000E+0	0,000000E+0	52,714975E+0	10,469393E+0	29,527059E+3
42,700000E+0	10,000000E+0	0,000000E+0	52,177656E+0	10,683561E+0	29,541937E+3
42,800000E+0	10,000000E+0	0,000000E+0	52,586152E+0	10,351537E+0	29,556914E+3
42,900000E+0	10,000000E+0	0,000000E+0	53,860989E+0	9,605117E+0	29,571708E+3
43,000000E+0	10,000000E+0	0,000000E+0	54,378239E+0	9,389682E+0	29,586389E+3
43,100000E+0	10,000000E+0	0,000000E+0	52,982009E+0	10,243820E+0	29,601225E+3
43,200000E+0	10,000000E+0	0,000000E+0	52,723497E+0	10,343934E+0	29,616089E+3
43,300000E+0	10,000000E+0	0,000000E+0	52,917722E+0	10,182991E+0	29,630925E+3
43,400000E+0	10,000000E+0	0,000000E+0	53,847132E+0	9,650739E+0	29,645747E+3
43,500000E+0	10,000000E+0	0,000000E+0	55,649200E+0	8,733237E+0	29,660541E+3
43,600000E+0	10,000000E+0	0,000000E+0	53,930075E+0	9,868709E+0	29,675433E+3
43,700000E+0	10,000000E+0	0,000000E+0	52,504607E+0	10,660750E+0	29,690409E+3
43,800000E+0	10,000000E+0	0,000000E+0	52,132402E+0	10,754528E+0	29,705302E+3
43,900000E+0	10,000000E+0	0,000000E+0	53,079752E+0	10,119627E+0	29,720222E+3
44,000000E+0	10,000000E+0	0,000000E+0	54,754842E+0	9,194522E+0	29,735058E+3
44,100000E+0	10,000000E+0	0,000000E+0	52,800861E+0	10,381952E+0	29,749922E+3
44,200000E+0	10,000000E+0	0,000000E+0	52,306252E+0	10,587249E+0	29,764828E+3
44,300000E+0	10,000000E+0	0,000000E+0	52,560892E+0	10,354072E+0	29,779706E+3
44,400000E+0	10,000000E+0	0,000000E+0	53,513847E+0	9,781267E+0	29,794542E+3
44,500000E+0	10,000000E+0	0,000000E+0	55,893108E+0	8,530474E+0	29,809463E+3
44,600000E+0	10,000000E+0	0,000000E+0	54,211534E+0	9,678618E+0	29,824200E+3
44,700000E+0	10,000000E+0	0,000000E+0	52,852620E+0	10,465591E+0	29,839191E+3
44,800000E+0	10,000000E+0	0,000000E+0	52,611781E+0	10,520084E+0	29,854153E+3
44,900000E+0	10,000000E+0	0,000000E+0	53,721066E+0	9,835760E+0	29,869102E+3
45,000000E+0	10,000000E+0	0,000000E+0	53,714215E+0	9,866174E+0	29,884022E+3
45,100000E+0	10,000000E+0	0,000000E+0	52,488744E+0	10,550498E+0	29,898984E+3
45,200000E+0	10,000000E+0	0,000000E+0	52,412224E+0	10,502342E+0	29,913919E+3
45,300000E+0	10,000000E+0	0,000000E+0	53,184630E+0	10,003039E+0	29,928825E+3
45,400000E+0	10,000000E+0	0,000000E+0	54,904166E+0	9,072865E+0	29,943689E+3
45,500000E+0	10,000000E+0	0,000000E+0	54,001704E+0	9,711567E+0	29,958567E+3
45,600000E+0	10,000000E+0	0,000000E+0	52,501619E+0	10,569507E+0	29,973628E+3
45,700000E+0	10,000000E+0	0,000000E+0	52,145140E+0	10,669621E+0	29,988450E+3
45,800000E+0	10,000000E+0	0,000000E+0	52,651587E+0	10,286907E+0	30,003356E+3
45,900000E+0	10,000000E+0	0,000000E+0	54,379493E+0	9,306042E+0	30,018220E+3
46,000000E+0	10,000000E+0	0,000000E+0	53,383452E+0	9,957417E+0	30,033042E+3
46,100000E+0	10,000000E+0	0,000000E+0	52,557132E+0	10,411099E+0	30,047948E+3
46,200000E+0	10,000000E+0	0,000000E+0	52,651459E+0	10,293243E+0	30,062798E+3
46,300000E+0	10,000000E+0	0,000000E+0	53,472699E+0	9,801543E+0	30,077648E+3
46,400000E+0	10,000000E+0	0,000000E+0	55,189559E+0	8,905586E+0	30,092484E+3
46,500000E+0	10,000000E+0	0,000000E+0	54,023327E+0	9,714102E+0	30,107362E+3
46,600000E+0	10,000000E+0	0,000000E+0	52,538887E+0	10,563171E+0	30,122283E+3
46,700000E+0	10,000000E+0	0,000000E+0	51,982736E+0	10,772270E+0	30,137273E+3
46,800000E+0	10,000000E+0	0,000000E+0	53,086481E+0	10,049928E+0	30,152250E+3
46,900000E+0	10,000000E+0	0,000000E+0	54,545799E+0	9,252817E+0	30,167044E+3
47,000000E+0	10,000000E+0	0,000000E+0	52,623505E+0	10,413633E+0	30,181894E+3
47,100000E+0	10,000000E+0	0,000000E+0	52,194373E+0	10,578378E+0	30,196814E+3
47,200000E+0	10,000000E+0	0,000000E+0	52,343860E+0	10,403495E+0	30,211678E+3
47,300000E+0	10,000000E+0	0,000000E+0	53,420240E+0	9,755922E+0	30,226542E+3
47,400000E+0	10,000000E+0	0,000000E+0	53,420240E+0	8,697754E+0	30,241350E+3
47,500000E+0	10,000000E+0	0,000000E+0	53,880687E+0	9,758456E+0	30,256242E+3
47,600000E+0	10,000000E+0	0,000000E+0	52,734496E+0	10,417435E+0	30,271148E+3
47,700000E+0	10,000000E+0	0,000000E+0	52,444856E+0	10,506144E+0	30,286125E+3
47,800000E+0	10,000000E+0	0,000000E+0	53,541926E+0	9,830690E+0	30,301102E+3
47,900000E+0	10,000000E+0	0,000000E+0	53,590511E+0	9,831958E+0	30,316050E+3
48,000000E+0	10,000000E+0	0,000000E+0	52,614413E+0	10,387021E+0	30,330788E+3
48,100000E+0	10,000000E+0	0,000000E+0	52,216725E+0	10,539093E+0	30,345708E+3
48,200000E+0	10,000000E+0	0,000000E+0	52,457723E+0	10,321123E+0	30,360572E+3
48,300000E+0	10,000000E+0	0,000000E+0	52,457723E+0	9,667213E+0	30,375408E+3
48,400000E+0	10,000000E+0	0,000000E+0	55,388809E+0	8,738306E+0	30,390202E+3
48,500000E+0	10,000000E+0	0,000000E+0	53,499395E+0	9,965021E+0	30,405080E+3
48,600000E+0	10,000000E+0	0,000000E+0	52,354356E+0	10,589783E+0	30,420014E+3
48,700000E+0	10,000000E+0	0,000000E+0	51,956619E+0	10,708907E+0	30,434963E+3
48,800000E+0	10,000000E+0	0,000000E+0	52,683299E+0	10,200732E+0	30,449841E+3
48,900000E+0	10,000000E+0	0,000000E+0	54,762933E+0	9,043718E+0	30,464719E+3
49,000000E+0	10,000000E+0	0,000000E+0	52,751181E+0	10,286907E+0	30,479653E+3
49,100000E+0	10,000000E+0	0,000000E+0	52,456269E+0	10,399693E+0	30,494433E+3
49,200000E+0	10,000000E+0	0,000000E+0	52,701695E+0	10,202000E+0	30,509297E+3
49,300000E+0	10,000000E+0	0,000000E+0	53,592572E+0	9,687489E+0	30,524119E+3
49,400000E+0	10,000000E+0	0,000000E+0	55,322643E+0	8,802937E+0	30,538913E+3
49,500000E+0	10,000000E+0	0,000000E+0	53,941175E+0	9,744516E+0	30,553748E+3
49,600000E+0	10,000000E+0	0,000000E+0	52,616350E+0	10,502342E+0	30,568641E+3
49,700000E+0	10,000000E+0	0,000000E+0	52,616350E+0	10,698768E+0	30,583603E+3
49,800000E+0	10,000000E+0	0,000000E+0	52,101935E+0	10,349003E+0	30,598453E+3
49,900000E+0	10,000000E+0	0,000000E+0	54,397911E+0	9,287033E+0	30,613430E+3
50,000000E+0	10,000000E+0	0,000000E+0	53,206010E+0	10,047393E+0	30,628097E+3
50,100000E+0	10,000000E+0	0,000000E+0	52,129950E+0	10,621465E+0	30,642933E+3
50,200000E+0	10,000000E+0	0,000000E+0	52,118809E+0	10,526420E+0	30,657783E+3
50,300000E+0	10,000000E+0	0,000000E+0	52,560510E+0	10,202000E+0	30,672591E+3
50,400000E+0	10,000000E+0	0,000000E+0	53,521705E+0	9,649471E+0	30,687384E+3
50,500000E+0	10,000000E+0	0,000000E+0	55,235085E+0	8,780126E+0	30,702080E+3
50,600000E+0	10,000000E+0	0,000000E+0	54,200348E+0	9,537952E+0	30,716972E+3
50,700000E+0	10,000000E+0	0,000000E+0	53,064231E+0	10,227345E+0	30,731737E+3
50,800000E+0	10,000000E+0	0,000000E+0	52,440332E+0	10,527687E+0	30,746630E+3
50,900000E+0	10,000000E+0	0,000000E+0	52,759767E+0	10,269165E+0	30,761550E+3
51,000000E+0	10,000000E+0	0,000000E+0	53,644504E+0	9,747051E+0	30,776316E+3
51,100000E+0	10,000000E+0	0,000000E+0	53,896387E+0	9,652006E+0	30,791194E+3
51,200000E+0	10,000000E+0	0,000000E+0	52,683771E+0	10,364210E+0	30,806016E+3
51,300000E+0	10,000000E+0	0,000000E+0	52,222626E+0	10,554300E+0	30,820908E+3
51,400000E+0	10,000000E+0	0,000000E+0	52,541087E+0	10,291976E+0	30,835730E+3
51,500000E+0	10,000000E+0	0,000000E+0	53,409587E+0	9,774931E+0	30,850538E+3
51,600000E+0	10,000000E+0	0,000000E+0	54,893026E+0	9,009501E+0	30,865289E+3
51,700000E+0	10,000000E+0	0,000000E+0	53,901803E+0	9,706498E+0	30,880181E+3
51,800000E+0	10,000000E+0	0,000000E+0	52,586070E+0	10,465591E+0	30,895017E+3
51,900000E+0	10,000000E+0	0,000000E+0	52,056926E+0	10,675958E+0	30,909909E+3
52,000000E+0	10,000000E+0	0,000000E+0	52,198157E+0	10,489669E+0	30,924788E+3
52,100000E+0	10,000000E+0	0,000000E+0	53,288463E+0	9,820552E+0	30,939609E+3
52,200000E+0	10,000000E+0	0,000000E+0	54,146411E+0	9,385880E+0	30,954389E+3
52,300000E+0	10,000000E+0	0,000000E+0	52,732574E+0	10,250156E+0	30,969239E+3
52,400000E+0	10,000000E+0	0,000000E+0	52,476844E+0	10,347735E+0	30,984075E+3
52,500000E+0	10,000000E+0	0,000000E+0	52,662893E+0	10,190594E+0	30,998897E+3
52,600000E+0	0,000000E+0	0,000000E+0	100,000000E-3	9,655808E+0	31,013733E+3
