t [s] || setpoint speed [rot. s^-1] || setpoint pos [°] || duty cycle [%] || Ang Speed [rot. s^-1] ||
Ang Pos [°]
0,000000E+0	5,000000E+0	0,000000E+0	100,000000E-3	-36,255016E-3	31,106869E+3
100,000000E-3	5,000000E+0	0,000000E+0	100,000000E-3	-42,591357E-3	31,106869E+3
200,000000E-3	5,000000E+0	0,000000E+0	100,000000E-3	-7,107844E-3	31,106869E+3
300,000000E-3	5,000000E+0	0,000000E+0	100,000000E-3	-40,056821E-3	31,106869E+3
400,000000E-3	5,000000E+0	0,000000E+0	100,000000E-3	-43,858626E-3	31,106869E+3
500,000000E-3	5,000000E+0	0,000000E+0	100,000000E-3	-45,125894E-3	31,106869E+3
600,000000E-3	5,000000E+0	0,000000E+0	100,000000E-3	-10,909649E-3	31,106869E+3
700,000000E-3	5,000000E+0	0,000000E+0	100,000000E-3	-19,780527E-3	31,106869E+3
800,000000E-3	5,000000E+0	0,000000E+0	100,000000E-3	-17,245991E-3	31,106869E+3
900,000000E-3	5,000000E+0	0,000000E+0	100,000000E-3	-45,125894E-3	31,106869E+3
1,000000E+0	5,000000E+0	0,000000E+0	100,000000E-3	-41,324089E-3	31,106869E+3
1,100000E+0	5,000000E+0	0,000000E+0	100,000000E-3	-31,185942E-3	31,106869E+3
1,200000E+0	5,000000E+0	0,000000E+0	100,000000E-3	-8,375112E-3	31,106869E+3
1,300000E+0	5,000000E+0	0,000000E+0	100,000000E-3	-43,858626E-3	31,106869E+3
1,400000E+0	5,000000E+0	0,000000E+0	100,000000E-3	-9,642381E-3	31,106869E+3
1,500000E+0	5,000000E+0	0,000000E+0	100,000000E-3	-42,591357E-3	31,106869E+3
1,600000E+0	5,000000E+0	0,000000E+0	100,000000E-3	-23,582332E-3	31,106869E+3
1,700000E+0	5,000000E+0	0,000000E+0	100,000000E-3	-46,393162E-3	31,106869E+3
1,800000E+0	5,000000E+0	0,000000E+0	100,000000E-3	-29,918674E-3	31,106869E+3
1,900000E+0	5,000000E+0	0,000000E+0	100,000000E-3	-9,642381E-3	31,106869E+3
2,000000E+0	5,000000E+0	0,000000E+0	100,000000E-3	-41,324089E-3	31,106869E+3
2,100000E+0	5,000000E+0	0,000000E+0	3,549709E+0	-31,185942E-3	31,106869E+3
2,200000E+0	5,000000E+0	0,000000E+0	5,166362E+0	5,564839E-3	31,106897E+3
2,300000E+0	5,000000E+0	0,000000E+0	7,026058E+0	-40,056821E-3	31,106911E+3
2,400000E+0	5,000000E+0	0,000000E+0	8,736236E+0	-32,453211E-3	31,106911E+3
2,500000E+0	5,000000E+0	0,000000E+0	10,435931E+0	-22,315064E-3	31,106939E+3
2,600000E+0	5,000000E+0	0,000000E+0	12,151806E+0	-18,513259E-3	31,106953E+3
2,700000E+0	5,000000E+0	0,000000E+0	13,842772E+0	-7,107844E-3	31,106995E+3
2,800000E+0	5,000000E+0	0,000000E+0	15,384272E+0	51,186499E-3	31,107066E+3
2,900000E+0	5,000000E+0	0,000000E+0	16,858515E+0	124,688060E-3	31,107234E+3
3,000000E+0	5,000000E+0	0,000000E+0	18,157997E+0	246,345816E-3	31,107544E+3
3,100000E+0	5,000000E+0	0,000000E+0	19,482499E+0	346,460010E-3	31,108036E+3
3,200000E+0	5,000000E+0	0,000000E+0	20,666355E+0	480,790444E-3	31,108683E+3
3,300000E+0	5,000000E+0	0,000000E+0	21,733197E+0	637,931704E-3	31,109583E+3
3,400000E+0	5,000000E+0	0,000000E+0	22,867923E+0	755,787647E-3	31,110666E+3
3,500000E+0	5,000000E+0	0,000000E+0	23,753627E+0	940,808800E-3	31,111959E+3
3,600000E+0	5,000000E+0	0,000000E+0	24,382937E+0	1,187926E+0	31,113520E+3
3,700000E+0	5,000000E+0	0,000000E+0	24,382937E+0	1,309584E+0	31,115362E+3
3,800000E+0	5,000000E+0	0,000000E+0	26,629437E+0	1,295644E+0	31,117430E+3
3,900000E+0	5,000000E+0	0,000000E+0	27,659852E+0	1,374214E+0	31,119736E+3
4,000000E+0	5,000000E+0	0,000000E+0	27,589367E+0	1,798749E+0	31,122366E+3
4,100000E+0	5,000000E+0	0,000000E+0	27,982549E+0	2,026858E+0	31,125263E+3
4,200000E+0	5,000000E+0	0,000000E+0	28,332664E+0	2,243560E+0	31,128384E+3
4,300000E+0	5,000000E+0	0,000000E+0	29,394954E+0	2,206810E+0	31,131703E+3
4,400000E+0	5,000000E+0	0,000000E+0	29,211134E+0	2,575585E+0	31,135275E+3
4,500000E+0	5,000000E+0	0,000000E+0	31,004931E+0	2,266371E+0	31,139100E+3
4,600000E+0	5,000000E+0	0,000000E+0	30,352192E+0	2,779615E+0	31,143122E+3
4,700000E+0	5,000000E+0	0,000000E+0	30,128671E+0	3,097699E+0	31,147369E+3
4,800000E+0	5,000000E+0	0,000000E+0	30,452640E+0	3,204149E+0	31,151855E+3
4,900000E+0	5,000000E+0	0,000000E+0	30,452640E+0	3,270047E+0	31,156495E+3
5,000000E+0	5,000000E+0	0,000000E+0	30,910265E+0	3,447465E+0	31,161248E+3
5,100000E+0	5,000000E+0	0,000000E+0	31,109982E+0	3,555183E+0	31,166213E+3
5,200000E+0	5,000000E+0	0,000000E+0	31,485057E+0	3,594468E+0	31,171345E+3
5,300000E+0	5,000000E+0	0,000000E+0	31,830884E+0	3,638822E+0	31,176492E+3
5,400000E+0	5,000000E+0	0,000000E+0	33,050447E+0	3,396774E+0	31,181906E+3
5,500000E+0	5,000000E+0	0,000000E+0	32,626424E+0	3,711057E+0	31,187377E+3
5,600000E+0	5,000000E+0	0,000000E+0	32,090354E+0	4,026606E+0	31,193016E+3
5,700000E+0	5,000000E+0	0,000000E+0	33,223722E+0	3,769351E+0	31,198795E+3
5,800000E+0	5,000000E+0	0,000000E+0	32,164099E+0	4,247111E+0	31,204617E+3
5,900000E+0	5,000000E+0	0,000000E+0	33,697579E+0	3,836516E+0	31,210622E+3
6,000000E+0	5,000000E+0	0,000000E+0	32,547979E+0	4,335819E+0	31,216669E+3
6,100000E+0	5,000000E+0	0,000000E+0	33,995873E+0	3,942966E+0	31,222828E+3
6,200000E+0	5,000000E+0	0,000000E+0	33,108608E+0	4,345958E+0	31,229114E+3
6,300000E+0	5,000000E+0	0,000000E+0	33,754494E+0	4,210360E+0	31,235428E+3
6,400000E+0	5,000000E+0	0,000000E+0	33,613102E+0	4,343423E+0	31,241911E+3
6,500000E+0	5,000000E+0	0,000000E+0	33,126983E+0	4,572799E+0	31,248366E+3
6,600000E+0	5,000000E+0	0,000000E+0	33,033991E+0	4,650102E+0	31,255045E+3
6,700000E+0	5,000000E+0	0,000000E+0	33,803400E+0	4,441003E+0	31,261570E+3
6,800000E+0	5,000000E+0	0,000000E+0	34,750946E+0	4,197687E+0	31,268292E+3
6,900000E+0	5,000000E+0	0,000000E+0	33,060142E+0	4,831321E+0	31,274986E+3
7,000000E+0	5,000000E+0	0,000000E+0	33,279445E+0	4,779363E+0	31,281848E+3
7,100000E+0	5,000000E+0	0,000000E+0	33,142930E+0	4,847796E+0	31,288655E+3
7,200000E+0	5,000000E+0	0,000000E+0	33,372300E+0	4,790769E+0	31,295531E+3
7,300000E+0	5,000000E+0	0,000000E+0	34,647957E+0	4,402985E+0	31,302408E+3
7,400000E+0	5,000000E+0	0,000000E+0	35,065745E+0	4,334552E+0	31,309341E+3
7,500000E+0	5,000000E+0	0,000000E+0	35,428401E+0	4,291465E+0	31,316344E+3
7,600000E+0	5,000000E+0	0,000000E+0	34,315046E+0	4,728672E+0	31,323431E+3
7,700000E+0	5,000000E+0	0,000000E+0	34,935484E+0	4,558859E+0	31,330617E+3
7,800000E+0	5,000000E+0	0,000000E+0	34,229713E+0	4,835123E+0	31,337817E+3
7,900000E+0	5,000000E+0	0,000000E+0	35,301299E+0	4,508168E+0	31,345102E+3
8,000000E+0	5,000000E+0	0,000000E+0	35,112532E+0	4,623489E+0	31,352386E+3
8,100000E+0	5,000000E+0	0,000000E+0	36,465400E+0	4,229369E+0	31,359769E+3
8,200000E+0	5,000000E+0	0,000000E+0	34,783366E+0	4,856666E+0	31,367180E+3
8,300000E+0	5,000000E+0	0,000000E+0	34,356708E+0	5,010006E+0	31,374647E+3
8,400000E+0	5,000000E+0	0,000000E+0	33,499675E+0	5,285003E+0	31,382156E+3
8,500000E+0	5,000000E+0	0,000000E+0	33,260024E+0	5,330625E+0	31,389609E+3
8,600000E+0	5,000000E+0	0,000000E+0	33,260024E+0	5,214036E+0	31,397091E+3
8,700000E+0	5,000000E+0	0,000000E+0	33,261474E+0	5,269796E+0	31,404530E+3
8,800000E+0	5,000000E+0	0,000000E+0	33,971118E+0	5,011273E+0	31,411884E+3
8,900000E+0	5,000000E+0	0,000000E+0	33,703689E+0	5,096180E+0	31,419211E+3
9,000000E+0	5,000000E+0	0,000000E+0	34,787745E+0	4,736276E+0	31,426608E+3
9,100000E+0	5,000000E+0	0,000000E+0	34,481173E+0	4,864270E+0	31,433934E+3
9,200000E+0	5,000000E+0	0,000000E+0	36,191776E+0	4,328216E+0	31,441388E+3
9,300000E+0	5,000000E+0	0,000000E+0	34,338062E+0	4,999868E+0	31,448770E+3
9,400000E+0	5,000000E+0	0,000000E+0	34,251569E+0	5,027748E+0	31,456294E+3
9,500000E+0	5,000000E+0	0,000000E+0	33,235022E+0	5,352168E+0	31,463719E+3
9,600000E+0	5,000000E+0	0,000000E+0	33,294822E+0	5,293874E+0	31,471312E+3
9,700000E+0	5,000000E+0	0,000000E+0	33,437613E+0	5,215303E+0	31,478611E+3
9,800000E+0	5,000000E+0	0,000000E+0	33,296677E+0	5,236847E+0	31,486036E+3
9,900000E+0	5,000000E+0	0,000000E+0	33,765906E+0	5,059429E+0	31,493320E+3
10,000000E+0	5,000000E+0	0,000000E+0	33,485845E+0	5,143069E+0	31,500703E+3
10,100000E+0	5,000000E+0	0,000000E+0	34,290220E+0	4,868072E+0	31,508002E+3
10,200000E+0	5,000000E+0	0,000000E+0	33,836036E+0	5,029015E+0	31,515300E+3
10,300000E+0	5,000000E+0	0,000000E+0	34,856658E+0	4,696991E+0	31,522542E+3
10,400000E+0	5,000000E+0	0,000000E+0	34,331517E+0	4,899754E+0	31,529925E+3
10,500000E+0	5,000000E+0	0,000000E+0	35,888305E+0	4,409321E+0	31,537223E+3
10,600000E+0	5,000000E+0	0,000000E+0	35,682404E+0	4,541117E+0	31,544648E+3
10,700000E+0	5,000000E+0	0,000000E+0	35,116478E+0	4,774294E+0	31,552073E+3
10,800000E+0	5,000000E+0	0,000000E+0	33,935369E+0	5,179820E+0	31,559625E+3
10,900000E+0	5,000000E+0	0,000000E+0	33,621761E+0	5,260925E+0	31,567120E+3
11,000000E+0	5,000000E+0	0,000000E+0	33,732616E+0	5,196294E+0	31,574672E+3
11,100000E+0	5,000000E+0	0,000000E+0	33,499880E+0	5,249519E+0	31,582125E+3
11,200000E+0	5,000000E+0	0,000000E+0	34,542988E+0	4,885814E+0	31,589634E+3
11,300000E+0	5,000000E+0	0,000000E+0	34,542988E+0	4,897219E+0	31,597059E+3
11,400000E+0	5,000000E+0	0,000000E+0	36,434947E+0	4,300336E+0	31,604569E+3
11,500000E+0	5,000000E+0	0,000000E+0	34,291871E+0	5,068300E+0	31,612078E+3
11,600000E+0	5,000000E+0	0,000000E+0	33,662601E+0	5,263459E+0	31,619672E+3
11,700000E+0	5,000000E+0	0,000000E+0	33,371358E+0	5,328090E+0	31,627266E+3
11,800000E+0	5,000000E+0	0,000000E+0	32,959541E+0	5,424402E+0	31,634803E+3
11,900000E+0	5,000000E+0	0,000000E+0	33,954291E+0	5,056895E+0	31,642341E+3
12,000000E+0	5,000000E+0	0,000000E+0	33,938652E+0	5,055627E+0	31,649780E+3
12,100000E+0	5,000000E+0	0,000000E+0	35,689636E+0	4,485357E+0	31,657289E+3
12,200000E+0	5,000000E+0	0,000000E+0	34,367972E+0	4,968186E+0	31,664742E+3
12,300000E+0	5,000000E+0	0,000000E+0	34,009158E+0	5,087309E+0	31,672322E+3
12,400000E+0	5,000000E+0	0,000000E+0	33,003591E+0	5,401591E+0	31,679803E+3
12,500000E+0	5,000000E+0	0,000000E+0	33,066057E+0	5,336961E+0	31,687383E+3
12,600000E+0	5,000000E+0	0,000000E+0	33,351370E+0	5,207700E+0	31,694794E+3
12,700000E+0	5,000000E+0	0,000000E+0	33,130444E+0	5,255856E+0	31,702303E+3
12,800000E+0	5,000000E+0	0,000000E+0	34,289380E+0	4,854132E+0	31,709672E+3
12,900000E+0	5,000000E+0	0,000000E+0	34,343493E+0	4,852865E+0	31,717111E+3
13,000000E+0	5,000000E+0	0,000000E+0	35,841672E+0	4,386510E+0	31,724494E+3
13,100000E+0	5,000000E+0	0,000000E+0	34,577613E+0	4,861736E+0	31,731989E+3
13,200000E+0	5,000000E+0	0,000000E+0	34,188546E+0	5,002402E+0	31,739456E+3
13,300000E+0	5,000000E+0	0,000000E+0	33,475738E+0	5,231778E+0	31,747078E+3
13,400000E+0	5,000000E+0	0,000000E+0	33,293733E+0	5,264727E+0	31,754503E+3
13,500000E+0	5,000000E+0	0,000000E+0	33,647164E+0	5,121525E+0	31,761998E+3
13,600000E+0	5,000000E+0	0,000000E+0	33,451949E+0	5,170949E+0	31,769452E+3
13,700000E+0	5,000000E+0	0,000000E+0	34,435546E+0	4,835123E+0	31,776905E+3
13,800000E+0	5,000000E+0	0,000000E+0	34,629940E+0	4,790769E+0	31,784330E+3
13,900000E+0	5,000000E+0	0,000000E+0	36,338293E+0	4,263585E+0	31,791797E+3
14,000000E+0	5,000000E+0	0,000000E+0	33,948241E+0	5,115189E+0	31,799334E+3
14,100000E+0	5,000000E+0	0,000000E+0	33,412983E+0	5,274865E+0	31,806886E+3
14,200000E+0	5,000000E+0	0,000000E+0	33,109948E+0	5,342030E+0	31,814437E+3
14,300000E+0	5,000000E+0	0,000000E+0	32,838880E+0	5,391453E+0	31,821919E+3
14,400000E+0	5,000000E+0	0,000000E+0	33,620748E+0	5,096180E+0	31,829428E+3
14,500000E+0	5,000000E+0	0,000000E+0	33,422451E+0	5,149405E+0	31,836811E+3
14,600000E+0	5,000000E+0	0,000000E+0	34,732081E+0	4,710931E+0	31,844278E+3
14,700000E+0	5,000000E+0	0,000000E+0	34,501098E+0	4,817381E+0	31,851619E+3
14,800000E+0	5,000000E+0	0,000000E+0	36,101956E+0	4,321880E+0	31,859100E+3
14,900000E+0	5,000000E+0	0,000000E+0	33,829527E+0	5,129129E+0	31,866539E+3
15,000000E+0	5,000000E+0	0,000000E+0	33,529423E+0	5,211501E+0	31,874105E+3
15,100000E+0	5,000000E+0	0,000000E+0	33,130178E+0	5,316685E+0	31,881572E+3
15,200000E+0	5,000000E+0	0,000000E+0	33,130178E+0	5,334426E+0	31,889109E+3
15,300000E+0	5,000000E+0	0,000000E+0	33,456900E+0	5,139267E+0	31,896478E+3
15,400000E+0	5,000000E+0	0,000000E+0	33,121839E+0	5,231778E+0	31,903945E+3
15,500000E+0	5,000000E+0	0,000000E+0	34,261523E+0	4,838925E+0	31,911258E+3
15,600000E+0	5,000000E+0	0,000000E+0	34,379871E+0	4,818648E+0	31,918753E+3
15,700000E+0	5,000000E+0	0,000000E+0	35,614468E+0	4,441003E+0	31,926023E+3
15,800000E+0	5,000000E+0	0,000000E+0	35,350466E+0	4,588006E+0	31,933434E+3
15,900000E+0	5,000000E+0	0,000000E+0	34,784144E+0	4,816114E+0	31,940873E+3
16,000000E+0	5,000000E+0	0,000000E+0	33,580782E+0	5,224174E+0	31,948453E+3
16,100000E+0	5,000000E+0	0,000000E+0	33,393525E+0	5,259658E+0	31,955963E+3
16,200000E+0	5,000000E+0	0,000000E+0	33,532352E+0	5,186156E+0	31,963486E+3
16,300000E+0	5,000000E+0	0,000000E+0	33,334572E+0	5,229243E+0	31,970925E+3
16,400000E+0	5,000000E+0	0,000000E+0	34,266647E+0	4,903555E+0	31,978420E+3
16,500000E+0	5,000000E+0	0,000000E+0	34,201484E+0	4,935237E+0	31,985817E+3
16,600000E+0	5,000000E+0	0,000000E+0	35,970280E+0	4,372570E+0	31,993284E+3
16,700000E+0	5,000000E+0	0,000000E+0	34,994236E+0	4,756552E+0	32,000737E+3
16,800000E+0	5,000000E+0	0,000000E+0	34,055246E+0	5,086042E+0	32,008261E+3
16,900000E+0	5,000000E+0	0,000000E+0	33,223194E+0	5,344564E+0	32,015812E+3
17,000000E+0	5,000000E+0	0,000000E+0	33,014191E+0	5,373712E+0	32,023336E+3
17,100000E+0	5,000000E+0	0,000000E+0	33,322263E+0	5,233045E+0	32,030845E+3
17,200000E+0	5,000000E+0	0,000000E+0	33,135889E+0	5,267261E+0	32,038256E+3
17,300000E+0	5,000000E+0	0,000000E+0	34,361706E+0	4,842727E+0	32,045709E+3
17,400000E+0	5,000000E+0	0,000000E+0	34,030316E+0	4,966919E+0	32,053050E+3
17,500000E+0	5,000000E+0	0,000000E+0	35,693807E+0	4,434666E+0	32,060503E+3
17,600000E+0	5,000000E+0	0,000000E+0	34,759339E+0	4,798372E+0	32,067886E+3
17,700000E+0	5,000000E+0	0,000000E+0	34,203257E+0	4,999868E+0	32,075423E+3
17,800000E+0	5,000000E+0	0,000000E+0	33,204168E+0	5,321754E+0	32,082919E+3
17,900000E+0	5,000000E+0	0,000000E+0	33,097419E+0	5,320486E+0	32,090414E+3
18,000000E+0	5,000000E+0	0,000000E+0	33,254656E+0	5,234312E+0	32,097825E+3
18,100000E+0	5,000000E+0	0,000000E+0	33,024576E+0	5,282468E+0	32,105320E+3
18,200000E+0	5,000000E+0	0,000000E+0	33,729861E+0	5,023946E+0	32,112647E+3
18,300000E+0	5,000000E+0	0,000000E+0	33,489541E+0	5,098715E+0	32,120128E+3
18,400000E+0	5,000000E+0	0,000000E+0	34,604194E+0	4,728672E+0	32,127384E+3
18,500000E+0	5,000000E+0	0,000000E+0	34,634593E+0	4,748949E+0	32,134795E+3
18,600000E+0	5,000000E+0	0,000000E+0	36,093781E+0	4,306672E+0	32,142150E+3
18,700000E+0	5,000000E+0	0,000000E+0	34,353686E+0	4,944108E+0	32,149631E+3
18,800000E+0	5,000000E+0	0,000000E+0	34,188033E+0	5,003669E+0	32,157098E+3
18,900000E+0	5,000000E+0	0,000000E+0	33,447255E+0	5,241916E+0	32,164664E+3
19,000000E+0	5,000000E+0	0,000000E+0	33,269629E+0	5,272330E+0	32,172145E+3
19,100000E+0	5,000000E+0	0,000000E+0	33,624378E+0	5,127862E+0	32,179655E+3
19,200000E+0	5,000000E+0	0,000000E+0	33,588261E+0	5,125327E+0	32,187094E+3
19,300000E+0	5,000000E+0	0,000000E+0	34,508880E+0	4,814847E+0	32,194519E+3
19,400000E+0	5,000000E+0	0,000000E+0	34,639444E+0	4,793303E+0	32,201930E+3
19,500000E+0	5,000000E+0	0,000000E+0	36,315456E+0	4,276258E+0	32,209383E+3
19,600000E+0	5,000000E+0	0,000000E+0	34,153127E+0	5,053093E+0	32,216878E+3
19,700000E+0	5,000000E+0	0,000000E+0	33,489753E+0	5,260925E+0	32,224458E+3
19,800000E+0	5,000000E+0	0,000000E+0	33,226916E+0	5,316685E+0	32,232009E+3
19,900000E+0	5,000000E+0	0,000000E+0	32,956699E+0	5,368643E+0	32,239505E+3
20,000000E+0	5,000000E+0	0,000000E+0	33,593004E+0	5,122793E+0	32,246986E+3
20,100000E+0	5,000000E+0	0,000000E+0	33,479959E+0	5,145603E+0	32,254411E+3
20,200000E+0	5,000000E+0	0,000000E+0	35,125252E+0	4,599411E+0	32,261963E+3
20,300000E+0	5,000000E+0	0,000000E+0	34,684816E+0	4,785699E+0	32,269247E+3
20,400000E+0	5,000000E+0	0,000000E+0	35,049622E+0	4,691922E+0	32,276784E+3
20,500000E+0	5,000000E+0	0,000000E+0	33,660833E+0	5,173483E+0	32,284195E+3
20,600000E+0	5,000000E+0	0,000000E+0	33,463479E+0	5,217838E+0	32,291789E+3
20,700000E+0	5,000000E+0	0,000000E+0	33,038452E+0	5,330625E+0	32,299200E+3
20,800000E+0	5,000000E+0	0,000000E+0	32,928651E+0	5,329357E+0	32,306723E+3
20,900000E+0	5,000000E+0	0,000000E+0	33,409326E+0	5,138000E+0	32,314092E+3
21,000000E+0	5,000000E+0	0,000000E+0	33,275315E+0	5,165880E+0	32,321573E+3
21,100000E+0	5,000000E+0	0,000000E+0	34,087577E+0	4,885814E+0	32,328844E+3
21,200000E+0	5,000000E+0	0,000000E+0	33,761033E+0	5,003669E+0	32,336269E+3
21,300000E+0	5,000000E+0	0,000000E+0	35,376479E+0	4,482823E+0	32,343553E+3
21,400000E+0	5,000000E+0	0,000000E+0	35,302638E+0	4,563928E+0	32,351006E+3
21,500000E+0	5,000000E+0	0,000000E+0	35,027818E+0	4,700793E+0	32,358403E+3
21,600000E+0	5,000000E+0	0,000000E+0	33,769721E+0	5,139267E+0	32,365955E+3
21,700000E+0	5,000000E+0	0,000000E+0	33,477930E+0	5,217838E+0	32,373422E+3
21,800000E+0	5,000000E+0	0,000000E+0	33,434462E+0	5,207700E+0	32,380945E+3
21,900000E+0	5,000000E+0	0,000000E+0	33,079795E+0	5,298943E+0	32,388398E+3
22,000000E+0	5,000000E+0	0,000000E+0	33,924955E+0	4,993531E+0	32,395880E+3
22,100000E+0	5,000000E+0	0,000000E+0	33,872110E+0	5,011273E+0	32,403277E+3
22,200000E+0	5,000000E+0	0,000000E+0	35,292195E+0	4,552522E+0	32,410730E+3
22,300000E+0	5,000000E+0	0,000000E+0	35,186510E+0	4,636162E+0	32,418155E+3
22,400000E+0	5,000000E+0	0,000000E+0	34,501349E+0	4,897219E+0	32,425720E+3
22,500000E+0	5,000000E+0	0,000000E+0	33,380228E+0	5,269796E+0	32,433173E+3
22,600000E+0	5,000000E+0	0,000000E+0	33,063203E+0	5,342030E+0	32,440767E+3
22,700000E+0	5,000000E+0	0,000000E+0	33,106822E+0	5,290072E+0	32,448206E+3
22,800000E+0	5,000000E+0	0,000000E+0	32,900830E+0	5,324288E+0	32,455645E+3
22,900000E+0	5,000000E+0	0,000000E+0	33,819878E+0	4,992264E+0	32,463141E+3
23,000000E+0	5,000000E+0	0,000000E+0	33,551121E+0	5,079706E+0	32,470453E+3
23,100000E+0	5,000000E+0	0,000000E+0	34,802121E+0	4,667844E+0	32,477864E+3
23,200000E+0	5,000000E+0	0,000000E+0	34,562359E+0	4,781898E+0	32,485219E+3
23,300000E+0	5,000000E+0	0,000000E+0	36,336701E+0	4,234438E+0	32,492672E+3
23,400000E+0	5,000000E+0	0,000000E+0	33,889805E+0	5,107585E+0	32,500097E+3
23,500000E+0	5,000000E+0	0,000000E+0	33,518440E+0	5,215303E+0	32,507677E+3
23,600000E+0	5,000000E+0	0,000000E+0	33,180824E+0	5,300210E+0	32,515130E+3
23,700000E+0	5,000000E+0	0,000000E+0	32,963478E+0	5,336961E+0	32,522723E+3
23,800000E+0	5,000000E+0	0,000000E+0	33,366798E+0	5,169682E+0	32,530036E+3
23,900000E+0	5,000000E+0	0,000000E+0	33,217955E+0	5,198829E+0	32,537503E+3
24,000000E+0	5,000000E+0	0,000000E+0	34,062153E+0	4,904823E+0	32,544816E+3
24,100000E+0	5,000000E+0	0,000000E+0	33,673999E+0	5,040420E+0	32,552198E+3
24,200000E+0	5,000000E+0	0,000000E+0	35,099791E+0	4,576600E+0	32,559511E+3
24,300000E+0	5,000000E+0	0,000000E+0	35,076296E+0	4,631093E+0	32,566922E+3
24,400000E+0	5,000000E+0	0,000000E+0	35,388079E+0	4,571531E+0	32,574305E+3
24,500000E+0	5,000000E+0	0,000000E+0	34,139045E+0	5,021411E+0	32,581870E+3
24,600000E+0	5,000000E+0	0,000000E+0	33,895664E+0	5,097447E+0	32,589267E+3
24,700000E+0	5,000000E+0	0,000000E+0	33,350774E+0	5,262192E+0	32,596833E+3
24,800000E+0	5,000000E+0	0,000000E+0	33,280248E+0	5,255856E+0	32,604258E+3
24,900000E+0	5,000000E+0	0,000000E+0	33,849144E+0	5,044222E+0	32,611739E+3
25,000000E+0	5,000000E+0	0,000000E+0	33,656920E+0	5,101249E+0	32,619150E+3
25,100000E+0	5,000000E+0	0,000000E+0	34,806104E+0	4,719802E+0	32,626575E+3
25,200000E+0	5,000000E+0	0,000000E+0	35,004765E+0	4,686853E+0	32,634000E+3
25,300000E+0	5,000000E+0	0,000000E+0	36,587588E+0	4,211627E+0	32,641453E+3
25,400000E+0	5,000000E+0	0,000000E+0	33,892855E+0	5,167147E+0	32,648963E+3
25,500000E+0	5,000000E+0	0,000000E+0	33,327922E+0	5,330625E+0	32,656598E+3
25,600000E+0	5,000000E+0	0,000000E+0	33,273191E+0	5,311615E+0	32,664094E+3
25,700000E+0	5,000000E+0	0,000000E+0	32,910311E+0	5,393988E+0	32,671589E+3
25,800000E+0	5,000000E+0	0,000000E+0	33,813249E+0	5,059429E+0	32,679084E+3
25,900000E+0	5,000000E+0	0,000000E+0	33,737735E+0	5,077171E+0	32,686495E+3
26,000000E+0	5,000000E+0	0,000000E+0	35,257093E+0	4,579135E+0	32,694019E+3
26,100000E+0	5,000000E+0	0,000000E+0	35,095050E+0	4,677982E+0	32,701359E+3
26,200000E+0	5,000000E+0	0,000000E+0	34,501710E+0	4,904823E+0	32,708911E+3
26,300000E+0	5,000000E+0	0,000000E+0	33,338637E+0	5,290072E+0	32,716378E+3
26,400000E+0	5,000000E+0	0,000000E+0	33,081508E+0	5,340763E+0	32,723972E+3
26,500000E+0	5,000000E+0	0,000000E+0	33,298642E+0	5,233045E+0	32,731383E+3
26,600000E+0	5,000000E+0	0,000000E+0	33,006060E+0	5,301477E+0	32,738906E+3
26,700000E+0	5,000000E+0	0,000000E+0	33,740208E+0	5,031549E+0	32,746275E+3
26,800000E+0	5,000000E+0	0,000000E+0	33,422535E+0	5,130396E+0	32,753728E+3
26,900000E+0	5,000000E+0	0,000000E+0	34,880313E+0	4,646300E+0	32,761055E+3
27,000000E+0	5,000000E+0	0,000000E+0	34,891845E+0	4,681784E+0	32,768564E+3
27,100000E+0	5,000000E+0	0,000000E+0	35,398605E+0	4,553790E+0	32,775891E+3
27,200000E+0	5,000000E+0	0,000000E+0	34,025865E+0	5,045489E+0	32,783442E+3
27,300000E+0	5,000000E+0	0,000000E+0	33,876474E+0	5,088576E+0	32,790867E+3
27,400000E+0	5,000000E+0	0,000000E+0	33,350371E+0	5,248252E+0	32,798419E+3
27,500000E+0	5,000000E+0	0,000000E+0	33,233503E+0	5,258390E+0	32,805858E+3
27,600000E+0	5,000000E+0	0,000000E+0	33,707121E+0	5,077171E+0	32,813339E+3
27,700000E+0	5,000000E+0	0,000000E+0	33,578301E+0	5,110120E+0	32,820736E+3
27,800000E+0	5,000000E+0	0,000000E+0	34,787371E+0	4,708396E+0	32,828203E+3
27,900000E+0	5,000000E+0	0,000000E+0	34,879815E+0	4,710931E+0	32,835586E+3
28,000000E+0	5,000000E+0	0,000000E+0	36,592030E+0	4,191351E+0	32,843053E+3
28,100000E+0	5,000000E+0	0,000000E+0	33,990811E+0	5,118991E+0	32,850548E+3
28,200000E+0	5,000000E+0	0,000000E+0	33,379507E+0	5,302745E+0	32,858198E+3
28,300000E+0	5,000000E+0	0,000000E+0	33,184890E+0	5,331892E+0	32,865694E+3
28,400000E+0	5,000000E+0	0,000000E+0	32,815035E+0	5,414264E+0	32,873203E+3
28,500000E+0	5,000000E+0	0,000000E+0	33,789670E+0	5,054360E+0	32,880684E+3
28,600000E+0	5,000000E+0	0,000000E+0	33,692298E+0	5,079706E+0	32,888081E+3
28,700000E+0	5,000000E+0	0,000000E+0	35,080975E+0	4,623489E+0	32,895534E+3
28,800000E+0	5,000000E+0	0,000000E+0	34,954811E+0	4,705862E+0	32,902917E+3
28,900000E+0	5,000000E+0	0,000000E+0	34,910451E+0	4,752751E+0	32,910427E+3
29,000000E+0	5,000000E+0	0,000000E+0	33,488937E+0	5,238114E+0	32,917880E+3
29,100000E+0	5,000000E+0	0,000000E+0	33,395225E+0	5,241916E+0	32,925431E+3
29,200000E+0	5,000000E+0	0,000000E+0	33,091725E+0	5,312883E+0	32,932870E+3
29,300000E+0	5,000000E+0	0,000000E+0	32,909355E+0	5,336961E+0	32,940366E+3
29,400000E+0	5,000000E+0	0,000000E+0	33,371679E+0	5,150673E+0	32,947706E+3
29,500000E+0	5,000000E+0	0,000000E+0	33,158570E+0	5,202630E+0	32,955131E+3
29,600000E+0	5,000000E+0	0,000000E+0	34,048663E+0	4,893417E+0	32,962430E+3
29,700000E+0	5,000000E+0	0,000000E+0	33,640831E+0	5,036618E+0	32,969812E+3
29,800000E+0	5,000000E+0	0,000000E+0	35,095467E+0	4,563928E+0	32,977097E+3
29,900000E+0	5,000000E+0	0,000000E+0	34,989792E+0	4,646300E+0	32,984508E+3
30,000000E+0	5,000000E+0	0,000000E+0	35,784110E+0	4,429597E+0	32,991863E+3
30,100000E+0	5,000000E+0	0,000000E+0	34,166939E+0	5,013808E+0	32,999358E+3
30,200000E+0	5,000000E+0	0,000000E+0	33,973377E+0	5,074636E+0	33,006825E+3
30,300000E+0	5,000000E+0	0,000000E+0	33,420600E+0	5,244450E+0	33,014348E+3
30,400000E+0	5,000000E+0	0,000000E+0	33,234235E+0	5,277399E+0	33,021802E+3
30,500000E+0	5,000000E+0	0,000000E+0	33,681646E+0	5,102516E+0	33,029283E+3
30,600000E+0	5,000000E+0	0,000000E+0	33,489037E+0	5,153207E+0	33,036666E+3
30,700000E+0	5,000000E+0	0,000000E+0	34,734421E+0	4,735009E+0	33,044161E+3
30,800000E+0	5,000000E+0	0,000000E+0	34,597429E+0	4,808510E+0	33,051488E+3
30,900000E+0	5,000000E+0	0,000000E+0	36,110866E+0	4,342156E+0	33,058927E+3
31,000000E+0	5,000000E+0	0,000000E+0	34,275959E+0	5,006204E+0	33,066450E+3
31,100000E+0	5,000000E+0	0,000000E+0	33,963070E+0	5,106318E+0	33,073917E+3
31,200000E+0	5,000000E+0	0,000000E+0	33,261719E+0	5,320486E+0	33,081469E+3
31,300000E+0	5,000000E+0	0,000000E+0	33,088534E+0	5,340763E+0	33,088950E+3
31,400000E+0	5,000000E+0	0,000000E+0	33,423675E+0	5,195027E+0	33,096431E+3
31,500000E+0	5,000000E+0	0,000000E+0	33,352653E+0	5,196294E+0	33,103898E+3
31,600000E+0	5,000000E+0	0,000000E+0	34,331465E+0	4,859201E+0	33,111281E+3
31,700000E+0	5,000000E+0	0,000000E+0	34,273692E+0	4,893417E+0	33,118692E+3
31,800000E+0	5,000000E+0	0,000000E+0	35,604511E+0	4,476486E+0	33,126089E+3
31,900000E+0	5,000000E+0	0,000000E+0	35,265364E+0	4,643766E+0	33,133486E+3
32,000000E+0	5,000000E+0	0,000000E+0	34,353373E+0	4,977057E+0	33,141023E+3
32,100000E+0	5,000000E+0	0,000000E+0	33,236256E+0	5,339495E+0	33,148505E+3
32,200000E+0	5,000000E+0	0,000000E+0	33,178473E+0	5,320486E+0	33,156070E+3
32,300000E+0	5,000000E+0	0,000000E+0	33,080027E+0	5,316685E+0	33,163481E+3
32,400000E+0	5,000000E+0	0,000000E+0	33,112697E+0	5,271063E+0	33,170977E+3
32,500000E+0	5,000000E+0	0,000000E+0	33,951714E+0	4,970721E+0	33,178317E+3
32,600000E+0	5,000000E+0	0,000000E+0	33,505489E+0	5,117724E+0	33,185714E+3
32,700000E+0	5,000000E+0	0,000000E+0	34,892888E+0	4,657705E+0	33,193041E+3
32,800000E+0	5,000000E+0	0,000000E+0	34,845426E+0	4,710931E+0	33,200437E+3
32,900000E+0	5,000000E+0	0,000000E+0	36,459302E+0	4,223033E+0	33,207792E+3
33,000000E+0	5,000000E+0	0,000000E+0	34,472627E+0	4,949177E+0	33,215273E+3
33,100000E+0	5,000000E+0	0,000000E+0	34,218691E+0	5,036618E+0	33,222755E+3
33,200000E+0	5,000000E+0	0,000000E+0	33,572785E+0	5,240649E+0	33,230306E+3
33,300000E+0	5,000000E+0	0,000000E+0	33,497869E+0	5,238114E+0	33,237689E+3
33,400000E+0	5,000000E+0	0,000000E+0	33,762115E+0	5,126594E+0	33,245213E+3
33,500000E+0	5,000000E+0	0,000000E+0	33,525820E+0	5,188691E+0	33,252623E+3
33,600000E+0	5,000000E+0	0,000000E+0	34,460044E+0	4,866805E+0	33,260077E+3
33,700000E+0	5,000000E+0	0,000000E+0	34,529465E+0	4,859201E+0	33,267473E+3
33,800000E+0	5,000000E+0	0,000000E+0	36,151340E+0	4,352294E+0	33,274927E+3
33,900000E+0	5,000000E+0	0,000000E+0	34,470289E+0	4,965651E+0	33,282394E+3
34,000000E+0	5,000000E+0	0,000000E+0	33,990405E+0	5,124060E+0	33,289931E+3
34,100000E+0	5,000000E+0	0,000000E+0	33,243614E+0	5,350901E+0	33,297469E+3
34,200000E+0	5,000000E+0	0,000000E+0	33,083568E+0	5,363573E+0	33,304950E+3
34,300000E+0	5,000000E+0	0,000000E+0	33,473800E+0	5,197561E+0	33,312445E+3
34,400000E+0	5,000000E+0	0,000000E+0	33,283898E+0	5,236847E+0	33,319828E+3
34,500000E+0	5,000000E+0	0,000000E+0	34,354967E+0	4,865537E+0	33,327253E+3
34,600000E+0	5,000000E+0	0,000000E+0	34,023596E+0	4,987195E+0	33,334594E+3
34,700000E+0	5,000000E+0	0,000000E+0	35,778453E+0	4,423261E+0	33,342103E+3
34,800000E+0	5,000000E+0	0,000000E+0	35,504819E+0	4,575333E+0	33,349444E+3
34,900000E+0	5,000000E+0	0,000000E+0	34,691107E+0	4,884546E+0	33,356939E+3
35,000000E+0	5,000000E+0	0,000000E+0	33,397333E+0	5,314150E+0	33,364392E+3
35,100000E+0	5,000000E+0	0,000000E+0	33,285332E+0	5,315417E+0	33,371944E+3
35,200000E+0	5,000000E+0	0,000000E+0	33,428578E+0	5,234312E+0	33,379369E+3
35,300000E+0	5,000000E+0	0,000000E+0	33,080490E+0	5,320486E+0	33,386864E+3
35,400000E+0	5,000000E+0	0,000000E+0	33,827767E+0	5,044222E+0	33,394233E+3
35,500000E+0	5,000000E+0	0,000000E+0	33,513601E+0	5,140534E+0	33,401714E+3
35,600000E+0	5,000000E+0	0,000000E+0	34,830216E+0	4,700793E+0	33,408998E+3
35,700000E+0	5,000000E+0	0,000000E+0	34,756132E+0	4,757820E+0	33,416437E+3
35,800000E+0	5,000000E+0	0,000000E+0	36,613495E+0	4,186282E+0	33,423806E+3
35,900000E+0	5,000000E+0	0,000000E+0	34,423114E+0	4,982126E+0	33,431330E+3
36,000000E+0	5,000000E+0	0,000000E+0	34,035903E+0	5,108853E+0	33,438839E+3
36,100000E+0	5,000000E+0	0,000000E+0	33,538226E+0	5,257123E+0	33,446405E+3
36,200000E+0	5,000000E+0	0,000000E+0	33,351436E+0	5,288805E+0	33,453914E+3
36,300000E+0	5,000000E+0	0,000000E+0	34,015205E+0	5,042955E+0	33,461437E+3
36,400000E+0	5,000000E+0	0,000000E+0	34,027964E+0	5,034084E+0	33,468905E+3
36,500000E+0	5,000000E+0	0,000000E+0	35,648683E+0	4,508168E+0	33,476400E+3
36,600000E+0	5,000000E+0	0,000000E+0	34,622059E+0	4,893417E+0	33,483966E+3
36,700000E+0	5,000000E+0	0,000000E+0	34,174891E+0	5,049291E+0	33,491447E+3
36,800000E+0	5,000000E+0	0,000000E+0	33,245340E+0	5,343297E+0	33,498984E+3
36,900000E+0	5,000000E+0	0,000000E+0	33,052507E+0	5,367375E+0	33,506494E+3
37,000000E+0	5,000000E+0	0,000000E+0	33,378494E+0	5,221640E+0	33,513989E+3
37,100000E+0	5,000000E+0	0,000000E+0	33,066234E+0	5,297676E+0	33,521400E+3
37,200000E+0	5,000000E+0	0,000000E+0	34,257988E+0	4,880745E+0	33,528853E+3
37,300000E+0	5,000000E+0	0,000000E+0	34,000058E+0	4,977057E+0	33,536208E+3
37,400000E+0	5,000000E+0	0,000000E+0	35,443714E+0	4,514504E+0	33,543633E+3
37,500000E+0	5,000000E+0	0,000000E+0	35,437646E+0	4,570264E+0	33,551044E+3
37,600000E+0	5,000000E+0	0,000000E+0	34,712216E+0	4,851597E+0	33,558497E+3
37,700000E+0	5,000000E+0	0,000000E+0	33,414043E+0	5,286270E+0	33,565964E+3
37,800000E+0	5,000000E+0	0,000000E+0	33,343101E+0	5,277399E+0	33,573488E+3
37,900000E+0	5,000000E+0	0,000000E+0	33,263410E+0	5,272330E+0	33,580912E+3
38,000000E+0	5,000000E+0	0,000000E+0	32,988783E+0	5,330625E+0	33,588394E+3
38,100000E+0	5,000000E+0	0,000000E+0	33,630299E+0	5,087309E+0	33,595748E+3
38,200000E+0	5,000000E+0	0,000000E+0	33,230506E+0	5,206432E+0	33,603187E+3
38,300000E+0	5,000000E+0	0,000000E+0	34,339573E+0	4,826252E+0	33,610472E+3
38,400000E+0	5,000000E+0	0,000000E+0	33,998115E+0	4,955513E+0	33,617869E+3
38,500000E+0	5,000000E+0	0,000000E+0	35,645862E+0	4,429597E+0	33,625223E+3
38,600000E+0	5,000000E+0	0,000000E+0	35,134033E+0	4,657705E+0	33,632578E+3
38,700000E+0	5,000000E+0	0,000000E+0	35,023634E+0	4,731207E+0	33,640031E+3
38,800000E+0	5,000000E+0	0,000000E+0	33,983222E+0	5,096180E+0	33,647484E+3
38,900000E+0	5,000000E+0	0,000000E+0	33,765257E+0	5,155742E+0	33,654952E+3
39,000000E+0	5,000000E+0	0,000000E+0	33,534670E+0	5,212769E+0	33,662475E+3
39,100000E+0	5,000000E+0	0,000000E+0	33,272665E+0	5,273597E+0	33,669900E+3
39,200000E+0	5,000000E+0	0,000000E+0	33,906263E+0	5,039153E+0	33,677381E+3
39,300000E+0	5,000000E+0	0,000000E+0	33,672513E+0	5,110120E+0	33,684750E+3
39,400000E+0	5,000000E+0	0,000000E+0	34,775375E+0	4,742612E+0	33,692175E+3
39,500000E+0	5,000000E+0	0,000000E+0	34,804913E+0	4,761621E+0	33,699544E+3
39,600000E+0	5,000000E+0	0,000000E+0	36,476089E+0	4,249645E+0	33,706983E+3
39,700000E+0	5,000000E+0	0,000000E+0	34,307180E+0	5,031549E+0	33,714464E+3
39,800000E+0	5,000000E+0	0,000000E+0	33,804628E+0	5,189958E+0	33,721988E+3
39,900000E+0	5,000000E+0	0,000000E+0	33,282985E+0	5,336961E+0	33,729525E+3
40,000000E+0	5,000000E+0	0,000000E+0	33,072664E+0	5,367375E+0	33,737020E+3
40,100000E+0	5,000000E+0	0,000000E+0	33,548127E+0	5,173483E+0	33,744488E+3
40,200000E+0	5,000000E+0	0,000000E+0	33,374375E+0	5,210234E+0	33,751898E+3
40,300000E+0	5,000000E+0	0,000000E+0	34,391661E+0	4,859201E+0	33,759309E+3
40,400000E+0	5,000000E+0	0,000000E+0	34,219814E+0	4,930168E+0	33,766678E+3
40,500000E+0	5,000000E+0	0,000000E+0	35,864479E+0	4,408054E+0	33,774117E+3
40,600000E+0	5,000000E+0	0,000000E+0	34,880162E+0	4,790769E+0	33,781486E+3
40,700000E+0	5,000000E+0	0,000000E+0	34,338496E+0	4,988462E+0	33,789037E+3
40,800000E+0	5,000000E+0	0,000000E+0	33,182053E+0	5,362306E+0	33,796505E+3
40,900000E+0	5,000000E+0	0,000000E+0	33,151826E+0	5,331892E+0	33,804070E+3
41,000000E+0	5,000000E+0	0,000000E+0	33,175332E+0	5,287537E+0	33,811481E+3
41,100000E+0	5,000000E+0	0,000000E+0	33,072485E+0	5,288805E+0	33,818934E+3
41,200000E+0	5,000000E+0	0,000000E+0	33,929001E+0	4,980859E+0	33,826275E+3
41,300000E+0	5,000000E+0	0,000000E+0	33,357346E+0	5,167147E+0	33,833658E+3
41,400000E+0	5,000000E+0	0,000000E+0	34,692342E+0	4,718534E+0	33,840956E+3
41,500000E+0	5,000000E+0	0,000000E+0	34,655424E+0	4,761621E+0	33,848409E+3
41,600000E+0	5,000000E+0	0,000000E+0	35,893904E+0	4,389045E+0	33,855666E+3
41,700000E+0	5,000000E+0	0,000000E+0	35,022333E+0	4,737543E+0	33,863133E+3
41,800000E+0	5,000000E+0	0,000000E+0	34,656320E+0	4,884546E+0	33,870572E+3
41,900000E+0	5,000000E+0	0,000000E+0	33,665434E+0	5,216570E+0	33,878138E+3
42,000000E+0	5,000000E+0	0,000000E+0	33,390320E+0	5,281201E+0	33,885633E+3
42,100000E+0	5,000000E+0	0,000000E+0	33,706615E+0	5,148138E+0	33,893156E+3
42,200000E+0	5,000000E+0	0,000000E+0	33,596651E+0	5,167147E+0	33,900609E+3
42,300000E+0	5,000000E+0	0,000000E+0	34,514685E+0	4,852865E+0	33,908048E+3
42,400000E+0	5,000000E+0	0,000000E+0	34,565300E+0	4,852865E+0	33,915473E+3
42,500000E+0	5,000000E+0	0,000000E+0	36,264092E+0	4,321880E+0	33,922927E+3
42,600000E+0	5,000000E+0	0,000000E+0	34,451894E+0	4,980859E+0	33,930408E+3
42,700000E+0	5,000000E+0	0,000000E+0	33,954978E+0	5,143069E+0	33,937945E+3
42,800000E+0	5,000000E+0	0,000000E+0	33,221316E+0	5,363573E+0	33,945497E+3
42,900000E+0	5,000000E+0	0,000000E+0	33,115915E+0	5,357237E+0	33,952992E+3
43,000000E+0	5,000000E+0	0,000000E+0	33,559464E+0	5,174751E+0	33,960502E+3
43,100000E+0	5,000000E+0	0,000000E+0	33,444279E+0	5,192492E+0	33,967912E+3
43,200000E+0	5,000000E+0	0,000000E+0	34,566008E+0	4,809778E+0	33,975394E+3
43,300000E+0	5,000000E+0	0,000000E+0	34,450499E+0	4,868072E+0	33,982734E+3
43,400000E+0	5,000000E+0	0,000000E+0	36,175529E+0	4,326949E+0	33,990216E+3
43,500000E+0	5,000000E+0	0,000000E+0	34,141306E+0	5,056895E+0	33,997613E+3
43,600000E+0	5,000000E+0	0,000000E+0	33,866051E+0	5,139267E+0	34,005192E+3
43,700000E+0	5,000000E+0	0,000000E+0	33,866051E+0	5,377513E+0	34,012659E+3
43,800000E+0	5,000000E+0	0,000000E+0	33,078626E+0	5,344564E+0	34,020211E+3
43,900000E+0	5,000000E+0	0,000000E+0	33,051035E+0	5,173483E+0	34,027608E+3
44,000000E+0	5,000000E+0	0,000000E+0	33,163913E+0	5,250787E+0	34,035131E+3
44,100000E+0	5,000000E+0	0,000000E+0	33,163913E+0	4,912426E+0	34,042416E+3
44,200000E+0	5,000000E+0	0,000000E+0	34,127913E+0	4,869339E+0	34,049869E+3
44,300000E+0	5,000000E+0	0,000000E+0	35,528609E+0	4,485357E+0	34,057195E+3
44,400000E+0	5,000000E+0	0,000000E+0	35,453895E+0	4,566462E+0	34,064691E+3
44,500000E+0	5,000000E+0	0,000000E+0	34,631434E+0	4,879477E+0	34,072116E+3
44,600000E+0	5,000000E+0	0,000000E+0	33,677693E+0	5,200096E+0	34,079695E+3
44,700000E+0	5,000000E+0	0,000000E+0	33,302039E+0	5,298943E+0	34,087191E+3
44,800000E+0	5,000000E+0	0,000000E+0	33,675168E+0	5,145603E+0	34,094798E+3
44,900000E+0	5,000000E+0	0,000000E+0	33,467737E+0	5,196294E+0	34,102195E+3
45,000000E+0	5,000000E+0	0,000000E+0	34,513420E+0	4,837657E+0	34,109677E+3
45,100000E+0	5,000000E+0	0,000000E+0	34,671539E+0	4,804708E+0	34,117116E+3
45,200000E+0	5,000000E+0	0,000000E+0	36,375097E+0	4,277525E+0	34,124597E+3
45,300000E+0	5,000000E+0	0,000000E+0	34,220199E+0	5,051826E+0	34,132092E+3
45,400000E+0	5,000000E+0	0,000000E+0	33,478589E+0	5,285003E+0	34,139672E+3
45,500000E+0	5,000000E+0	0,000000E+0	33,329411E+0	5,301477E+0	34,147223E+3
45,600000E+0	5,000000E+0	0,000000E+0	32,903148E+0	5,405393E+0	34,154733E+3
45,700000E+0	5,000000E+0	0,000000E+0	33,707756E+0	5,101249E+0	34,162228E+3
45,800000E+0	5,000000E+0	0,000000E+0	33,566720E+0	5,135465E+0	34,169653E+3
45,900000E+0	5,000000E+0	0,000000E+0	35,003086E+0	4,657705E+0	34,177106E+3
46,000000E+0	5,000000E+0	0,000000E+0	34,900554E+0	4,728672E+0	34,184503E+3
46,100000E+0	5,000000E+0	0,000000E+0	34,966356E+0	4,737543E+0	34,192013E+3
46,200000E+0	5,000000E+0	0,000000E+0	33,506803E+0	5,236847E+0	34,199480E+3
46,300000E+0	5,000000E+0	0,000000E+0	33,267984E+0	5,287537E+0	34,207045E+3
46,400000E+0	5,000000E+0	0,000000E+0	33,310680E+0	5,241916E+0	34,214555E+3
46,500000E+0	5,000000E+0	0,000000E+0	32,853769E+0	5,362306E+0	34,221994E+3
46,600000E+0	5,000000E+0	0,000000E+0	33,551258E+0	5,097447E+0	34,229377E+3
46,700000E+0	5,000000E+0	0,000000E+0	33,364326E+0	5,146871E+0	34,236816E+3
46,800000E+0	5,000000E+0	0,000000E+0	34,446679E+0	4,781898E+0	34,244128E+3
46,900000E+0	5,000000E+0	0,000000E+0	34,301424E+0	4,852865E+0	34,251539E+3
47,000000E+0	5,000000E+0	0,000000E+0	35,831072E+0	4,376372E+0	34,258866E+3
47,100000E+0	5,000000E+0	0,000000E+0	35,325752E+0	4,608282E+0	34,266319E+3
47,200000E+0	5,000000E+0	0,000000E+0	34,618712E+0	4,879477E+0	34,273758E+3
47,300000E+0	5,000000E+0	0,000000E+0	33,641370E+0	5,207700E+0	34,281309E+3
47,400000E+0	5,000000E+0	0,000000E+0	33,381109E+0	5,268528E+0	34,288763E+3
47,500000E+0	5,000000E+0	0,000000E+0	33,654560E+0	5,150673E+0	34,296286E+3
47,600000E+0	5,000000E+0	0,000000E+0	33,402115E+0	5,215303E+0	34,303697E+3
47,700000E+0	5,000000E+0	0,000000E+0	33,402115E+0	4,936504E+0	34,311150E+3
47,800000E+0	5,000000E+0	0,000000E+0	34,193442E+0	4,966919E+0	34,318519E+3
47,900000E+0	5,000000E+0	0,000000E+0	34,120878E+0	4,537315E+0	34,325958E+3
48,000000E+0	5,000000E+0	0,000000E+0	35,526572E+0	4,568997E+0	34,333425E+3
48,100000E+0	5,000000E+0	0,000000E+0	34,766176E+0	4,861736E+0	34,340878E+3
48,200000E+0	5,000000E+0	0,000000E+0	33,377975E+0	5,324288E+0	34,348402E+3
48,300000E+0	5,000000E+0	0,000000E+0	33,396229E+0	5,282468E+0	34,355911E+3
48,400000E+0	5,000000E+0	0,000000E+0	33,373798E+0	5,258390E+0	34,363420E+3
48,500000E+0	5,000000E+0	0,000000E+0	32,997759E+0	5,350901E+0	34,370831E+3
48,600000E+0	5,000000E+0	0,000000E+0	33,840781E+0	5,040420E+0	34,378284E+3
48,700000E+0	5,000000E+0	0,000000E+0	33,799341E+0	5,049291E+0	34,385695E+3
48,800000E+0	5,000000E+0	0,000000E+0	34,911328E+0	4,685585E+0	34,393078E+3
48,900000E+0	5,000000E+0	0,000000E+0	34,657596E+0	4,802174E+0	34,400405E+3
49,000000E+0	5,000000E+0	0,000000E+0	35,846723E+0	4,441003E+0	34,407914E+3
49,100000E+0	5,000000E+0	0,000000E+0	34,048617E+0	5,082240E+0	34,415283E+3
49,200000E+0	5,000000E+0	0,000000E+0	33,748909E+0	5,169682E+0	34,422848E+3
49,300000E+0	5,000000E+0	0,000000E+0	33,277510E+0	5,302745E+0	34,430287E+3
49,400000E+0	5,000000E+0	0,000000E+0	33,137964E+0	5,314150E+0	34,437811E+3
49,500000E+0	5,000000E+0	0,000000E+0	33,490127E+0	5,165880E+0	34,445208E+3
49,600000E+0	5,000000E+0	0,000000E+0	33,173447E+0	5,249519E+0	34,452675E+3
49,700000E+0	5,000000E+0	0,000000E+0	34,106414E+0	4,921297E+0	34,460016E+3
49,800000E+0	5,000000E+0	0,000000E+0	34,113820E+0	4,927633E+0	34,467441E+3
49,900000E+0	5,000000E+0	0,000000E+0	35,428935E+0	4,511970E+0	34,474767E+3
50,000000E+0	5,000000E+0	0,000000E+0	35,171988E+0	4,648835E+0	34,482220E+3
50,100000E+0	5,000000E+0	0,000000E+0	34,997769E+0	4,743880E+0	34,489631E+3
50,200000E+0	5,000000E+0	0,000000E+0	33,874326E+0	5,134198E+0	34,497169E+3
50,300000E+0	5,000000E+0	0,000000E+0	33,596080E+0	5,208967E+0	34,504692E+3
50,400000E+0	5,000000E+0	0,000000E+0	33,496660E+0	5,217838E+0	34,512173E+3
50,500000E+0	5,000000E+0	0,000000E+0	33,331251E+0	5,246985E+0	34,519627E+3
50,600000E+0	5,000000E+0	0,000000E+0	34,068411E+0	4,982126E+0	34,527108E+3
50,700000E+0	5,000000E+0	0,000000E+0	33,960485E+0	5,018877E+0	34,534505E+3
50,800000E+0	5,000000E+0	0,000000E+0	35,153739E+0	4,632360E+0	34,541873E+3
50,900000E+0	5,000000E+0	0,000000E+0	35,083527E+0	4,695723E+0	34,549312E+3
51,000000E+0	5,000000E+0	0,000000E+0	35,011186E+0	4,752751E+0	34,556808E+3
51,100000E+0	5,000000E+0	0,000000E+0	33,483465E+0	5,272330E+0	34,564345E+3
51,200000E+0	5,000000E+0	0,000000E+0	33,334713E+0	5,290072E+0	34,571883E+3
51,300000E+0	5,000000E+0	0,000000E+0	33,334713E+0	5,297676E+0	34,579392E+3
51,400000E+0	5,000000E+0	0,000000E+0	33,069590E+0	5,310348E+0	34,586930E+3
51,500000E+0	5,000000E+0	0,000000E+0	33,832156E+0	5,030282E+0	34,594312E+3
51,600000E+0	5,000000E+0	0,000000E+0	33,727332E+0	5,060697E+0	34,601695E+3
51,700000E+0	5,000000E+0	0,000000E+0	34,945536E+0	4,661507E+0	34,609106E+3
51,800000E+0	5,000000E+0	0,000000E+0	34,888899E+0	4,717267E+0	34,616489E+3
51,900000E+0	5,000000E+0	0,000000E+0	35,198574E+0	4,648835E+0	34,623942E+3
52,000000E+0	5,000000E+0	0,000000E+0	33,553189E+0	5,217838E+0	34,631466E+3
52,100000E+0	5,000000E+0	0,000000E+0	33,427116E+0	5,234312E+0	34,638975E+3
52,200000E+0	5,000000E+0	0,000000E+0	32,945286E+0	5,363573E+0	34,646400E+3
52,300000E+0	5,000000E+0	0,000000E+0	32,981494E+0	5,311615E+0	34,653895E+3
52,400000E+0	5,000000E+0	0,000000E+0	33,421068E+0	5,135465E+0	34,661278E+3
52,500000E+0	5,000000E+0	0,000000E+0	33,244659E+0	5,177285E+0	34,668689E+3
52,600000E+0	5,000000E+0	0,000000E+0	33,938924E+0	4,933970E+0	34,676002E+3
52,700000E+0	5,000000E+0	0,000000E+0	33,690220E+0	5,021411E+0	34,683455E+3
52,800000E+0	5,000000E+0	0,000000E+0	35,291697E+0	4,503099E+0	34,690753E+3
52,900000E+0	5,000000E+0	0,000000E+0	34,833255E+0	4,705862E+0	34,698080E+3
53,000000E+0	5,000000E+0	0,000000E+0	35,469408E+0	4,533513E+0	34,705491E+3
53,100000E+0	5,000000E+0	0,000000E+0	34,142979E+0	5,012540E+0	34,713014E+3
53,200000E+0	5,000000E+0	0,000000E+0	33,922317E+0	5,082240E+0	34,720453E+3
53,300000E+0	5,000000E+0	0,000000E+0	33,327589E+0	5,264727E+0	34,728019E+3
53,400000E+0	5,000000E+0	0,000000E+0	33,287659E+0	5,248252E+0	34,735472E+3
53,500000E+0	5,000000E+0	0,000000E+0	33,796234E+0	5,056895E+0	34,742967E+3
53,600000E+0	5,000000E+0	0,000000E+0	33,697990E+0	5,082240E+0	34,750378E+3
53,700000E+0	5,000000E+0	0,000000E+0	34,806510E+0	4,716000E+0	34,757831E+3
53,800000E+0	5,000000E+0	0,000000E+0	34,841268E+0	4,736276E+0	34,765256E+3
53,900000E+0	5,000000E+0	0,000000E+0	35,356818E+0	4,599411E+0	34,772738E+3
54,000000E+0	5,000000E+0	0,000000E+0	33,590759E+0	5,212769E+0	34,780247E+3
54,100000E+0	5,000000E+0	0,000000E+0	33,289418E+0	5,286270E+0	34,787784E+3
54,200000E+0	5,000000E+0	0,000000E+0	33,198808E+0	5,283736E+0	34,795308E+3
54,300000E+0	5,000000E+0	0,000000E+0	32,865187E+0	5,359772E+0	34,802775E+3
54,400000E+0	5,000000E+0	0,000000E+0	33,583216E+0	5,088576E+0	34,810242E+3
54,500000E+0	5,000000E+0	0,000000E+0	33,344265E+0	5,155742E+0	34,817611E+3
54,600000E+0	5,000000E+0	0,000000E+0	33,344265E+0	4,732474E+0	34,825036E+3
54,700000E+0	5,000000E+0	0,000000E+0	34,604511E+0	4,830054E+0	34,832377E+3
54,800000E+0	5,000000E+0	0,000000E+0	34,393653E+0	4,269922E+0	34,839830E+3
54,900000E+0	5,000000E+0	0,000000E+0	36,190765E+0	5,087309E+0	34,847311E+3
55,000000E+0	5,000000E+0	0,000000E+0	33,904741E+0	5,122793E+0	34,854792E+3
55,100000E+0	5,000000E+0	0,000000E+0	33,764566E+0	5,319219E+0	34,862245E+3
55,200000E+0	5,000000E+0	0,000000E+0	33,112618E+0	5,324288E+0	34,869755E+3
55,300000E+0	5,000000E+0	0,000000E+0	32,987072E+0	5,229243E+0	34,877109E+3
55,400000E+0	5,000000E+0	0,000000E+0	33,170537E+0	5,274865E+0	34,884548E+3
55,500000E+0	5,000000E+0	0,000000E+0	32,950067E+0	4,988462E+0	34,891819E+3
55,600000E+0	5,000000E+0	0,000000E+0	33,744507E+0	5,110120E+0	34,899202E+3
55,700000E+0	5,000000E+0	0,000000E+0	33,370851E+0	4,812312E+0	34,906472E+3
55,800000E+0	5,000000E+0	0,000000E+0	33,720089E+0	5,006204E+0	34,913812E+3
55,900000E+0	5,000000E+0	0,000000E+0	35,212722E+0	4,524642E+0	34,921097E+3
56,000000E+0	5,000000E+0	0,000000E+0	34,904214E+0	4,676714E+0	34,928480E+3
56,100000E+0	5,000000E+0	0,000000E+0	36,577062E+0	4,173609E+0	34,935806E+3
56,200000E+0	5,000000E+0	0,000000E+0	34,430377E+0	4,956781E+0	34,943358E+3
56,300000E+0	5,000000E+0	0,000000E+0	34,130557E+0	5,058162E+0	34,950755E+3
56,400000E+0	5,000000E+0	0,000000E+0	33,551978E+0	5,238114E+0	34,958405E+3
56,500000E+0	5,000000E+0	0,000000E+0	33,332391E+0	5,282468E+0	34,965773E+3
56,600000E+0	5,000000E+0	0,000000E+0	33,781992E+0	5,106318E+0	34,973283E+3
56,700000E+0	5,000000E+0	0,000000E+0	33,611676E+0	5,149405E+0	34,980680E+3
56,800000E+0	5,000000E+0	0,000000E+0	34,815098E+0	4,745147E+0	34,988189E+3
56,900000E+0	5,000000E+0	0,000000E+0	34,706088E+0	4,808510E+0	34,995516E+3
57,000000E+0	5,000000E+0	0,000000E+0	36,494877E+0	4,253447E+0	35,002983E+3
57,100000E+0	5,000000E+0	0,000000E+0	34,277457E+0	5,050558E+0	35,010478E+3
57,200000E+0	5,000000E+0	0,000000E+0	33,705428E+0	5,229243E+0	35,018044E+3
57,300000E+0	5,000000E+0	0,000000E+0	33,331548E+0	5,324288E+0	35,025666E+3
57,400000E+0	5,000000E+0	0,000000E+0	33,035114E+0	5,383850E+0	35,033105E+3
57,500000E+0	5,000000E+0	0,000000E+0	33,693723E+0	5,129129E+0	35,040614E+3
57,600000E+0	5,000000E+0	0,000000E+0	33,621768E+0	5,138000E+0	35,048011E+3
57,700000E+0	5,000000E+0	0,000000E+0	35,025793E+0	4,670378E+0	35,055492E+3
57,800000E+0	5,000000E+0	0,000000E+0	34,777292E+0	4,786967E+0	35,062875E+3
57,900000E+0	5,000000E+0	0,000000E+0	35,157396E+0	4,688120E+0	35,070384E+3
58,000000E+0	5,000000E+0	0,000000E+0	33,714845E+0	5,187423E+0	35,077823E+3
58,100000E+0	5,000000E+0	0,000000E+0	33,524497E+0	5,227976E+0	35,085389E+3
58,200000E+0	5,000000E+0	0,000000E+0	33,080248E+0	5,345832E+0	35,092828E+3
58,300000E+0	5,000000E+0	0,000000E+0	32,984884E+0	5,338228E+0	35,100323E+3
58,400000E+0	5,000000E+0	0,000000E+0	33,482175E+0	5,140534E+0	35,107692E+3
58,500000E+0	5,000000E+0	0,000000E+0	33,264686E+0	5,195027E+0	35,115103E+3
58,600000E+0	5,000000E+0	0,000000E+0	33,992184E+0	4,939039E+0	35,122388E+3
58,700000E+0	5,000000E+0	0,000000E+0	33,722068E+0	5,032817E+0	35,129784E+3
58,800000E+0	5,000000E+0	0,000000E+0	34,906593E+0	4,647567E+0	35,137041E+3
58,900000E+0	5,000000E+0	0,000000E+0	34,736744E+0	4,741345E+0	35,144466E+3
59,000000E+0	5,000000E+0	0,000000E+0	36,466032E+0	4,212895E+0	35,151778E+3
59,100000E+0	5,000000E+0	0,000000E+0	34,726727E+0	4,860468E+0	35,159259E+3
59,200000E+0	5,000000E+0	0,000000E+0	34,086346E+0	5,082240E+0	35,166783E+3
59,300000E+0	5,000000E+0	0,000000E+0	33,562422E+0	5,241916E+0	35,174264E+3
59,400000E+0	5,000000E+0	0,000000E+0	33,400531E+0	5,267261E+0	35,181731E+3
59,500000E+0	5,000000E+0	0,000000E+0	33,705887E+0	5,139267E+0	35,189213E+3
59,600000E+0	5,000000E+0	0,000000E+0	33,610776E+0	5,154474E+0	35,196623E+3
59,700000E+0	5,000000E+0	0,000000E+0	34,560704E+0	4,831321E+0	35,204062E+3
59,800000E+0	5,000000E+0	0,000000E+0	34,575460E+0	4,845261E+0	35,211459E+3
59,900000E+0	5,000000E+0	0,000000E+0	36,005450E+0	4,401717E+0	35,218884E+3
60,000000E+0	5,000000E+0	0,000000E+0	35,046914E+0	4,776829E+0	35,226338E+3
60,100000E+0	5,000000E+0	0,000000E+0	34,281895E+0	5,048024E+0	35,233861E+3
60,200000E+0	5,000000E+0	0,000000E+0	33,415717E+0	5,321754E+0	35,241398E+3
60,300000E+0	5,000000E+0	0,000000E+0	33,159491E+0	5,368643E+0	35,248908E+3
60,400000E+0	5,000000E+0	0,000000E+0	33,477174E+0	5,225441E+0	35,256417E+3
60,500000E+0	5,000000E+0	0,000000E+0	33,206876E+0	5,287537E+0	35,263814E+3
60,600000E+0	5,000000E+0	0,000000E+0	34,382449E+0	4,876943E+0	35,271253E+3
60,700000E+0	5,000000E+0	0,000000E+0	34,047156E+0	4,998600E+0	35,278608E+3
60,800000E+0	5,000000E+0	0,000000E+0	35,715483E+0	4,461279E+0	35,286103E+3
60,900000E+0	5,000000E+0	0,000000E+0	35,424837E+0	4,614618E+0	35,293472E+3
61,000000E+0	5,000000E+0	0,000000E+0	34,739220E+0	4,878210E+0	35,300939E+3
61,100000E+0	5,000000E+0	0,000000E+0	34,739220E+0	5,292606E+0	35,308378E+3
61,200000E+0	5,000000E+0	0,000000E+0	33,494829E+0	5,296408E+0	35,315944E+3
61,300000E+0	5,000000E+0	0,000000E+0	33,382372E+0	5,240649E+0	35,323341E+3
61,400000E+0	5,000000E+0	0,000000E+0	33,122886E+0	5,320486E+0	35,330822E+3
61,500000E+0	5,000000E+0	0,000000E+0	33,673483E+0	5,107585E+0	35,338162E+3
61,600000E+0	5,000000E+0	0,000000E+0	33,546001E+0	5,136733E+0	35,345573E+3
61,700000E+0	5,000000E+0	0,000000E+0	34,427294E+0	4,837657E+0	35,352872E+3
61,800000E+0	5,000000E+0	0,000000E+0	34,066179E+0	4,971988E+0	35,360269E+3
61,900000E+0	5,000000E+0	0,000000E+0	35,684657E+0	4,453675E+0	35,367567E+3
62,000000E+0	5,000000E+0	0,000000E+0	35,361225E+0	4,618420E+0	35,374992E+3
62,100000E+0	5,000000E+0	0,000000E+0	35,378414E+0	4,655171E+0	35,382375E+3
62,200000E+0	5,000000E+0	0,000000E+0	34,171412E+0	5,082240E+0	35,389912E+3
62,300000E+0	5,000000E+0	0,000000E+0	33,911039E+0	5,157009E+0	35,397352E+3
62,400000E+0	5,000000E+0	0,000000E+0	33,644614E+0	5,225441E+0	35,404889E+3
62,500000E+0	5,000000E+0	0,000000E+0	33,382183E+0	5,285003E+0	35,412314E+3
62,600000E+0	5,000000E+0	0,000000E+0	34,035459E+0	5,042955E+0	35,419795E+3
62,700000E+0	5,000000E+0	0,000000E+0	33,949878E+0	5,065766E+0	35,427178E+3
62,800000E+0	5,000000E+0	0,000000E+0	35,048330E+0	4,704594E+0	35,434603E+3
62,900000E+0	5,000000E+0	0,000000E+0	35,106680E+0	4,718534E+0	35,442000E+3
63,000000E+0	5,000000E+0	0,000000E+0	36,946089E+0	4,157135E+0	35,449467E+3
63,100000E+0	5,000000E+0	0,000000E+0	34,140292E+0	5,154474E+0	35,456977E+3
63,200000E+0	5,000000E+0	0,000000E+0	33,540383E+0	5,330625E+0	35,464570E+3
63,300000E+0	5,000000E+0	0,000000E+0	33,501386E+0	5,306546E+0	35,472136E+3
63,400000E+0	5,000000E+0	0,000000E+0	33,112715E+0	5,397790E+0	35,479659E+3
63,500000E+0	5,000000E+0	0,000000E+0	34,085150E+0	5,040420E+0	35,487169E+3
63,600000E+0	5,000000E+0	0,000000E+0	34,075179E+0	5,039153E+0	35,494594E+3
63,700000E+0	5,000000E+0	0,000000E+0	35,816096E+0	4,473952E+0	35,502103E+3
63,800000E+0	5,000000E+0	0,000000E+0	34,569160E+0	4,933970E+0	35,509514E+3
63,900000E+0	5,000000E+0	0,000000E+0	34,182780E+0	5,065766E+0	35,517094E+3
64,000000E+0	5,000000E+0	0,000000E+0	33,239695E+0	5,362306E+0	35,524575E+3
64,100000E+0	5,000000E+0	0,000000E+0	33,181933E+0	5,340763E+0	35,532127E+3
64,200000E+0	5,000000E+0	0,000000E+0	33,316461E+0	5,259658E+0	35,539552E+3
64,300000E+0	5,000000E+0	0,000000E+0	33,258607E+0	5,249519E+0	35,547033E+3
64,400000E+0	5,000000E+0	0,000000E+0	34,077500E+0	4,958048E+0	35,554388E+3
64,500000E+0	5,000000E+0	0,000000E+0	33,796912E+0	5,053093E+0	35,561812E+3
64,600000E+0	5,000000E+0	0,000000E+0	35,729713E+0	4,424528E+0	35,569223E+3
64,700000E+0	5,000000E+0	0,000000E+0	35,274698E+0	4,634895E+0	35,576620E+3
64,800000E+0	5,000000E+0	0,000000E+0	34,920395E+0	4,789501E+0	35,584059E+3
64,900000E+0	5,000000E+0	0,000000E+0	33,773391E+0	5,182354E+0	35,591611E+3
65,000000E+0	5,000000E+0	0,000000E+0	33,687060E+0	5,189958E+0	35,599092E+3
65,100000E+0	5,000000E+0	0,000000E+0	33,562710E+0	5,208967E+0	35,606644E+3
65,200000E+0	5,000000E+0	0,000000E+0	33,357083E+0	5,252054E+0	35,614097E+3
65,300000E+0	5,000000E+0	0,000000E+0	34,324581E+0	4,912426E+0	35,621578E+3
65,400000E+0	5,000000E+0	0,000000E+0	34,248499E+0	4,946642E+0	35,628989E+3
65,500000E+0	5,000000E+0	0,000000E+0	35,852094E+0	4,435934E+0	35,636442E+3
65,600000E+0	5,000000E+0	0,000000E+0	35,794383E+0	4,517039E+0	35,643895E+3
65,700000E+0	5,000000E+0	0,000000E+0	34,426418E+0	5,011273E+0	35,651419E+3
65,800000E+0	5,000000E+0	0,000000E+0	33,352601E+0	5,355970E+0	35,658998E+3
65,900000E+0	5,000000E+0	0,000000E+0	33,068870E+0	5,407928E+0	35,666536E+3
66,000000E+0	5,000000E+0	0,000000E+0	33,730997E+0	5,149405E+0	35,674116E+3
66,100000E+0	5,000000E+0	0,000000E+0	33,447520E+0	5,224174E+0	35,681498E+3
66,200000E+0	5,000000E+0	0,000000E+0	34,727495E+0	4,786967E+0	35,688994E+3
66,300000E+0	5,000000E+0	0,000000E+0	34,541161E+0	4,870606E+0	35,696377E+3
66,400000E+0	5,000000E+0	0,000000E+0	36,450198E+0	4,269922E+0	35,703886E+3
66,500000E+0	5,000000E+0	0,000000E+0	33,904557E+0	5,170949E+0	35,711339E+3
66,600000E+0	5,000000E+0	0,000000E+0	33,566465E+0	5,260925E+0	35,718933E+3
66,700000E+0	5,000000E+0	0,000000E+0	33,079413E+0	5,388919E+0	35,726428E+3
66,800000E+0	5,000000E+0	0,000000E+0	32,937758E+0	5,391453E+0	35,733966E+3
66,900000E+0	5,000000E+0	0,000000E+0	33,703892E+0	5,101249E+0	35,741377E+3
67,000000E+0	5,000000E+0	0,000000E+0	33,523519E+0	5,148138E+0	35,748830E+3
67,100000E+0	5,000000E+0	0,000000E+0	34,754913E+0	4,735009E+0	35,756170E+3
67,200000E+0	5,000000E+0	0,000000E+0	34,798867E+0	4,750216E+0	35,763609E+3
67,300000E+0	5,000000E+0	0,000000E+0	36,462165E+0	4,242042E+0	35,770992E+3
67,400000E+0	5,000000E+0	0,000000E+0	34,484685E+0	4,963117E+0	35,778488E+3
67,500000E+0	5,000000E+0	0,000000E+0	34,033209E+0	5,112654E+0	35,786025E+3
67,600000E+0	5,000000E+0	0,000000E+0	33,553892E+0	5,254588E+0	35,793520E+3
67,700000E+0	5,000000E+0	0,000000E+0	33,419111E+0	5,269796E+0	35,801044E+3
67,800000E+0	5,000000E+0	0,000000E+0	33,849470E+0	5,101249E+0	35,808469E+3
67,900000E+0	5,000000E+0	0,000000E+0	33,673030E+0	5,146871E+0	35,815880E+3
68,000000E+0	0,000000E+0	0,000000E+0	100,000000E-3	4,778096E+0	35,823333E+3
