t [s] || setpoint speed [rot. s^-1] || setpoint pos [°] || duty cycle [%] || Ang Speed [rot. s^-1] ||
Ang Pos [°]
0,000000E+0	0,000000E+0	45,000000E+0	100,000000E-3	-27,384137E-3	-0,000000E+0
100,000000E-3	0,000000E+0	45,000000E+0	100,000000E-3	-40,056821E-3	-0,000000E+0
200,000000E-3	0,000000E+0	45,000000E+0	100,000000E-3	-13,444186E-3	-0,000000E+0
300,000000E-3	0,000000E+0	45,000000E+0	100,000000E-3	-13,444186E-3	-0,000000E+0
400,000000E-3	0,000000E+0	45,000000E+0	100,000000E-3	-33,720479E-3	-0,000000E+0
500,000000E-3	0,000000E+0	45,000000E+0	100,000000E-3	-36,255016E-3	-0,000000E+0
600,000000E-3	0,000000E+0	45,000000E+0	100,000000E-3	-13,444186E-3	-0,000000E+0
700,000000E-3	0,000000E+0	45,000000E+0	100,000000E-3	-23,582332E-3	-0,000000E+0
800,000000E-3	0,000000E+0	45,000000E+0	100,000000E-3	-34,987747E-3	-0,000000E+0
900,000000E-3	0,000000E+0	45,000000E+0	100,000000E-3	-42,591357E-3	-0,000000E+0
1,000000E+0	0,000000E+0	45,000000E+0	100,000000E-3	-24,849601E-3	-0,000000E+0
1,100000E+0	0,000000E+0	45,000000E+0	100,000000E-3	-37,522284E-3	-0,000000E+0
1,200000E+0	0,000000E+0	45,000000E+0	100,000000E-3	-34,987747E-3	-0,000000E+0
1,300000E+0	0,000000E+0	45,000000E+0	100,000000E-3	-12,176917E-3	-0,000000E+0
1,400000E+0	0,000000E+0	45,000000E+0	100,000000E-3	-37,522284E-3	-0,000000E+0
1,500000E+0	0,000000E+0	45,000000E+0	100,000000E-3	-12,176917E-3	-0,000000E+0
1,600000E+0	0,000000E+0	45,000000E+0	100,000000E-3	-108,489311E-3	-0,000000E+0
1,700000E+0	0,000000E+0	45,000000E+0	100,000000E-3	-9,642381E-3	-0,000000E+0
1,800000E+0	0,000000E+0	45,000000E+0	100,000000E-3	-47,660431E-3	-0,000000E+0
1,900000E+0	0,000000E+0	45,000000E+0	100,000000E-3	-88,213017E-3	-0,000000E+0
2,000000E+0	0,000000E+0	45,000000E+0	100,000000E-3	-13,444186E-3	-0,000000E+0
2,100000E+0	0,000000E+0	45,000000E+0	61,628366E+0	528,946637E-3	182,812500E-3
2,200000E+0	0,000000E+0	45,000000E+0	59,683029E+0	2,048401E+0	2,137500E+0
2,300000E+0	0,000000E+0	45,000000E+0	57,507045E+0	1,296911E+0	4,935938E+0
2,400000E+0	0,000000E+0	45,000000E+0	14,918266E+0	-501,342508E-3	5,385937E+0
2,500000E+0	0,000000E+0	45,000000E+0	38,480309E+0	-349,270300E-3	4,654688E+0
2,600000E+0	0,000000E+0	45,000000E+0	36,481061E+0	910,394364E-3	5,090625E+0
2,700000E+0	0,000000E+0	45,000000E+0	100,000000E-3	1,417302E+0	6,904688E+0
2,800000E+0	0,000000E+0	45,000000E+0	22,225833E+0	774,796670E-3	8,676563E+0
2,900000E+0	0,000000E+0	45,000000E+0	5,913216E+0	66,393718E-3	9,365625E+0
3,000000E+0	0,000000E+0	45,000000E+0	24,344687E+0	-23,582332E-3	9,309375E+0
3,100000E+0	0,000000E+0	45,000000E+0	28,211420E+0	521,343028E-3	9,689063E+0
3,200000E+0	0,000000E+0	45,000000E+0	6,849294E+0	1,010509E+0	10,884375E+0
3,300000E+0	0,000000E+0	45,000000E+0	13,591308E+0	892,652610E-3	12,360938E+0
3,400000E+0	0,000000E+0	45,000000E+0	2,710154E+0	252,682158E-3	13,204688E+0
3,500000E+0	0,000000E+0	45,000000E+0	5,779358E+0	94,273621E-3	13,514062E+0
3,600000E+0	0,000000E+0	45,000000E+0	19,319177E+0	208,327768E-3	13,781250E+0
3,700000E+0	0,000000E+0	45,000000E+0	23,129322E+0	520,075760E-3	14,357812E+0
3,800000E+0	0,000000E+0	45,000000E+0	5,280444E+0	722,838674E-3	15,384375E+0
3,900000E+0	0,000000E+0	45,000000E+0	346,473250E-3	503,601272E-3	16,368750E+0
4,000000E+0	0,000000E+0	45,000000E+0	5,464951E+0	289,432938E-3	16,987500E+0
4,100000E+0	0,000000E+0	45,000000E+0	13,701559E+0	222,267719E-3	17,395312E+0
4,200000E+0	0,000000E+0	45,000000E+0	18,962368E+0	322,381913E-3	17,859375E+0
4,300000E+0	0,000000E+0	45,000000E+0	14,244309E+0	513,739418E-3	18,562500E+0
4,400000E+0	0,000000E+0	45,000000E+0	5,550361E+0	516,273955E-3	19,378125E+0
4,500000E+0	0,000000E+0	45,000000E+0	9,177543E+0	404,754350E-3	20,095313E+0
4,600000E+0	0,000000E+0	45,000000E+0	3,670061E+0	398,418008E-3	20,700000E+0
4,700000E+0	0,000000E+0	45,000000E+0	4,674360E+0	262,820304E-3	21,262500E+0
4,800000E+0	0,000000E+0	45,000000E+0	10,735216E+0	198,189622E-3	21,628125E+0
4,900000E+0	0,000000E+0	45,000000E+0	11,033988E+0	333,787327E-3	22,021875E+0
5,000000E+0	0,000000E+0	45,000000E+0	11,677871E+0	322,381913E-3	22,528125E+0
5,100000E+0	0,000000E+0	45,000000E+0	13,064549E+0	281,829328E-3	23,020312E+0
5,200000E+0	0,000000E+0	45,000000E+0	14,520105E+0	348,994546E-3	23,582812E+0
5,300000E+0	0,000000E+0	45,000000E+0	17,854918E+0	430,099715E-3	24,159375E+0
5,400000E+0	0,000000E+0	45,000000E+0	3,047433E+0	525,144832E-3	24,904688E+0
5,500000E+0	0,000000E+0	45,000000E+0	5,085692E+0	267,889377E-3	25,537500E+0
5,600000E+0	0,000000E+0	45,000000E+0	6,574769E+0	169,042451E-3	25,931250E+0
5,700000E+0	0,000000E+0	45,000000E+0	15,418755E+0	114,549914E-3	26,128125E+0
5,800000E+0	0,000000E+0	45,000000E+0	17,654040E+0	316,045571E-3	26,423438E+0
5,900000E+0	0,000000E+0	45,000000E+0	14,113811E+0	479,523176E-3	27,042188E+0
6,000000E+0	0,000000E+0	45,000000E+0	6,531874E+0	416,159764E-3	27,787500E+0
6,100000E+0	0,000000E+0	45,000000E+0	1,220094E+0	336,321864E-3	28,476562E+0
6,200000E+0	0,000000E+0	45,000000E+0	2,401536E+0	133,558939E-3	28,870313E+0
6,300000E+0	0,000000E+0	45,000000E+0	11,723371E+0	30,910206E-3	29,010938E+0
6,400000E+0	0,000000E+0	45,000000E+0	23,143390E+0	228,604060E-3	29,207812E+0
6,500000E+0	0,000000E+0	45,000000E+0	10,344574E+0	547,955661E-3	29,812500E+0
6,600000E+0	0,000000E+0	45,000000E+0	1,235924E+0	309,709230E-3	30,557813E+0
6,700000E+0	0,000000E+0	45,000000E+0	10,557888E+0	93,006353E-3	30,895312E+0
6,800000E+0	0,000000E+0	45,000000E+0	10,111611E+0	148,766158E-3	31,120313E+0
6,900000E+0	0,000000E+0	45,000000E+0	13,051680E+0	210,862304E-3	31,415625E+0
7,000000E+0	0,000000E+0	45,000000E+0	4,338441E+0	326,183718E-3	31,851562E+0
7,100000E+0	0,000000E+0	45,000000E+0	2,807439E+0	179,180597E-3	32,273437E+0
7,200000E+0	0,000000E+0	45,000000E+0	8,430674E+0	66,393718E-3	32,470312E+0
7,300000E+0	0,000000E+0	45,000000E+0	15,399106E+0	75,264597E-3	32,596875E+0
7,400000E+0	0,000000E+0	45,000000E+0	14,955220E+0	218,465914E-3	32,906250E+0
7,500000E+0	0,000000E+0	45,000000E+0	5,087600E+0	299,571084E-3	33,356250E+0
7,600000E+0	0,000000E+0	45,000000E+0	1,693527E+0	199,456890E-3	33,806250E+0
7,700000E+0	0,000000E+0	45,000000E+0	6,245167E+0	51,186499E-3	34,017187E+0
7,800000E+0	0,000000E+0	45,000000E+0	14,982435E+0	41,048352E-3	34,087500E+0
7,900000E+0	0,000000E+0	45,000000E+0	14,018713E+0	221,000451E-3	34,312500E+0
8,000000E+0	0,000000E+0	45,000000E+0	5,726486E+0	316,045571E-3	34,776563E+0
8,100000E+0	0,000000E+0	45,000000E+0	3,456060E+0	205,793231E-3	35,226562E+0
8,200000E+0	0,000000E+0	45,000000E+0	168,711872E-3	133,558939E-3	35,535938E+0
8,300000E+0	0,000000E+0	45,000000E+0	6,008329E+0	-40,056821E-3	35,648437E+0
8,400000E+0	0,000000E+0	45,000000E+0	21,679337E+0	22,039327E-3	35,662500E+0
8,500000E+0	0,000000E+0	45,000000E+0	11,243111E+0	419,961569E-3	36,042188E+0
8,600000E+0	0,000000E+0	45,000000E+0	2,809025E+0	341,390937E-3	36,675000E+0
8,700000E+0	0,000000E+0	45,000000E+0	2,505883E+0	20,772059E-3	36,998438E+0
8,800000E+0	0,000000E+0	45,000000E+0	8,732859E+0	-61,600382E-3	36,956250E+0
8,900000E+0	0,000000E+0	45,000000E+0	11,786594E+0	35,979279E-3	37,026563E+0
9,000000E+0	0,000000E+0	45,000000E+0	11,256601E+0	127,222597E-3	37,195312E+0
9,100000E+0	0,000000E+0	45,000000E+0	8,628896E+0	143,697085E-3	37,448438E+0
9,200000E+0	0,000000E+0	45,000000E+0	8,842026E+0	65,126450E-3	37,687500E+0
9,300000E+0	0,000000E+0	45,000000E+0	8,142184E+0	72,730060E-3	37,856250E+0
9,400000E+0	0,000000E+0	45,000000E+0	11,641836E+0	44,850157E-3	37,954687E+0
9,500000E+0	0,000000E+0	45,000000E+0	12,610454E+0	60,057377E-3	38,067188E+0
9,600000E+0	0,000000E+0	45,000000E+0	10,728842E+0	133,558939E-3	38,250000E+0
9,700000E+0	0,000000E+0	45,000000E+0	7,169900E+0	153,835231E-3	38,517187E+0
9,800000E+0	0,000000E+0	45,000000E+0	6,040624E+0	124,688060E-3	38,742187E+0
9,900000E+0	0,000000E+0	45,000000E+0	8,330694E+0	32,177474E-3	38,882812E+0
10,000000E+0	0,000000E+0	45,000000E+0	8,753068E+0	52,453767E-3	38,981250E+0
10,100000E+0	0,000000E+0	45,000000E+0	10,626853E+0	22,039327E-3	39,079687E+0
10,200000E+0	0,000000E+0	45,000000E+0	11,303439E+0	51,186499E-3	39,178125E+0
10,300000E+0	0,000000E+0	45,000000E+0	10,536288E+0	85,402743E-3	39,332813E+0
10,400000E+0	0,000000E+0	45,000000E+0	7,236342E+0	124,688060E-3	39,543750E+0
10,500000E+0	0,000000E+0	45,000000E+0	5,607486E+0	80,333670E-3	39,740625E+0
10,600000E+0	0,000000E+0	45,000000E+0	7,729993E+0	28,375669E-3	39,867187E+0
10,700000E+0	0,000000E+0	45,000000E+0	8,182181E+0	25,841132E-3	39,965625E+0
10,800000E+0	0,000000E+0	45,000000E+0	8,992431E+0	18,237522E-3	40,050000E+0
10,900000E+0	0,000000E+0	45,000000E+0	9,684997E+0	39,781084E-3	40,148437E+0
11,000000E+0	0,000000E+0	45,000000E+0	11,046913E+0	47,384694E-3	40,246875E+0
11,100000E+0	0,000000E+0	45,000000E+0	10,620943E+0	60,057377E-3	40,373438E+0
11,200000E+0	0,000000E+0	45,000000E+0	9,325751E+0	35,979279E-3	40,500000E+0
11,300000E+0	0,000000E+0	45,000000E+0	10,914948E+0	20,772059E-3	40,598438E+0
11,400000E+0	0,000000E+0	45,000000E+0	8,582164E+0	112,015377E-3	40,739063E+0
11,500000E+0	0,000000E+0	45,000000E+0	4,554318E+0	105,679036E-3	40,935938E+0
11,600000E+0	0,000000E+0	45,000000E+0	5,228300E+0	32,177474E-3	41,076563E+0
11,700000E+0	0,000000E+0	45,000000E+0	12,843442E+0	-26,116869E-3	41,090625E+0
11,800000E+0	0,000000E+0	45,000000E+0	11,936139E+0	96,808158E-3	41,175000E+0
11,900000E+0	0,000000E+0	45,000000E+0	8,087791E+0	109,480841E-3	41,357813E+0
12,000000E+0	0,000000E+0	45,000000E+0	6,473970E+0	62,591913E-3	41,512500E+0
12,100000E+0	0,000000E+0	45,000000E+0	8,679285E+0	-24,849601E-3	41,568750E+0
12,200000E+0	0,000000E+0	45,000000E+0	14,536673E+0	11,901181E-3	41,596875E+0
12,300000E+0	0,000000E+0	45,000000E+0	9,292878E+0	136,093475E-3	41,765625E+0
12,400000E+0	0,000000E+0	45,000000E+0	2,058134E+0	143,697085E-3	42,060938E+0
12,500000E+0	0,000000E+0	45,000000E+0	685,435626E-3	5,564839E-3	42,243750E+0
12,600000E+0	0,000000E+0	45,000000E+0	4,421351E+0	-55,264041E-3	42,257812E+0
12,700000E+0	0,000000E+0	45,000000E+0	7,438859E+0	495,765883E-6	42,271875E+0
12,800000E+0	0,000000E+0	45,000000E+0	6,042731E+0	53,721035E-3	42,370313E+0
12,900000E+0	0,000000E+0	45,000000E+0	6,526951E+0	1,763034E-3	42,468750E+0
13,000000E+0	0,000000E+0	45,000000E+0	5,127300E+0	5,564839E-3	42,539062E+0
13,100000E+0	0,000000E+0	45,000000E+0	8,743553E+0	495,765883E-6	42,567188E+0
13,200000E+0	0,000000E+0	45,000000E+0	7,236987E+0	32,177474E-3	42,637500E+0
13,300000E+0	0,000000E+0	45,000000E+0	7,918678E+0	5,564839E-3	42,721875E+0
13,400000E+0	0,000000E+0	45,000000E+0	7,653309E+0	-14,711454E-3	42,778125E+0
13,500000E+0	0,000000E+0	45,000000E+0	10,799117E+0	495,765883E-6	42,806250E+0
13,600000E+0	0,000000E+0	45,000000E+0	11,602661E+0	16,970254E-3	42,862500E+0
13,700000E+0	0,000000E+0	45,000000E+0	8,741044E+0	76,531865E-3	42,975000E+0
13,800000E+0	0,000000E+0	45,000000E+0	5,299582E+0	57,522840E-3	43,143750E+0
13,900000E+0	0,000000E+0	45,000000E+0	4,827565E+0	-18,513259E-3	43,242187E+0
14,000000E+0	0,000000E+0	45,000000E+0	7,763286E+0	-26,116869E-3	43,242187E+0
14,100000E+0	0,000000E+0	45,000000E+0	8,939859E+0	33,444742E-3	43,270313E+0
14,200000E+0	0,000000E+0	45,000000E+0	7,295678E+0	44,850157E-3	43,368750E+0
14,300000E+0	0,000000E+0	45,000000E+0	4,971068E+0	47,384694E-3	43,481250E+0
14,400000E+0	0,000000E+0	45,000000E+0	6,923279E+0	-13,444186E-3	43,509375E+0
14,500000E+0	0,000000E+0	45,000000E+0	9,689674E+0	-4,573307E-3	43,509375E+0
14,600000E+0	0,000000E+0	45,000000E+0	10,188194E+0	-771,502440E-6	43,551563E+0
14,700000E+0	0,000000E+0	45,000000E+0	8,549683E+0	24,573864E-3	43,635938E+0
14,800000E+0	0,000000E+0	45,000000E+0	7,244368E+0	15,702986E-3	43,706250E+0
14,900000E+0	0,000000E+0	45,000000E+0	7,106565E+0	-23,582332E-3	43,762500E+0
15,000000E+0	0,000000E+0	45,000000E+0	9,858806E+0	-37,522284E-3	43,762500E+0
15,100000E+0	0,000000E+0	45,000000E+0	10,221520E+0	-12,176917E-3	43,790625E+0
15,200000E+0	0,000000E+0	45,000000E+0	9,339958E+0	5,564839E-3	43,846875E+0
15,300000E+0	0,000000E+0	45,000000E+0	7,825871E+0	11,901181E-3	43,917188E+0
15,400000E+0	0,000000E+0	45,000000E+0	8,161454E+0	495,765883E-6	43,959375E+0
15,500000E+0	0,000000E+0	45,000000E+0	9,709909E+0	-12,176917E-3	43,973438E+0
15,600000E+0	0,000000E+0	45,000000E+0	10,805093E+0	-9,642381E-3	43,987500E+0
15,700000E+0	0,000000E+0	45,000000E+0	10,185663E+0	-5,840576E-3	44,029688E+0
15,800000E+0	0,000000E+0	45,000000E+0	9,493389E+0	29,642937E-3	44,085937E+0
15,900000E+0	0,000000E+0	45,000000E+0	8,985331E+0	-8,375112E-3	44,128125E+0
16,000000E+0	0,000000E+0	45,000000E+0	8,040546E+0	-4,573307E-3	44,170313E+0
16,100000E+0	0,000000E+0	45,000000E+0	8,151026E+0	-771,502440E-6	44,212500E+0
16,200000E+0	0,000000E+0	45,000000E+0	8,703503E+0	-24,849601E-3	44,240625E+0
16,300000E+0	0,000000E+0	45,000000E+0	8,543198E+0	-13,444186E-3	44,268750E+0
16,400000E+0	0,000000E+0	45,000000E+0	7,355999E+0	13,168449E-3	44,310938E+0
16,500000E+0	0,000000E+0	45,000000E+0	7,756369E+0	-23,582332E-3	44,339063E+0
16,600000E+0	0,000000E+0	45,000000E+0	8,148622E+0	-21,047796E-3	44,353125E+0
16,700000E+0	0,000000E+0	45,000000E+0	7,432128E+0	24,573864E-3	44,395313E+0
16,800000E+0	0,000000E+0	45,000000E+0	6,725700E+0	15,702986E-3	44,451563E+0
16,900000E+0	0,000000E+0	45,000000E+0	8,028126E+0	-38,789552E-3	44,451563E+0
17,000000E+0	0,000000E+0	45,000000E+0	8,313295E+0	-17,245991E-3	44,465625E+0
17,100000E+0	0,000000E+0	45,000000E+0	8,450615E+0	-28,651406E-3	44,493750E+0
17,200000E+0	0,000000E+0	45,000000E+0	8,099813E+0	-18,513259E-3	44,521875E+0
17,300000E+0	0,000000E+0	45,000000E+0	7,340702E+0	-2,038771E-3	44,550000E+0
17,400000E+0	0,000000E+0	45,000000E+0	8,044291E+0	-28,651406E-3	44,564062E+0
17,500000E+0	0,000000E+0	45,000000E+0	8,035312E+0	-12,176917E-3	44,578125E+0
17,600000E+0	0,000000E+0	45,000000E+0	8,137827E+0	-27,384137E-3	44,606250E+0
17,700000E+0	0,000000E+0	45,000000E+0	8,792196E+0	-26,116869E-3	44,606250E+0
17,800000E+0	0,000000E+0	45,000000E+0	8,828087E+0	1,763034E-3	44,620313E+0
17,900000E+0	0,000000E+0	45,000000E+0	7,785184E+0	20,772059E-3	44,648437E+0
18,000000E+0	0,000000E+0	45,000000E+0	8,150473E+0	-26,116869E-3	44,676563E+0
18,100000E+0	0,000000E+0	45,000000E+0	8,390420E+0	-40,056821E-3	44,690625E+0
18,200000E+0	0,000000E+0	45,000000E+0	8,470433E+0	-4,573307E-3	44,690625E+0
18,300000E+0	0,000000E+0	45,000000E+0	8,876396E+0	-26,116869E-3	44,704687E+0
18,400000E+0	0,000000E+0	45,000000E+0	7,719286E+0	-22,315064E-3	44,746875E+0
18,500000E+0	0,000000E+0	45,000000E+0	8,063864E+0	-29,918674E-3	44,760938E+0
18,600000E+0	0,000000E+0	45,000000E+0	8,596965E+0	-36,255016E-3	44,760938E+0
18,700000E+0	0,000000E+0	45,000000E+0	8,414769E+0	-23,582332E-3	44,775000E+0
18,800000E+0	0,000000E+0	45,000000E+0	8,286958E+0	-29,918674E-3	44,775000E+0
18,900000E+0	0,000000E+0	45,000000E+0	8,526798E+0	-32,453211E-3	44,803125E+0
19,000000E+0	0,000000E+0	45,000000E+0	8,787442E+0	-29,918674E-3	44,803125E+0
19,100000E+0	0,000000E+0	45,000000E+0	8,176088E+0	-4,573307E-3	44,817188E+0
19,200000E+0	0,000000E+0	45,000000E+0	8,540413E+0	-33,720479E-3	44,831250E+0
19,300000E+0	0,000000E+0	45,000000E+0	7,393568E+0	-8,375112E-3	44,859375E+0
19,400000E+0	0,000000E+0	45,000000E+0	7,781241E+0	-15,978722E-3	44,859375E+0
19,500000E+0	0,000000E+0	45,000000E+0	7,311699E+0	-5,840576E-3	44,873438E+0
19,600000E+0	0,000000E+0	45,000000E+0	7,692417E+0	-38,789552E-3	44,873438E+0
19,700000E+0	0,000000E+0	45,000000E+0	7,859521E+0	-23,582332E-3	44,887500E+0
19,800000E+0	0,000000E+0	45,000000E+0	7,213468E+0	-42,591357E-3	44,901563E+0
19,900000E+0	0,000000E+0	45,000000E+0	7,576861E+0	-23,582332E-3	44,901563E+0
20,000000E+0	0,000000E+0	45,000000E+0	7,601203E+0	-14,711454E-3	44,901563E+0
20,100000E+0	0,000000E+0	45,000000E+0	7,166176E+0	-37,522284E-3	44,915625E+0
20,200000E+0	0,000000E+0	45,000000E+0	7,820208E+0	-36,255016E-3	44,915625E+0
20,300000E+0	0,000000E+0	45,000000E+0	7,820300E+0	-5,840576E-3	44,915625E+0
20,400000E+0	0,000000E+0	45,000000E+0	8,152578E+0	-36,255016E-3	44,915625E+0
20,500000E+0	0,000000E+0	45,000000E+0	7,305811E+0	-33,720479E-3	44,929687E+0
20,600000E+0	0,000000E+0	45,000000E+0	7,569718E+0	-40,056821E-3	44,943750E+0
20,700000E+0	0,000000E+0	45,000000E+0	7,753168E+0	-43,858626E-3	44,943750E+0
20,800000E+0	0,000000E+0	45,000000E+0	7,258457E+0	-12,176917E-3	44,943750E+0
20,900000E+0	0,000000E+0	45,000000E+0	7,441907E+0	-15,978722E-3	44,943750E+0
21,000000E+0	0,000000E+0	45,000000E+0	8,071689E+0	-43,858626E-3	44,943750E+0
21,100000E+0	0,000000E+0	45,000000E+0	7,857247E+0	-37,522284E-3	44,943750E+0
21,200000E+0	0,000000E+0	45,000000E+0	7,162709E+0	-8,375112E-3	44,957813E+0
21,300000E+0	0,000000E+0	45,000000E+0	7,802862E+0	-37,522284E-3	44,957813E+0
21,400000E+0	0,000000E+0	45,000000E+0	7,875568E+0	-38,789552E-3	44,957813E+0
21,500000E+0	0,000000E+0	45,000000E+0	7,596233E+0	-41,324089E-3	44,971875E+0
21,600000E+0	0,000000E+0	45,000000E+0	7,302176E+0	-22,315064E-3	44,971875E+0
21,700000E+0	0,000000E+0	45,000000E+0	7,516740E+0	-29,918674E-3	44,971875E+0
21,800000E+0	0,000000E+0	45,000000E+0	7,797040E+0	-40,056821E-3	44,971875E+0
21,900000E+0	0,000000E+0	45,000000E+0	7,437247E+0	-18,513259E-3	44,971875E+0
22,000000E+0	0,000000E+0	45,000000E+0	7,894012E+0	-38,789552E-3	44,971875E+0
22,100000E+0	0,000000E+0	45,000000E+0	7,575735E+0	-18,513259E-3	44,971875E+0
22,200000E+0	0,000000E+0	45,000000E+0	7,410560E+0	-28,651406E-3	44,985937E+0
22,300000E+0	0,000000E+0	45,000000E+0	7,614722E+0	-41,324089E-3	44,985937E+0
22,400000E+0	0,000000E+0	45,000000E+0	7,216845E+0	-15,978722E-3	44,985937E+0
22,500000E+0	0,000000E+0	45,000000E+0	7,441765E+0	-41,324089E-3	44,985937E+0
22,600000E+0	0,000000E+0	45,000000E+0	7,282627E+0	-37,522284E-3	44,985937E+0
22,700000E+0	0,000000E+0	45,000000E+0	7,151171E+0	-7,107844E-3	44,985937E+0
22,800000E+0	0,000000E+0	45,000000E+0	7,815513E+0	-40,056821E-3	44,985937E+0
22,900000E+0	0,000000E+0	45,000000E+0	7,895113E+0	-26,116869E-3	44,985937E+0
23,000000E+0	0,000000E+0	45,000000E+0	7,460025E+0	-42,591357E-3	45,000000E+0
23,100000E+0	0,000000E+0	45,000000E+0	6,830304E+0	-36,255016E-3	45,000000E+0
23,200000E+0	0,000000E+0	45,000000E+0	7,508465E+0	-10,909649E-3	45,000000E+0
23,300000E+0	0,000000E+0	45,000000E+0	7,435805E+0	-41,324089E-3	45,000000E+0
23,400000E+0	0,000000E+0	45,000000E+0	7,363145E+0	-37,522284E-3	45,000000E+0
23,500000E+0	0,000000E+0	45,000000E+0	7,508465E+0	-45,125894E-3	45,000000E+0
23,600000E+0	0,000000E+0	45,000000E+0	7,363145E+0	-37,522284E-3	45,000000E+0
23,700000E+0	0,000000E+0	45,000000E+0	6,854524E+0	-10,909649E-3	45,000000E+0
23,800000E+0	0,000000E+0	45,000000E+0	6,878744E+0	-18,513259E-3	45,000000E+0
23,900000E+0	0,000000E+0	45,000000E+0	7,096725E+0	-23,582332E-3	45,000000E+0
24,000000E+0	0,000000E+0	45,000000E+0	7,048285E+0	-21,047796E-3	45,000000E+0
24,100000E+0	0,000000E+0	45,000000E+0	7,387365E+0	-38,789552E-3	45,000000E+0
24,200000E+0	0,000000E+0	45,000000E+0	7,242045E+0	-38,789552E-3	45,000000E+0
24,300000E+0	0,000000E+0	45,000000E+0	6,927184E+0	-41,324089E-3	45,000000E+0
24,400000E+0	0,000000E+0	45,000000E+0	7,387365E+0	-38,789552E-3	45,000000E+0
24,500000E+0	0,000000E+0	45,000000E+0	7,120945E+0	-7,107844E-3	45,000000E+0
24,600000E+0	0,000000E+0	45,000000E+0	7,290485E+0	-33,720479E-3	45,000000E+0
24,700000E+0	0,000000E+0	45,000000E+0	7,024065E+0	-19,780527E-3	45,000000E+0
24,800000E+0	0,000000E+0	45,000000E+0	7,435805E+0	-41,324089E-3	45,000000E+0
24,900000E+0	0,000000E+0	45,000000E+0	6,830304E+0	-9,642381E-3	45,000000E+0
25,000000E+0	0,000000E+0	45,000000E+0	7,411585E+0	-40,056821E-3	45,000000E+0
25,100000E+0	0,000000E+0	45,000000E+0	6,999844E+0	-18,513259E-3	45,000000E+0
25,200000E+0	0,000000E+0	45,000000E+0	7,460025E+0	-42,591357E-3	45,000000E+0
25,300000E+0	0,000000E+0	45,000000E+0	7,217825E+0	-13,444186E-3	45,000000E+0
25,400000E+0	0,000000E+0	45,000000E+0	7,363145E+0	-21,047796E-3	45,000000E+0
25,500000E+0	0,000000E+0	45,000000E+0	7,532685E+0	-46,393162E-3	45,000000E+0
25,600000E+0	0,000000E+0	45,000000E+0	6,854524E+0	-10,909649E-3	45,000000E+0
25,700000E+0	0,000000E+0	45,000000E+0	7,363145E+0	-37,522284E-3	45,000000E+0
25,800000E+0	0,000000E+0	45,000000E+0	7,024065E+0	-19,780527E-3	45,000000E+0
25,900000E+0	0,000000E+0	45,000000E+0	6,927184E+0	-37,522284E-3	45,000000E+0
26,000000E+0	0,000000E+0	45,000000E+0	7,266265E+0	-40,056821E-3	45,000000E+0
26,100000E+0	0,000000E+0	45,000000E+0	7,242045E+0	-31,185942E-3	45,000000E+0
26,200000E+0	0,000000E+0	45,000000E+0	7,314705E+0	-38,789552E-3	45,000000E+0
26,300000E+0	0,000000E+0	45,000000E+0	7,338925E+0	-36,255016E-3	45,000000E+0
26,400000E+0	0,000000E+0	45,000000E+0	6,830304E+0	-9,642381E-3	45,000000E+0
26,500000E+0	0,000000E+0	45,000000E+0	7,290485E+0	-33,720479E-3	45,000000E+0
26,600000E+0	0,000000E+0	45,000000E+0	7,363145E+0	-28,651406E-3	45,000000E+0
26,700000E+0	0,000000E+0	45,000000E+0	7,387365E+0	-38,789552E-3	45,000000E+0
26,800000E+0	0,000000E+0	45,000000E+0	7,363145E+0	-37,522284E-3	45,000000E+0
26,900000E+0	0,000000E+0	45,000000E+0	7,072505E+0	-33,720479E-3	45,000000E+0
27,000000E+0	0,000000E+0	45,000000E+0	7,532685E+0	-46,393162E-3	45,000000E+0
27,100000E+0	0,000000E+0	45,000000E+0	6,830304E+0	-41,324089E-3	45,000000E+0
27,200000E+0	0,000000E+0	45,000000E+0	7,435805E+0	-48,927699E-3	45,000000E+0
27,300000E+0	0,000000E+0	45,000000E+0	7,145165E+0	-42,591357E-3	45,000000E+0
27,400000E+0	0,000000E+0	45,000000E+0	7,242045E+0	-31,185942E-3	45,000000E+0
27,500000E+0	0,000000E+0	45,000000E+0	6,830304E+0	-9,642381E-3	45,000000E+0
27,600000E+0	0,000000E+0	45,000000E+0	7,387365E+0	-18,513259E-3	45,000000E+0
27,700000E+0	0,000000E+0	45,000000E+0	7,120945E+0	-24,849601E-3	45,000000E+0
27,800000E+0	0,000000E+0	45,000000E+0	7,217825E+0	-29,918674E-3	45,000000E+0
27,900000E+0	0,000000E+0	45,000000E+0	7,120945E+0	-24,849601E-3	45,000000E+0
28,000000E+0	0,000000E+0	45,000000E+0	6,878744E+0	-43,858626E-3	45,000000E+0
28,100000E+0	0,000000E+0	45,000000E+0	7,338925E+0	-21,047796E-3	45,000000E+0
28,200000E+0	0,000000E+0	45,000000E+0	7,096725E+0	-23,582332E-3	45,000000E+0
28,300000E+0	0,000000E+0	45,000000E+0	6,999844E+0	-40,056821E-3	45,000000E+0
28,400000E+0	0,000000E+0	45,000000E+0	6,951404E+0	-15,978722E-3	45,000000E+0
28,500000E+0	0,000000E+0	45,000000E+0	7,387365E+0	-38,789552E-3	45,000000E+0
28,600000E+0	0,000000E+0	45,000000E+0	6,806084E+0	-15,978722E-3	45,000000E+0
28,700000E+0	0,000000E+0	45,000000E+0	6,952262E+0	-37,522284E-3	45,014063E+0
28,800000E+0	0,000000E+0	45,000000E+0	6,578559E+0	-13,444186E-3	45,014063E+0
28,900000E+0	0,000000E+0	45,000000E+0	7,024876E+0	-47,660431E-3	45,014063E+0
29,000000E+0	0,000000E+0	45,000000E+0	6,263653E+0	-9,642381E-3	45,014063E+0
29,100000E+0	0,000000E+0	45,000000E+0	6,204811E+0	-8,375112E-3	45,014063E+0
29,200000E+0	0,000000E+0	45,000000E+0	6,706492E+0	-40,056821E-3	45,014063E+0
29,300000E+0	0,000000E+0	45,000000E+0	6,668408E+0	-36,255016E-3	45,014063E+0
29,400000E+0	0,000000E+0	45,000000E+0	6,415806E+0	-24,849601E-3	45,014063E+0
29,500000E+0	0,000000E+0	45,000000E+0	6,744484E+0	-43,858626E-3	45,014063E+0
29,600000E+0	0,000000E+0	45,000000E+0	6,156264E+0	-29,918674E-3	45,014063E+0
29,700000E+0	0,000000E+0	45,000000E+0	6,069740E+0	-12,176917E-3	45,014063E+0
29,800000E+0	0,000000E+0	45,000000E+0	6,619861E+0	-43,858626E-3	45,014063E+0
29,900000E+0	0,000000E+0	45,000000E+0	5,955518E+0	-15,978722E-3	45,014063E+0
30,000000E+0	0,000000E+0	45,000000E+0	6,547155E+0	-42,591357E-3	45,014063E+0
30,100000E+0	0,000000E+0	45,000000E+0	6,439873E+0	-38,789552E-3	45,014063E+0
30,200000E+0	0,000000E+0	45,000000E+0	6,287613E+0	-42,591357E-3	45,014063E+0
30,300000E+0	0,000000E+0	45,000000E+0	6,443289E+0	-42,591357E-3	45,014063E+0
30,400000E+0	0,000000E+0	45,000000E+0	6,291030E+0	-9,642381E-3	45,014063E+0
30,500000E+0	0,000000E+0	45,000000E+0	6,252946E+0	-36,255016E-3	45,014063E+0
30,600000E+0	0,000000E+0	45,000000E+0	6,318666E+0	-10,909649E-3	45,014063E+0
30,700000E+0	0,000000E+0	45,000000E+0	6,304802E+0	-42,591357E-3	45,014063E+0
30,800000E+0	0,000000E+0	45,000000E+0	6,245960E+0	-41,324089E-3	45,014063E+0
30,900000E+0	0,000000E+0	45,000000E+0	6,138678E+0	-37,522284E-3	45,014063E+0
31,000000E+0	0,000000E+0	45,000000E+0	5,716536E+0	-17,245991E-3	45,014063E+0
31,100000E+0	0,000000E+0	45,000000E+0	5,996774E+0	-33,720479E-3	45,014063E+0
31,200000E+0	0,000000E+0	45,000000E+0	5,553874E+0	-18,513259E-3	45,014063E+0
31,300000E+0	0,000000E+0	45,000000E+0	6,048631E+0	-40,056821E-3	45,014063E+0
31,400000E+0	0,000000E+0	45,000000E+0	5,432728E+0	-9,642381E-3	45,014063E+0
31,500000E+0	0,000000E+0	45,000000E+0	5,422326E+0	-10,909649E-3	45,014063E+0
31,600000E+0	0,000000E+0	45,000000E+0	5,933521E+0	-23,582332E-3	45,000000E+0
31,700000E+0	0,000000E+0	45,000000E+0	6,466362E+0	-43,858626E-3	45,000000E+0
31,800000E+0	0,000000E+0	45,000000E+0	6,417922E+0	-34,987747E-3	45,000000E+0
31,900000E+0	0,000000E+0	45,000000E+0	6,369482E+0	-38,789552E-3	45,000000E+0
32,000000E+0	0,000000E+0	45,000000E+0	5,739761E+0	-41,324089E-3	45,000000E+0
32,100000E+0	0,000000E+0	45,000000E+0	6,000114E+0	-43,858626E-3	45,014063E+0
32,200000E+0	0,000000E+0	45,000000E+0	5,699072E+0	-29,918674E-3	45,014063E+0
32,300000E+0	0,000000E+0	45,000000E+0	5,882430E+0	-41,324089E-3	45,014063E+0
32,400000E+0	0,000000E+0	45,000000E+0	5,875491E+0	-10,909649E-3	45,014063E+0
32,500000E+0	0,000000E+0	45,000000E+0	5,328786E+0	-15,978722E-3	45,014063E+0
32,600000E+0	0,000000E+0	45,000000E+0	5,705905E+0	-37,522284E-3	45,014063E+0
32,700000E+0	0,000000E+0	45,000000E+0	5,477523E+0	-27,384137E-3	45,014063E+0
32,800000E+0	0,000000E+0	45,000000E+0	5,252603E+0	-34,987747E-3	45,000000E+0
32,900000E+0	0,000000E+0	45,000000E+0	5,269898E+0	-18,513259E-3	45,014063E+0
33,000000E+0	0,000000E+0	45,000000E+0	5,622797E+0	-38,789552E-3	45,014063E+0
33,100000E+0	0,000000E+0	45,000000E+0	5,249095E+0	-21,047796E-3	45,014063E+0
33,200000E+0	0,000000E+0	45,000000E+0	5,529333E+0	-37,522284E-3	45,014063E+0
33,300000E+0	0,000000E+0	45,000000E+0	5,881375E+0	-33,720479E-3	45,000000E+0
33,400000E+0	0,000000E+0	45,000000E+0	5,542294E+0	-15,978722E-3	45,000000E+0
33,500000E+0	0,000000E+0	45,000000E+0	5,978255E+0	-38,789552E-3	45,000000E+0
33,600000E+0	0,000000E+0	45,000000E+0	5,978255E+0	-38,789552E-3	45,000000E+0
33,700000E+0	0,000000E+0	45,000000E+0	5,736054E+0	-24,849601E-3	45,000000E+0
33,800000E+0	0,000000E+0	45,000000E+0	5,760274E+0	-43,858626E-3	45,000000E+0
33,900000E+0	0,000000E+0	45,000000E+0	5,954035E+0	-37,522284E-3	45,000000E+0
34,000000E+0	0,000000E+0	45,000000E+0	5,566514E+0	-42,591357E-3	45,000000E+0
34,100000E+0	0,000000E+0	45,000000E+0	5,518074E+0	-14,711454E-3	45,000000E+0
34,200000E+0	0,000000E+0	45,000000E+0	6,026695E+0	-41,324089E-3	45,000000E+0
34,300000E+0	0,000000E+0	45,000000E+0	5,614954E+0	-19,780527E-3	45,000000E+0
34,400000E+0	0,000000E+0	45,000000E+0	6,050915E+0	-42,591357E-3	45,000000E+0
34,500000E+0	0,000000E+0	45,000000E+0	6,026695E+0	-41,324089E-3	45,000000E+0
34,600000E+0	0,000000E+0	45,000000E+0	5,566514E+0	-31,185942E-3	45,000000E+0
34,700000E+0	0,000000E+0	45,000000E+0	5,639174E+0	-21,047796E-3	45,000000E+0
34,800000E+0	0,000000E+0	45,000000E+0	5,566514E+0	-42,591357E-3	45,000000E+0
34,900000E+0	0,000000E+0	45,000000E+0	5,711834E+0	-24,849601E-3	45,000000E+0
35,000000E+0	0,000000E+0	45,000000E+0	5,832934E+0	-31,185942E-3	45,000000E+0
35,100000E+0	0,000000E+0	45,000000E+0	5,808714E+0	-24,849601E-3	45,000000E+0
35,200000E+0	0,000000E+0	45,000000E+0	5,954035E+0	-12,176917E-3	45,000000E+0
35,300000E+0	0,000000E+0	45,000000E+0	5,639174E+0	-37,522284E-3	45,000000E+0
35,400000E+0	0,000000E+0	45,000000E+0	6,075135E+0	-43,858626E-3	45,000000E+0
35,500000E+0	0,000000E+0	45,000000E+0	5,614954E+0	-19,780527E-3	45,000000E+0
35,600000E+0	0,000000E+0	45,000000E+0	5,929815E+0	-36,255016E-3	45,000000E+0
35,700000E+0	0,000000E+0	45,000000E+0	5,881375E+0	-33,720479E-3	45,000000E+0
35,800000E+0	0,000000E+0	45,000000E+0	6,099355E+0	-45,125894E-3	45,000000E+0
35,900000E+0	0,000000E+0	45,000000E+0	6,026695E+0	-41,324089E-3	45,000000E+0
36,000000E+0	0,000000E+0	45,000000E+0	5,469634E+0	-12,176917E-3	45,000000E+0
36,100000E+0	0,000000E+0	45,000000E+0	6,026695E+0	-41,324089E-3	45,000000E+0
36,200000E+0	0,000000E+0	45,000000E+0	6,026695E+0	-41,324089E-3	45,000000E+0
36,300000E+0	0,000000E+0	45,000000E+0	5,709229E+0	-48,927699E-3	45,014063E+0
36,400000E+0	0,000000E+0	45,000000E+0	5,978239E+0	-29,918674E-3	45,000000E+0
36,500000E+0	0,000000E+0	45,000000E+0	5,978239E+0	-13,444186E-3	45,000000E+0
36,600000E+0	0,000000E+0	45,000000E+0	5,905579E+0	-12,176917E-3	45,000000E+0
36,700000E+0	0,000000E+0	45,000000E+0	5,954019E+0	-28,651406E-3	45,000000E+0
36,800000E+0	0,000000E+0	45,000000E+0	6,033589E+0	-45,125894E-3	45,000000E+0
36,900000E+0	0,000000E+0	45,000000E+0	5,500748E+0	-15,978722E-3	45,000000E+0
37,000000E+0	0,000000E+0	45,000000E+0	5,452308E+0	-13,444186E-3	45,000000E+0
37,100000E+0	0,000000E+0	45,000000E+0	5,403868E+0	-10,909649E-3	45,000000E+0
37,200000E+0	0,000000E+0	45,000000E+0	5,936708E+0	-43,858626E-3	45,000000E+0
37,300000E+0	0,000000E+0	45,000000E+0	5,791388E+0	-33,720479E-3	45,000000E+0
37,400000E+0	0,000000E+0	45,000000E+0	6,033589E+0	-14,711454E-3	45,000000E+0
37,500000E+0	0,000000E+0	45,000000E+0	5,784464E+0	-31,185942E-3	45,000000E+0
37,600000E+0	0,000000E+0	45,000000E+0	6,050884E+0	-45,125894E-3	45,000000E+0
37,700000E+0	0,000000E+0	45,000000E+0	5,614924E+0	-22,315064E-3	45,000000E+0
37,800000E+0	0,000000E+0	45,000000E+0	5,857124E+0	-34,987747E-3	45,000000E+0
37,900000E+0	0,000000E+0	45,000000E+0	5,954004E+0	-40,056821E-3	45,000000E+0
38,000000E+0	0,000000E+0	45,000000E+0	5,905564E+0	-37,522284E-3	45,000000E+0
38,100000E+0	0,000000E+0	45,000000E+0	5,396943E+0	-10,909649E-3	45,000000E+0
38,200000E+0	0,000000E+0	45,000000E+0	5,905564E+0	-37,522284E-3	45,000000E+0
38,300000E+0	0,000000E+0	45,000000E+0	5,808684E+0	-32,453211E-3	45,000000E+0
38,400000E+0	0,000000E+0	45,000000E+0	6,026664E+0	-43,858626E-3	45,000000E+0
38,500000E+0	0,000000E+0	45,000000E+0	5,736024E+0	-21,047796E-3	45,000000E+0
38,600000E+0	0,000000E+0	45,000000E+0	6,026664E+0	-43,858626E-3	45,000000E+0
38,700000E+0	0,000000E+0	45,000000E+0	5,348503E+0	-40,056821E-3	45,000000E+0
38,800000E+0	0,000000E+0	45,000000E+0	5,469603E+0	-14,711454E-3	45,000000E+0
38,900000E+0	0,000000E+0	45,000000E+0	5,518043E+0	-17,245991E-3	45,000000E+0
39,000000E+0	0,000000E+0	45,000000E+0	5,396943E+0	-38,789552E-3	45,000000E+0
39,100000E+0	0,000000E+0	45,000000E+0	5,978224E+0	-41,324089E-3	45,000000E+0
39,200000E+0	0,000000E+0	45,000000E+0	6,099324E+0	-47,660431E-3	45,000000E+0
39,300000E+0	0,000000E+0	45,000000E+0	5,372723E+0	-9,642381E-3	45,000000E+0
39,400000E+0	0,000000E+0	45,000000E+0	5,954004E+0	-12,176917E-3	45,000000E+0
39,500000E+0	0,000000E+0	45,000000E+0	5,396943E+0	-10,909649E-3	45,000000E+0
39,600000E+0	0,000000E+0	45,000000E+0	5,881344E+0	-23,582332E-3	45,000000E+0
39,700000E+0	0,000000E+0	45,000000E+0	6,050884E+0	-40,056821E-3	45,000000E+0
39,800000E+0	0,000000E+0	45,000000E+0	6,050884E+0	-45,125894E-3	45,000000E+0
39,900000E+0	0,000000E+0	45,000000E+0	6,002444E+0	-42,591357E-3	45,000000E+0
40,000000E+0	0,000000E+0	45,000000E+0	5,736024E+0	-9,642381E-3	45,000000E+0
40,100000E+0	0,000000E+0	45,000000E+0	5,857124E+0	-34,987747E-3	45,000000E+0
40,200000E+0	0,000000E+0	45,000000E+0	5,881344E+0	-10,909649E-3	45,000000E+0
40,300000E+0	0,000000E+0	45,000000E+0	5,929784E+0	-42,591357E-3	45,000000E+0
40,400000E+0	0,000000E+0	45,000000E+0	5,518043E+0	-17,245991E-3	45,000000E+0
40,500000E+0	0,000000E+0	45,000000E+0	6,002444E+0	-38,789552E-3	45,000000E+0
40,600000E+0	0,000000E+0	45,000000E+0	6,026664E+0	-43,858626E-3	45,000000E+0
40,700000E+0	0,000000E+0	45,000000E+0	5,954004E+0	-38,789552E-3	45,000000E+0
40,800000E+0	0,000000E+0	45,000000E+0	6,050884E+0	-45,125894E-3	45,000000E+0
40,900000E+0	0,000000E+0	45,000000E+0	5,919397E+0	-38,789552E-3	45,000000E+0
41,000000E+0	0,000000E+0	45,000000E+0	5,531877E+0	-18,513259E-3	45,000000E+0
41,100000E+0	0,000000E+0	45,000000E+0	5,604537E+0	-43,858626E-3	45,000000E+0
41,200000E+0	0,000000E+0	45,000000E+0	5,967838E+0	-41,324089E-3	45,000000E+0
41,300000E+0	0,000000E+0	45,000000E+0	5,822517E+0	-28,651406E-3	45,000000E+0
41,400000E+0	0,000000E+0	45,000000E+0	5,798297E+0	-32,453211E-3	45,000000E+0
41,500000E+0	0,000000E+0	45,000000E+0	5,701417E+0	-27,384137E-3	45,000000E+0
41,600000E+0	0,000000E+0	45,000000E+0	5,895177E+0	-32,453211E-3	45,000000E+0
41,700000E+0	0,000000E+0	45,000000E+0	5,919397E+0	-38,789552E-3	45,000000E+0
41,800000E+0	0,000000E+0	45,000000E+0	5,725637E+0	-28,651406E-3	45,000000E+0
41,900000E+0	0,000000E+0	45,000000E+0	5,604537E+0	-41,324089E-3	45,000000E+0
42,000000E+0	0,000000E+0	45,000000E+0	5,870957E+0	-45,125894E-3	45,000000E+0
42,100000E+0	0,000000E+0	45,000000E+0	6,040498E+0	-15,978722E-3	45,000000E+0
42,200000E+0	0,000000E+0	45,000000E+0	5,483437E+0	-50,194967E-3	45,000000E+0
42,300000E+0	0,000000E+0	45,000000E+0	5,604537E+0	-34,987747E-3	45,000000E+0
42,400000E+0	0,000000E+0	45,000000E+0	5,967838E+0	-19,780527E-3	45,000000E+0
42,500000E+0	0,000000E+0	45,000000E+0	5,822517E+0	-33,720479E-3	45,000000E+0
42,600000E+0	0,000000E+0	45,000000E+0	5,434997E+0	-29,918674E-3	45,000000E+0
42,700000E+0	0,000000E+0	45,000000E+0	5,846737E+0	-34,987747E-3	45,000000E+0
42,800000E+0	0,000000E+0	45,000000E+0	5,915935E+0	-38,789552E-3	45,000000E+0
42,900000E+0	0,000000E+0	45,000000E+0	5,746395E+0	-29,918674E-3	45,000000E+0
43,000000E+0	0,000000E+0	45,000000E+0	5,479975E+0	-23,582332E-3	45,000000E+0
43,100000E+0	0,000000E+0	45,000000E+0	5,891715E+0	-37,522284E-3	45,000000E+0
43,200000E+0	0,000000E+0	45,000000E+0	5,794835E+0	-32,453211E-3	45,000000E+0
43,300000E+0	0,000000E+0	45,000000E+0	5,940155E+0	-40,056821E-3	45,000000E+0
43,400000E+0	0,000000E+0	45,000000E+0	5,528415E+0	-37,522284E-3	45,000000E+0
43,500000E+0	0,000000E+0	45,000000E+0	5,770615E+0	-12,176917E-3	45,000000E+0
43,600000E+0	0,000000E+0	45,000000E+0	5,867495E+0	-36,255016E-3	45,000000E+0
43,700000E+0	0,000000E+0	45,000000E+0	5,770615E+0	-31,185942E-3	45,000000E+0
43,800000E+0	0,000000E+0	45,000000E+0	5,431535E+0	-13,444186E-3	45,000000E+0
43,900000E+0	0,000000E+0	45,000000E+0	5,843275E+0	-28,651406E-3	45,000000E+0
44,000000E+0	0,000000E+0	45,000000E+0	5,528415E+0	-18,513259E-3	45,000000E+0
44,100000E+0	0,000000E+0	45,000000E+0	6,012815E+0	-32,453211E-3	45,000000E+0
44,200000E+0	0,000000E+0	45,000000E+0	5,697955E+0	-42,591357E-3	45,000000E+0
44,300000E+0	0,000000E+0	45,000000E+0	5,891715E+0	-38,789552E-3	45,000000E+0
44,400000E+0	0,000000E+0	45,000000E+0	5,988595E+0	-12,176917E-3	45,000000E+0
44,500000E+0	0,000000E+0	45,000000E+0	5,988595E+0	-42,591357E-3	45,000000E+0
44,600000E+0	0,000000E+0	45,000000E+0	5,722175E+0	-28,651406E-3	45,000000E+0
44,700000E+0	0,000000E+0	45,000000E+0	5,358875E+0	-38,789552E-3	45,000000E+0
44,800000E+0	0,000000E+0	45,000000E+0	5,915935E+0	-38,789552E-3	45,000000E+0
44,900000E+0	0,000000E+0	45,000000E+0	5,673735E+0	-43,858626E-3	45,000000E+0
45,000000E+0	0,000000E+0	45,000000E+0	6,012815E+0	-22,315064E-3	45,000000E+0
45,100000E+0	0,000000E+0	45,000000E+0	5,891715E+0	-10,909649E-3	45,000000E+0
45,200000E+0	0,000000E+0	45,000000E+0	6,037035E+0	-29,918674E-3	45,000000E+0
45,300000E+0	0,000000E+0	45,000000E+0	5,891715E+0	-37,522284E-3	45,000000E+0
45,400000E+0	0,000000E+0	45,000000E+0	5,576855E+0	-33,720479E-3	45,000000E+0
45,500000E+0	0,000000E+0	45,000000E+0	5,988595E+0	-32,453211E-3	45,000000E+0
45,600000E+0	0,000000E+0	45,000000E+0	5,988595E+0	-12,176917E-3	45,000000E+0
45,700000E+0	0,000000E+0	45,000000E+0	5,697955E+0	-18,513259E-3	45,000000E+0
45,800000E+0	0,000000E+0	45,000000E+0	6,061255E+0	-8,375112E-3	45,000000E+0
45,900000E+0	0,000000E+0	45,000000E+0	5,915935E+0	-38,789552E-3	45,000000E+0
46,000000E+0	0,000000E+0	45,000000E+0	5,915935E+0	-38,789552E-3	45,000000E+0
46,100000E+0	0,000000E+0	45,000000E+0	5,455755E+0	-41,324089E-3	45,000000E+0
46,200000E+0	0,000000E+0	45,000000E+0	5,940155E+0	-29,918674E-3	45,000000E+0
46,300000E+0	0,000000E+0	45,000000E+0	5,722175E+0	-41,324089E-3	45,000000E+0
46,400000E+0	0,000000E+0	45,000000E+0	5,334655E+0	-9,642381E-3	45,000000E+0
46,500000E+0	0,000000E+0	45,000000E+0	5,383095E+0	-10,909649E-3	45,000000E+0
46,600000E+0	0,000000E+0	45,000000E+0	6,037035E+0	-45,125894E-3	45,000000E+0
46,700000E+0	0,000000E+0	45,000000E+0	5,576855E+0	-33,720479E-3	45,000000E+0
46,800000E+0	0,000000E+0	45,000000E+0	5,988595E+0	-42,591357E-3	45,000000E+0
46,900000E+0	0,000000E+0	45,000000E+0	5,940155E+0	-45,125894E-3	45,000000E+0
47,000000E+0	0,000000E+0	45,000000E+0	5,770615E+0	-50,194967E-3	45,000000E+0
47,100000E+0	0,000000E+0	45,000000E+0	5,310434E+0	-7,107844E-3	45,000000E+0
47,200000E+0	0,000000E+0	45,000000E+0	6,012815E+0	-42,591357E-3	45,000000E+0
47,300000E+0	0,000000E+0	45,000000E+0	5,407315E+0	-12,176917E-3	45,000000E+0
47,400000E+0	0,000000E+0	45,000000E+0	5,891715E+0	-40,056821E-3	45,000000E+0
47,500000E+0	0,000000E+0	45,000000E+0	5,407315E+0	-45,125894E-3	45,000000E+0
47,600000E+0	0,000000E+0	45,000000E+0	5,839813E+0	-34,987747E-3	45,000000E+0
47,700000E+0	0,000000E+0	45,000000E+0	5,331192E+0	-8,375112E-3	45,000000E+0
47,800000E+0	0,000000E+0	45,000000E+0	5,403852E+0	-26,116869E-3	45,000000E+0
47,900000E+0	0,000000E+0	45,000000E+0	5,621833E+0	-23,582332E-3	45,000000E+0
48,000000E+0	0,000000E+0	45,000000E+0	5,864033E+0	-38,789552E-3	45,000000E+0
48,100000E+0	0,000000E+0	45,000000E+0	5,524953E+0	-18,513259E-3	45,000000E+0
48,200000E+0	0,000000E+0	45,000000E+0	5,960913E+0	-22,315064E-3	45,000000E+0
48,300000E+0	0,000000E+0	45,000000E+0	5,306972E+0	-33,720479E-3	45,000000E+0
48,400000E+0	0,000000E+0	45,000000E+0	5,379632E+0	-10,909649E-3	45,000000E+0
48,500000E+0	0,000000E+0	45,000000E+0	5,864033E+0	-38,789552E-3	45,000000E+0
48,600000E+0	0,000000E+0	45,000000E+0	5,476513E+0	-24,849601E-3	45,000000E+0
48,700000E+0	0,000000E+0	45,000000E+0	5,355412E+0	-9,642381E-3	45,000000E+0
48,800000E+0	0,000000E+0	45,000000E+0	5,888253E+0	-34,987747E-3	45,000000E+0
48,900000E+0	0,000000E+0	45,000000E+0	5,742933E+0	-32,453211E-3	45,000000E+0
49,000000E+0	0,000000E+0	45,000000E+0	6,009353E+0	-8,375112E-3	45,000000E+0
49,100000E+0	0,000000E+0	45,000000E+0	6,009353E+0	-29,918674E-3	45,000000E+0
49,200000E+0	0,000000E+0	45,000000E+0	5,767153E+0	-8,375112E-3	45,000000E+0
49,300000E+0	0,000000E+0	45,000000E+0	5,936693E+0	-42,591357E-3	45,000000E+0
49,400000E+0	0,000000E+0	45,000000E+0	5,331192E+0	-40,056821E-3	45,000000E+0
49,500000E+0	0,000000E+0	45,000000E+0	5,912473E+0	-24,849601E-3	45,000000E+0
49,600000E+0	0,000000E+0	45,000000E+0	5,379632E+0	-10,909649E-3	45,000000E+0
49,700000E+0	0,000000E+0	45,000000E+0	5,403852E+0	-12,176917E-3	45,000000E+0
49,800000E+0	0,000000E+0	45,000000E+0	6,009353E+0	-22,315064E-3	45,000000E+0
49,900000E+0	0,000000E+0	45,000000E+0	5,694493E+0	-27,384137E-3	45,000000E+0
50,000000E+0	0,000000E+0	45,000000E+0	5,985133E+0	-13,444186E-3	45,000000E+0
50,100000E+0	0,000000E+0	45,000000E+0	5,888253E+0	-40,056821E-3	45,000000E+0
50,200000E+0	0,000000E+0	45,000000E+0	5,767153E+0	-31,185942E-3	45,000000E+0
50,300000E+0	0,000000E+0	45,000000E+0	5,985133E+0	-37,522284E-3	45,000000E+0
50,400000E+0	0,000000E+0	45,000000E+0	5,742933E+0	-9,642381E-3	45,000000E+0
50,500000E+0	0,000000E+0	45,000000E+0	5,597613E+0	-22,315064E-3	45,000000E+0
50,600000E+0	0,000000E+0	45,000000E+0	5,573393E+0	-36,255016E-3	45,000000E+0
50,700000E+0	0,000000E+0	45,000000E+0	5,428072E+0	-31,185942E-3	45,000000E+0
50,800000E+0	0,000000E+0	45,000000E+0	5,573393E+0	-23,582332E-3	45,000000E+0
50,900000E+0	0,000000E+0	45,000000E+0	6,009353E+0	-23,582332E-3	45,000000E+0
51,000000E+0	0,000000E+0	45,000000E+0	5,379632E+0	-10,909649E-3	45,000000E+0
51,100000E+0	0,000000E+0	45,000000E+0	5,815593E+0	-21,047796E-3	45,000000E+0
51,200000E+0	0,000000E+0	45,000000E+0	5,694493E+0	-43,858626E-3	45,000000E+0
51,300000E+0	0,000000E+0	45,000000E+0	5,815593E+0	-19,780527E-3	45,000000E+0
51,400000E+0	0,000000E+0	45,000000E+0	5,888253E+0	-32,453211E-3	45,000000E+0
51,500000E+0	0,000000E+0	45,000000E+0	5,888253E+0	-40,056821E-3	45,000000E+0
51,600000E+0	0,000000E+0	45,000000E+0	5,524953E+0	-37,522284E-3	45,000000E+0
51,700000E+0	0,000000E+0	45,000000E+0	5,428072E+0	-41,324089E-3	45,000000E+0
51,800000E+0	0,000000E+0	45,000000E+0	5,403852E+0	-12,176917E-3	45,000000E+0
51,900000E+0	5,000000E+0	0,000000E+0	100,000000E-3	-37,522284E-3	45,000000E+0
