t [s] || setpoint speed [rot. s^-1] || setpoint pos [°] || duty cycle [%] || Ang Speed [rot. s^-1] ||
Ang Pos [°]
0.000000E+0	0.000000E+0	20.000000E+0	100.000000E-3	-27.384137E-3	-0.000000E+0
100.000000E-3	0.000000E+0	20.000000E+0	100.000000E-3	-42.591357E-3	-0.000000E+0
200.000000E-3	0.000000E+0	20.000000E+0	100.000000E-3	-34.987747E-3	-0.000000E+0
300.000000E-3	0.000000E+0	20.000000E+0	100.000000E-3	-28.651406E-3	-0.000000E+0
400.000000E-3	0.000000E+0	20.000000E+0	100.000000E-3	-43.858626E-3	-0.000000E+0
500.000000E-3	0.000000E+0	20.000000E+0	100.000000E-3	-36.255016E-3	-0.000000E+0
600.000000E-3	0.000000E+0	20.000000E+0	100.000000E-3	-37.522284E-3	-0.000000E+0
700.000000E-3	0.000000E+0	20.000000E+0	100.000000E-3	-40.056821E-3	-0.000000E+0
800.000000E-3	0.000000E+0	20.000000E+0	31.714359E+0	112.015377E-3	42.187500E-3
900.000000E-3	0.000000E+0	20.000000E+0	8.398812E+0	650.604386E-3	759.375000E-3
1.000000E+0	0.000000E+0	20.000000E+0	10.530787E+0	466.850494E-3	1.743750E+0
1.100000E+0	0.000000E+0	20.000000E+0	5.997992E+0	-2.038771E-3	2.109375E+0
1.200000E+0	0.000000E+0	20.000000E+0	34.815245E+0	131.024402E-3	2.151563E+0
1.300000E+0	0.000000E+0	20.000000E+0	9.991390E+0	740.580428E-3	2.896875E+0
1.400000E+0	0.000000E+0	20.000000E+0	11.527735E+0	459.246884E-3	3.867187E+0
1.500000E+0	0.000000E+0	20.000000E+0	2.108404E+0	44.850157E-3	4.289062E+0
1.600000E+0	0.000000E+0	20.000000E+0	24.297484E+0	13.168449E-3	4.289062E+0
1.700000E+0	0.000000E+0	20.000000E+0	11.877360E+0	541.619319E-3	4.739063E+0
1.800000E+0	0.000000E+0	20.000000E+0	3.171908E+0	379.408984E-3	5.540625E+0
1.900000E+0	0.000000E+0	20.000000E+0	8.060663E+0	56.255572E-3	5.934375E+0
2.000000E+0	0.000000E+0	20.000000E+0	20.588774E+0	62.591913E-3	6.060938E+0
2.100000E+0	0.000000E+0	20.000000E+0	8.256263E+0	333.787327E-3	6.398437E+0
2.200000E+0	0.000000E+0	20.000000E+0	160.813670E-3	286.898401E-3	6.960937E+0
2.300000E+0	0.000000E+0	20.000000E+0	11.120015E+0	48.651962E-3	7.228125E+0
2.400000E+0	0.000000E+0	20.000000E+0	12.271834E+0	119.618987E-3	7.382812E+0
2.500000E+0	0.000000E+0	20.000000E+0	13.351254E+0	189.318744E-3	7.650000E+0
2.600000E+0	0.000000E+0	20.000000E+0	9.008259E+0	248.880353E-3	8.001563E+0
2.700000E+0	0.000000E+0	20.000000E+0	7.185739E+0	181.715134E-3	8.381250E+0
2.800000E+0	0.000000E+0	20.000000E+0	10.578516E+0	108.213573E-3	8.634375E+0
2.900000E+0	0.000000E+0	20.000000E+0	17.669885E+0	61.324645E-3	8.775000E+0
3.000000E+0	0.000000E+0	20.000000E+0	18.047442E+0	229.871329E-3	8.985938E+0
3.100000E+0	0.000000E+0	20.000000E+0	2.918765E+0	355.330888E-3	9.506250E+0
3.200000E+0	0.000000E+0	20.000000E+0	5.405423E+0	142.429817E-3	9.900000E+0
3.300000E+0	0.000000E+0	20.000000E+0	9.167597E+0	3.030303E-3	10.054687E+0
3.400000E+0	0.000000E+0	20.000000E+0	23.495404E+0	25.841132E-3	10.096875E+0
3.500000E+0	0.000000E+0	20.000000E+0	10.893204E+0	404.754350E-3	10.476562E+0
3.600000E+0	0.000000E+0	20.000000E+0	5.117517E+0	271.691182E-3	11.123437E+0
3.700000E+0	0.000000E+0	20.000000E+0	852.720316E-3	-21.047796E-3	11.390625E+0
3.800000E+0	0.000000E+0	20.000000E+0	13.380108E+0	-50.194967E-3	11.362500E+0
3.900000E+0	0.000000E+0	20.000000E+0	12.850441E+0	113.282646E-3	11.475000E+0
4.000000E+0	0.000000E+0	20.000000E+0	6.574623E+0	245.078548E-3	11.770313E+0
4.100000E+0	0.000000E+0	20.000000E+0	2.371574E+0	136.093475E-3	12.107812E+0
4.200000E+0	0.000000E+0	20.000000E+0	8.347595E+0	-10.909649E-3	12.234375E+0
4.300000E+0	0.000000E+0	20.000000E+0	18.553559E+0	11.901181E-3	12.276563E+0
4.400000E+0	0.000000E+0	20.000000E+0	14.148251E+0	236.207670E-3	12.487500E+0
4.500000E+0	0.000000E+0	20.000000E+0	8.368809E+0	234.940402E-3	12.895313E+0
4.600000E+0	0.000000E+0	20.000000E+0	1.460787E+0	152.567963E-3	13.232812E+0
4.700000E+0	0.000000E+0	20.000000E+0	7.010131E+0	-40.056821E-3	13.359375E+0
4.800000E+0	0.000000E+0	20.000000E+0	18.873198E+0	44.850157E-3	13.373437E+0
4.900000E+0	0.000000E+0	20.000000E+0	8.298509E+0	266.622109E-3	13.654687E+0
5.000000E+0	0.000000E+0	20.000000E+0	317.554501E-3	133.558939E-3	14.034375E+0
5.100000E+0	0.000000E+0	20.000000E+0	9.271344E+0	-46.393162E-3	14.104688E+0
5.200000E+0	0.000000E+0	20.000000E+0	16.014270E+0	156.369768E-3	14.189063E+0
5.300000E+0	0.000000E+0	20.000000E+0	900.306020E-3	361.667229E-3	14.596875E+0
5.400000E+0	0.000000E+0	20.000000E+0	5.220136E+0	79.066401E-3	14.948438E+0
5.500000E+0	0.000000E+0	20.000000E+0	6.940338E+0	-60.333114E-3	14.948438E+0
5.600000E+0	0.000000E+0	20.000000E+0	10.655093E+0	42.315620E-3	14.990625E+0
5.700000E+0	0.000000E+0	20.000000E+0	8.333640E+0	73.997328E-3	15.103125E+0
5.800000E+0	0.000000E+0	20.000000E+0	5.169747E+0	81.600938E-3	15.300000E+0
5.900000E+0	0.000000E+0	20.000000E+0	8.623717E+0	37.246547E-3	15.412500E+0
6.000000E+0	0.000000E+0	20.000000E+0	6.255350E+0	60.057377E-3	15.525000E+0
6.100000E+0	0.000000E+0	20.000000E+0	6.229393E+0	33.444742E-3	15.665625E+0
6.200000E+0	0.000000E+0	20.000000E+0	10.033828E+0	13.168449E-3	15.721875E+0
6.300000E+0	0.000000E+0	20.000000E+0	8.904266E+0	46.117425E-3	15.806250E+0
6.400000E+0	0.000000E+0	20.000000E+0	6.578979E+0	68.928255E-3	15.946875E+0
6.500000E+0	0.000000E+0	20.000000E+0	9.201079E+0	11.901181E-3	16.017188E+0
6.600000E+0	0.000000E+0	20.000000E+0	12.413451E+0	11.901181E-3	16.059375E+0
6.700000E+0	0.000000E+0	20.000000E+0	13.060303E+0	77.799133E-3	16.157813E+0
6.800000E+0	0.000000E+0	20.000000E+0	5.689916E+0	157.637036E-3	16.368750E+0
6.900000E+0	0.000000E+0	20.000000E+0	282.712741E-3	87.937280E-3	16.607813E+0
7.000000E+0	0.000000E+0	20.000000E+0	4.490395E+0	-57.798577E-3	16.650000E+0
7.100000E+0	0.000000E+0	20.000000E+0	10.629484E+0	23.306596E-3	16.678125E+0
7.200000E+0	0.000000E+0	20.000000E+0	5.177761E+0	108.213573E-3	16.804687E+0
7.300000E+0	0.000000E+0	20.000000E+0	3.534097E+0	23.306596E-3	16.945312E+0
7.400000E+0	0.000000E+0	20.000000E+0	7.669496E+0	-14.711454E-3	16.987500E+0
7.500000E+0	0.000000E+0	20.000000E+0	10.874478E+0	60.057377E-3	17.029688E+0
7.600000E+0	0.000000E+0	20.000000E+0	7.095173E+0	100.609963E-3	17.184375E+0
7.700000E+0	0.000000E+0	20.000000E+0	4.130093E+0	16.970254E-3	17.325000E+0
7.800000E+0	0.000000E+0	20.000000E+0	10.580103E+0	-10.909649E-3	17.339063E+0
7.900000E+0	0.000000E+0	20.000000E+0	10.890289E+0	24.573864E-3	17.395312E+0
8.000000E+0	0.000000E+0	20.000000E+0	5.761765E+0	91.739085E-3	17.550000E+0
8.100000E+0	0.000000E+0	20.000000E+0	841.248233E-3	51.186499E-3	17.704688E+0
8.200000E+0	0.000000E+0	20.000000E+0	6.793479E+0	-36.255016E-3	17.746875E+0
8.300000E+0	0.000000E+0	20.000000E+0	9.780859E+0	-2.038771E-3	17.760938E+0
8.400000E+0	0.000000E+0	20.000000E+0	4.349916E+0	86.670011E-3	17.901563E+0
8.500000E+0	0.000000E+0	20.000000E+0	2.217314E+0	13.168449E-3	18.042188E+0
8.600000E+0	0.000000E+0	20.000000E+0	5.916119E+0	-26.116869E-3	18.070312E+0
8.700000E+0	0.000000E+0	20.000000E+0	9.179320E+0	1.763034E-3	18.084375E+0
8.800000E+0	0.000000E+0	20.000000E+0	8.009071E+0	4.297571E-3	18.168750E+0
8.900000E+0	0.000000E+0	20.000000E+0	3.365741E+0	43.582889E-3	18.281250E+0
9.000000E+0	0.000000E+0	20.000000E+0	5.364337E+0	-34.987747E-3	18.309375E+0
9.100000E+0	0.000000E+0	20.000000E+0	8.164820E+0	-33.720479E-3	18.323438E+0
9.200000E+0	0.000000E+0	20.000000E+0	11.126186E+0	4.297571E-3	18.337500E+0
9.300000E+0	0.000000E+0	20.000000E+0	7.182773E+0	52.453767E-3	18.435938E+0
9.400000E+0	0.000000E+0	20.000000E+0	5.686512E+0	11.901181E-3	18.534375E+0
9.500000E+0	0.000000E+0	20.000000E+0	5.851381E+0	-33.720479E-3	18.576563E+0
9.600000E+0	0.000000E+0	20.000000E+0	8.995969E+0	-19.780527E-3	18.590625E+0
9.700000E+0	0.000000E+0	20.000000E+0	6.891084E+0	27.108401E-3	18.646875E+0
9.800000E+0	0.000000E+0	20.000000E+0	5.500654E+0	9.366644E-3	18.731250E+0
9.900000E+0	0.000000E+0	20.000000E+0	6.746270E+0	-8.375112E-3	18.759375E+0
10.000000E+0	0.000000E+0	20.000000E+0	9.042884E+0	-4.573307E-3	18.773437E+0
10.100000E+0	0.000000E+0	20.000000E+0	5.523938E+0	47.384694E-3	18.871875E+0
10.200000E+0	0.000000E+0	20.000000E+0	4.118081E+0	-771.502440E-6	18.942187E+0
10.300000E+0	0.000000E+0	20.000000E+0	6.506412E+0	-12.176917E-3	18.956250E+0
10.400000E+0	0.000000E+0	20.000000E+0	7.663811E+0	13.168449E-3	18.970313E+0
10.500000E+0	0.000000E+0	20.000000E+0	5.084998E+0	11.901181E-3	19.054687E+0
10.600000E+0	0.000000E+0	20.000000E+0	6.076235E+0	-36.255016E-3	19.096875E+0
10.700000E+0	0.000000E+0	20.000000E+0	7.779957E+0	-9.642381E-3	19.096875E+0
10.800000E+0	0.000000E+0	20.000000E+0	9.235476E+0	-8.375112E-3	19.110938E+0
10.900000E+0	0.000000E+0	20.000000E+0	7.223595E+0	9.366644E-3	19.167188E+0
11.000000E+0	0.000000E+0	20.000000E+0	6.923860E+0	-19.780527E-3	19.223437E+0
11.100000E+0	0.000000E+0	20.000000E+0	7.814818E+0	-40.056821E-3	19.237500E+0
11.200000E+0	0.000000E+0	20.000000E+0	9.612020E+0	-22.315064E-3	19.237500E+0
11.300000E+0	0.000000E+0	20.000000E+0	8.805247E+0	-771.502440E-6	19.279688E+0
11.400000E+0	0.000000E+0	20.000000E+0	7.206405E+0	9.366644E-3	19.321875E+0
11.500000E+0	0.000000E+0	20.000000E+0	8.274759E+0	-3.306039E-3	19.335937E+0
11.600000E+0	0.000000E+0	20.000000E+0	8.975980E+0	-2.038771E-3	19.350000E+0
11.700000E+0	0.000000E+0	20.000000E+0	9.598065E+0	13.168449E-3	19.378125E+0
11.800000E+0	0.000000E+0	20.000000E+0	10.569575E+0	-21.047796E-3	19.392188E+0
11.900000E+0	0.000000E+0	20.000000E+0	9.461605E+0	-7.107844E-3	19.434375E+0
12.000000E+0	0.000000E+0	20.000000E+0	9.100929E+0	-14.711454E-3	19.462500E+0
12.100000E+0	0.000000E+0	20.000000E+0	10.554424E+0	-22.315064E-3	19.462500E+0
12.200000E+0	0.000000E+0	20.000000E+0	11.133622E+0	-19.780527E-3	19.476562E+0
12.300000E+0	0.000000E+0	20.000000E+0	9.979680E+0	-10.909649E-3	19.504687E+0
12.400000E+0	0.000000E+0	20.000000E+0	10.073530E+0	-8.375112E-3	19.532813E+0
12.500000E+0	0.000000E+0	20.000000E+0	10.720442E+0	-21.047796E-3	19.546875E+0
12.600000E+0	0.000000E+0	20.000000E+0	11.294214E+0	-26.116869E-3	19.560938E+0
12.700000E+0	0.000000E+0	20.000000E+0	11.252464E+0	-28.651406E-3	19.589063E+0
12.800000E+0	0.000000E+0	20.000000E+0	10.726420E+0	-4.573307E-3	19.603125E+0
12.900000E+0	0.000000E+0	20.000000E+0	11.573474E+0	-28.651406E-3	19.617187E+0
13.000000E+0	0.000000E+0	20.000000E+0	11.709599E+0	-24.849601E-3	19.631250E+0
13.100000E+0	0.000000E+0	20.000000E+0	11.887671E+0	-2.038771E-3	19.659375E+0
13.200000E+0	0.000000E+0	20.000000E+0	11.519258E+0	-24.849601E-3	19.673438E+0
13.300000E+0	0.000000E+0	20.000000E+0	11.350240E+0	-17.245991E-3	19.687500E+0
13.400000E+0	0.000000E+0	20.000000E+0	11.363104E+0	-17.245991E-3	19.701563E+0
13.500000E+0	0.000000E+0	20.000000E+0	9.084625E+0	-3.306039E-3	19.757812E+0
13.600000E+0	0.000000E+0	20.000000E+0	7.586206E+0	-2.038771E-3	19.800000E+0
13.700000E+0	0.000000E+0	20.000000E+0	7.995254E+0	-36.255016E-3	19.814063E+0
13.800000E+0	0.000000E+0	20.000000E+0	9.025548E+0	-42.591357E-3	19.814063E+0
13.900000E+0	0.000000E+0	20.000000E+0	8.379092E+0	-15.978722E-3	19.828125E+0
14.000000E+0	0.000000E+0	20.000000E+0	8.345061E+0	-7.107844E-3	19.828125E+0
14.100000E+0	0.000000E+0	20.000000E+0	9.615015E+0	-33.720479E-3	19.828125E+0
14.200000E+0	0.000000E+0	20.000000E+0	8.974282E+0	-19.780527E-3	19.842188E+0
14.300000E+0	0.000000E+0	20.000000E+0	8.052544E+0	-19.780527E-3	19.870313E+0
14.400000E+0	0.000000E+0	20.000000E+0	8.163974E+0	-33.720479E-3	19.870313E+0
14.500000E+0	0.000000E+0	20.000000E+0	8.308840E+0	-22.315064E-3	19.884375E+0
14.600000E+0	0.000000E+0	20.000000E+0	7.957314E+0	-22.315064E-3	19.898437E+0
14.700000E+0	0.000000E+0	20.000000E+0	7.992669E+0	-31.185942E-3	19.898437E+0
14.800000E+0	0.000000E+0	20.000000E+0	7.895435E+0	-22.315064E-3	19.898437E+0
14.900000E+0	0.000000E+0	20.000000E+0	7.870119E+0	-15.978722E-3	19.912500E+0
15.000000E+0	0.000000E+0	20.000000E+0	8.012253E+0	-37.522284E-3	19.926562E+0
15.100000E+0	0.000000E+0	20.000000E+0	8.074144E+0	-32.453211E-3	19.926562E+0
15.200000E+0	0.000000E+0	20.000000E+0	7.838738E+0	-13.444186E-3	19.940625E+0
15.300000E+0	0.000000E+0	20.000000E+0	7.996909E+0	-41.324089E-3	19.940625E+0
15.400000E+0	0.000000E+0	20.000000E+0	8.054774E+0	-38.789552E-3	19.940625E+0
15.500000E+0	0.000000E+0	20.000000E+0	7.477364E+0	-8.375112E-3	19.940625E+0
15.600000E+0	0.000000E+0	20.000000E+0	8.137068E+0	-42.591357E-3	19.954688E+0
15.700000E+0	0.000000E+0	20.000000E+0	7.894378E+0	-38.789552E-3	19.954688E+0
15.800000E+0	0.000000E+0	20.000000E+0	8.048523E+0	-45.125894E-3	19.954688E+0
15.900000E+0	0.000000E+0	20.000000E+0	8.084015E+0	-34.987747E-3	19.954688E+0
16.000000E+0	0.000000E+0	20.000000E+0	7.955587E+0	-37.522284E-3	19.954688E+0
16.100000E+0	0.000000E+0	20.000000E+0	8.358869E+0	-36.255016E-3	19.954688E+0
16.200000E+0	0.000000E+0	20.000000E+0	7.121712E+0	-9.642381E-3	19.968750E+0
16.300000E+0	0.000000E+0	20.000000E+0	7.729522E+0	-43.858626E-3	19.968750E+0
16.400000E+0	0.000000E+0	20.000000E+0	7.745899E+0	-27.384137E-3	19.968750E+0
16.500000E+0	0.000000E+0	20.000000E+0	7.361050E+0	-9.642381E-3	19.968750E+0
16.600000E+0	0.000000E+0	20.000000E+0	8.213314E+0	-38.789552E-3	19.968750E+0
16.700000E+0	0.000000E+0	20.000000E+0	7.905742E+0	-23.582332E-3	19.968750E+0
16.800000E+0	0.000000E+0	20.000000E+0	8.423652E+0	-40.056821E-3	19.968750E+0
16.900000E+0	0.000000E+0	20.000000E+0	7.794348E+0	-27.384137E-3	19.968750E+0
17.000000E+0	0.000000E+0	20.000000E+0	8.512871E+0	-12.176917E-3	19.968750E+0
17.100000E+0	0.000000E+0	20.000000E+0	8.662990E+0	-7.107844E-3	19.968750E+0
17.200000E+0	0.000000E+0	20.000000E+0	8.679367E+0	-12.176917E-3	19.968750E+0
17.300000E+0	0.000000E+0	20.000000E+0	8.929792E+0	-33.720479E-3	19.968750E+0
17.400000E+0	0.000000E+0	20.000000E+0	8.052100E+0	-9.642381E-3	19.982813E+0
17.500000E+0	0.000000E+0	20.000000E+0	8.398806E+0	-42.591357E-3	19.982813E+0
17.600000E+0	0.000000E+0	20.000000E+0	8.271692E+0	-15.978722E-3	19.982813E+0
17.700000E+0	0.000000E+0	20.000000E+0	7.687927E+0	-12.176917E-3	19.982813E+0
17.800000E+0	0.000000E+0	20.000000E+0	8.034633E+0	-23.582332E-3	19.982813E+0
17.900000E+0	0.000000E+0	20.000000E+0	8.314468E+0	-32.453211E-3	19.982813E+0
18.000000E+0	0.000000E+0	20.000000E+0	7.819563E+0	-13.444186E-3	19.982813E+0
18.100000E+0	0.000000E+0	20.000000E+0	7.898785E+0	-14.711454E-3	19.982813E+0
18.200000E+0	0.000000E+0	45.000000E+0	33.426227E+0	-32.453211E-3	19.982813E+0
18.300000E+0	0.000000E+0	45.000000E+0	27.098147E+0	455.445079E-3	20.404688E+0
18.400000E+0	0.000000E+0	45.000000E+0	1.253198E+0	772.262133E-3	21.459375E+0
18.500000E+0	0.000000E+0	45.000000E+0	3.677237E+0	400.952545E-3	22.331250E+0
18.600000E+0	0.000000E+0	45.000000E+0	4.968146E+0	137.360743E-3	22.753125E+0
18.700000E+0	0.000000E+0	45.000000E+0	20.770144E+0	81.600938E-3	22.935938E+0
18.800000E+0	0.000000E+0	45.000000E+0	23.734514E+0	373.072643E-3	23.287500E+0
18.900000E+0	0.000000E+0	45.000000E+0	3.852634E+0	612.586340E-3	24.089063E+0
19.000000E+0	0.000000E+0	45.000000E+0	1.780860E+0	337.589132E-3	24.848437E+0
19.100000E+0	0.000000E+0	45.000000E+0	10.429325E+0	150.033426E-3	25.256250E+0
19.200000E+0	0.000000E+0	45.000000E+0	14.342489E+0	221.000451E-3	25.579688E+0
19.300000E+0	0.000000E+0	45.000000E+0	12.577089E+0	371.805375E-3	26.043750E+0
19.400000E+0	0.000000E+0	45.000000E+0	18.780270E+0	387.012594E-3	26.620313E+0
19.500000E+0	0.000000E+0	45.000000E+0	4.311455E+0	484.592249E-3	27.323438E+0
19.600000E+0	0.000000E+0	45.000000E+0	2.501180E+0	270.423914E-3	27.984375E+0
19.700000E+0	0.000000E+0	45.000000E+0	10.012142E+0	1.763034E-3	28.223437E+0
19.800000E+0	0.000000E+0	45.000000E+0	20.732361E+0	134.826207E-3	28.321875E+0
19.900000E+0	0.000000E+0	45.000000E+0	8.914280E+0	479.523176E-3	28.800000E+0
20.000000E+0	0.000000E+0	45.000000E+0	5.687455E+0	351.529083E-3	29.489062E+0
20.100000E+0	0.000000E+0	45.000000E+0	130.476609E-3	30.910206E-3	29.826563E+0
20.200000E+0	0.000000E+0	45.000000E+0	32.547974E+0	47.384694E-3	29.882812E+0
20.300000E+0	0.000000E+0	45.000000E+0	4.492974E+0	578.370098E-3	30.445312E+0
20.400000E+0	0.000000E+0	45.000000E+0	14.977772E+0	428.832446E-3	31.345313E+0
20.500000E+0	0.000000E+0	45.000000E+0	6.019965E+0	-104.687506E-3	31.584375E+0
20.600000E+0	0.000000E+0	45.000000E+0	26.861906E+0	170.309719E-3	31.626563E+0
20.700000E+0	0.000000E+0	45.000000E+0	115.067368E-3	593.577317E-3	32.231250E+0
20.800000E+0	0.000000E+0	45.000000E+0	18.060716E+0	341.390937E-3	33.060938E+0
20.900000E+0	0.000000E+0	45.000000E+0	12.479185E+0	-107.222042E-3	33.117187E+0
21.000000E+0	0.000000E+0	45.000000E+0	14.244914E+0	174.111524E-3	33.187500E+0
21.100000E+0	0.000000E+0	45.000000E+0	6.551705E+0	261.553036E-3	33.553125E+0
21.200000E+0	0.000000E+0	45.000000E+0	6.641192E+0	153.835231E-3	33.904688E+0
21.300000E+0	0.000000E+0	45.000000E+0	15.930157E+0	84.135475E-3	34.073438E+0
21.400000E+0	0.000000E+0	45.000000E+0	16.668109E+0	214.664109E-3	34.312500E+0
21.500000E+0	0.000000E+0	45.000000E+0	2.303488E+0	283.096596E-3	34.818750E+0
21.600000E+0	0.000000E+0	45.000000E+0	2.915843E+0	79.066401E-3	35.184375E+0
21.700000E+0	0.000000E+0	45.000000E+0	17.321877E+0	-50.194967E-3	35.240625E+0
21.800000E+0	0.000000E+0	45.000000E+0	26.701352E+0	213.396841E-3	35.353125E+0
21.900000E+0	0.000000E+0	45.000000E+0	2.638929E+0	566.964684E-3	36.000000E+0
22.000000E+0	0.000000E+0	45.000000E+0	12.037788E+0	136.093475E-3	36.590625E+0
22.100000E+0	0.000000E+0	45.000000E+0	5.959258E+0	-161.714581E-3	36.534375E+0
22.200000E+0	0.000000E+0	45.000000E+0	17.685165E+0	35.979279E-3	36.520313E+0
22.300000E+0	0.000000E+0	45.000000E+0	7.791165E+0	303.372889E-3	36.829687E+0
22.400000E+0	0.000000E+0	45.000000E+0	2.802135E+0	229.871329E-3	37.293750E+0
22.500000E+0	0.000000E+0	45.000000E+0	3.875683E+0	-45.125894E-3	37.448438E+0
22.600000E+0	0.000000E+0	45.000000E+0	18.585822E+0	25.841132E-3	37.448438E+0
22.700000E+0	0.000000E+0	45.000000E+0	11.039200E+0	245.078548E-3	37.687500E+0
22.800000E+0	0.000000E+0	45.000000E+0	3.393863E+0	256.483963E-3	38.081250E+0
22.900000E+0	0.000000E+0	45.000000E+0	750.614734E-3	96.808158E-3	38.348438E+0
23.000000E+0	0.000000E+0	45.000000E+0	13.411155E+0	-33.720479E-3	38.390625E+0
23.100000E+0	0.000000E+0	45.000000E+0	16.690805E+0	161.438841E-3	38.489063E+0
23.200000E+0	0.000000E+0	45.000000E+0	3.318845E+0	252.682158E-3	38.840625E+0
23.300000E+0	0.000000E+0	45.000000E+0	1.877413E+0	65.126450E-3	39.164062E+0
23.400000E+0	0.000000E+0	45.000000E+0	11.898459E+0	-51.462236E-3	39.206250E+0
23.500000E+0	0.000000E+0	45.000000E+0	13.891971E+0	138.628012E-3	39.304687E+0
23.600000E+0	0.000000E+0	45.000000E+0	1.022440E+0	245.078548E-3	39.684375E+0
23.700000E+0	0.000000E+0	45.000000E+0	1.907374E+0	14.435717E-3	39.951563E+0
23.800000E+0	0.000000E+0	45.000000E+0	10.228093E+0	-22.315064E-3	39.937500E+0
23.900000E+0	0.000000E+0	45.000000E+0	7.847272E+0	87.937280E-3	40.035938E+0
24.000000E+0	0.000000E+0	45.000000E+0	7.129320E+0	60.057377E-3	40.162500E+0
24.100000E+0	0.000000E+0	45.000000E+0	8.818221E+0	41.048352E-3	40.275000E+0
24.200000E+0	0.000000E+0	45.000000E+0	7.284266E+0	61.324645E-3	40.401563E+0
24.300000E+0	0.000000E+0	45.000000E+0	7.083349E+0	100.609963E-3	40.556250E+0
24.400000E+0	0.000000E+0	45.000000E+0	4.690217E+0	44.850157E-3	40.696875E+0
24.500000E+0	0.000000E+0	45.000000E+0	7.330115E+0	-18.513259E-3	40.767187E+0
24.600000E+0	0.000000E+0	45.000000E+0	15.453170E+0	53.721035E-3	40.795313E+0
24.700000E+0	0.000000E+0	45.000000E+0	5.500756E+0	194.387817E-3	41.006250E+0
24.800000E+0	0.000000E+0	45.000000E+0	4.483074E+0	72.730060E-3	41.273437E+0
24.900000E+0	0.000000E+0	45.000000E+0	9.932246E+0	-21.047796E-3	41.329687E+0
25.000000E+0	0.000000E+0	45.000000E+0	14.767130E+0	29.642937E-3	41.357813E+0
25.100000E+0	0.000000E+0	45.000000E+0	8.855045E+0	129.757134E-3	41.526563E+0
25.200000E+0	0.000000E+0	45.000000E+0	2.404690E+0	94.273621E-3	41.765625E+0
25.300000E+0	0.000000E+0	45.000000E+0	9.091354E+0	-43.858626E-3	41.821875E+0
25.400000E+0	0.000000E+0	45.000000E+0	13.138996E+0	27.108401E-3	41.878125E+0
25.500000E+0	0.000000E+0	45.000000E+0	5.208033E+0	132.291670E-3	42.046875E+0
25.600000E+0	0.000000E+0	45.000000E+0	1.726380E+0	19.504791E-3	42.243750E+0
25.700000E+0	0.000000E+0	45.000000E+0	8.924398E+0	-10.909649E-3	42.243750E+0
25.800000E+0	0.000000E+0	45.000000E+0	7.081655E+0	48.651962E-3	42.314062E+0
25.900000E+0	0.000000E+0	45.000000E+0	7.289812E+0	-12.176917E-3	42.398437E+0
26.000000E+0	0.000000E+0	45.000000E+0	10.791254E+0	-771.502440E-6	42.440625E+0
26.100000E+0	0.000000E+0	45.000000E+0	7.473998E+0	63.859182E-3	42.539062E+0
26.200000E+0	0.000000E+0	45.000000E+0	5.053545E+0	5.564839E-3	42.665625E+0
26.300000E+0	0.000000E+0	45.000000E+0	9.378258E+0	-12.176917E-3	42.693750E+0
26.400000E+0	0.000000E+0	45.000000E+0	10.451018E+0	29.642937E-3	42.750000E+0
26.500000E+0	0.000000E+0	45.000000E+0	4.853555E+0	73.997328E-3	42.890625E+0
26.600000E+0	0.000000E+0	45.000000E+0	3.610568E+0	-8.375112E-3	43.017187E+0
26.700000E+0	0.000000E+0	45.000000E+0	8.470832E+0	-24.849601E-3	43.017187E+0
26.800000E+0	0.000000E+0	45.000000E+0	5.703886E+0	41.048352E-3	43.087500E+0
26.900000E+0	0.000000E+0	45.000000E+0	5.148472E+0	28.375669E-3	43.171875E+0
27.000000E+0	0.000000E+0	45.000000E+0	8.063241E+0	-5.840576E-3	43.200000E+0
27.100000E+0	0.000000E+0	45.000000E+0	9.834723E+0	3.030303E-3	43.228125E+0
27.200000E+0	0.000000E+0	45.000000E+0	5.216925E+0	52.453767E-3	43.340625E+0
27.300000E+0	0.000000E+0	45.000000E+0	5.431098E+0	-31.185942E-3	43.425000E+0
27.400000E+0	0.000000E+0	45.000000E+0	8.785935E+0	-22.315064E-3	43.439062E+0
27.500000E+0	0.000000E+0	45.000000E+0	9.287835E+0	14.435717E-3	43.481250E+0
27.600000E+0	0.000000E+0	45.000000E+0	5.554097E+0	38.513815E-3	43.579687E+0
27.700000E+0	0.000000E+0	45.000000E+0	7.723422E+0	-19.780527E-3	43.621875E+0
27.800000E+0	0.000000E+0	45.000000E+0	11.002626E+0	-28.651406E-3	43.635938E+0
27.900000E+0	0.000000E+0	45.000000E+0	11.162743E+0	15.702986E-3	43.664062E+0
28.000000E+0	0.000000E+0	45.000000E+0	8.970248E+0	19.504791E-3	43.734375E+0
28.100000E+0	0.000000E+0	45.000000E+0	8.718931E+0	-10.909649E-3	43.804687E+0
28.200000E+0	0.000000E+0	45.000000E+0	9.579932E+0	-9.642381E-3	43.846875E+0
28.300000E+0	0.000000E+0	45.000000E+0	11.014205E+0	13.168449E-3	43.860937E+0
28.400000E+0	0.000000E+0	45.000000E+0	8.664277E+0	52.453767E-3	43.931250E+0
28.500000E+0	0.000000E+0	45.000000E+0	6.945961E+0	-7.107844E-3	44.001562E+0
28.600000E+0	0.000000E+0	45.000000E+0	8.033131E+0	-36.255016E-3	44.029688E+0
28.700000E+0	0.000000E+0	45.000000E+0	9.839308E+0	-14.711454E-3	44.043750E+0
28.800000E+0	0.000000E+0	45.000000E+0	6.933989E+0	16.970254E-3	44.114063E+0
28.900000E+0	0.000000E+0	45.000000E+0	5.915279E+0	-2.038771E-3	44.184375E+0
29.000000E+0	0.000000E+0	45.000000E+0	6.638061E+0	-27.384137E-3	44.212500E+0
29.100000E+0	0.000000E+0	45.000000E+0	7.886823E+0	-40.056821E-3	44.226562E+0
29.200000E+0	0.000000E+0	45.000000E+0	7.220105E+0	3.030303E-3	44.254688E+0
29.300000E+0	0.000000E+0	45.000000E+0	5.704578E+0	-5.840576E-3	44.310938E+0
29.400000E+0	0.000000E+0	45.000000E+0	7.028833E+0	-41.324089E-3	44.325000E+0
29.500000E+0	0.000000E+0	45.000000E+0	7.570854E+0	-4.573307E-3	44.339063E+0
29.600000E+0	0.000000E+0	45.000000E+0	6.956494E+0	-9.642381E-3	44.381250E+0
29.700000E+0	0.000000E+0	45.000000E+0	8.398473E+0	-15.978722E-3	44.395313E+0
29.800000E+0	0.000000E+0	45.000000E+0	8.163909E+0	-771.502440E-6	44.409375E+0
29.900000E+0	0.000000E+0	45.000000E+0	7.694918E+0	-12.176917E-3	44.437500E+0
30.000000E+0	0.000000E+0	45.000000E+0	6.941476E+0	9.366644E-3	44.479688E+0
30.100000E+0	0.000000E+0	45.000000E+0	7.854849E+0	-19.780527E-3	44.507812E+0
30.200000E+0	0.000000E+0	45.000000E+0	6.408746E+0	13.168449E-3	44.535938E+0
30.300000E+0	0.000000E+0	45.000000E+0	8.130772E+0	-7.107844E-3	44.550000E+0
30.400000E+0	0.000000E+0	45.000000E+0	7.740278E+0	5.564839E-3	44.578125E+0
30.500000E+0	0.000000E+0	45.000000E+0	6.597602E+0	1.763034E-3	44.606250E+0
30.600000E+0	0.000000E+0	45.000000E+0	7.754713E+0	-5.840576E-3	44.606250E+0
30.700000E+0	0.000000E+0	45.000000E+0	8.247591E+0	-15.978722E-3	44.620313E+0
30.800000E+0	0.000000E+0	45.000000E+0	7.026257E+0	8.099376E-3	44.648437E+0
30.900000E+0	0.000000E+0	45.000000E+0	7.117531E+0	-15.978722E-3	44.676563E+0
31.000000E+0	0.000000E+0	45.000000E+0	8.499325E+0	-34.987747E-3	44.676563E+0
31.100000E+0	0.000000E+0	45.000000E+0	8.276666E+0	-26.116869E-3	44.690625E+0
31.200000E+0	0.000000E+0	45.000000E+0	8.409632E+0	-38.789552E-3	44.704687E+0
31.300000E+0	0.000000E+0	45.000000E+0	8.561051E+0	-34.987747E-3	44.704687E+0
31.400000E+0	0.000000E+0	45.000000E+0	8.450034E+0	495.765883E-6	44.718750E+0
31.500000E+0	0.000000E+0	45.000000E+0	8.089885E+0	-10.909649E-3	44.746875E+0
31.600000E+0	0.000000E+0	45.000000E+0	7.514418E+0	-14.711454E-3	44.775000E+0
31.700000E+0	0.000000E+0	45.000000E+0	8.022776E+0	-22.315064E-3	44.775000E+0
31.800000E+0	0.000000E+0	45.000000E+0	9.056823E+0	-5.840576E-3	44.775000E+0
31.900000E+0	0.000000E+0	45.000000E+0	9.054370E+0	-28.651406E-3	44.775000E+0
32.000000E+0	0.000000E+0	45.000000E+0	8.375227E+0	-14.711454E-3	44.803125E+0
32.100000E+0	0.000000E+0	45.000000E+0	7.947099E+0	-7.107844E-3	44.817188E+0
32.200000E+0	0.000000E+0	45.000000E+0	9.275984E+0	-8.375112E-3	44.817188E+0
32.300000E+0	0.000000E+0	45.000000E+0	8.890000E+0	-33.720479E-3	44.831250E+0
32.400000E+0	0.000000E+0	45.000000E+0	9.172362E+0	-29.918674E-3	44.831250E+0
32.500000E+0	0.000000E+0	45.000000E+0	7.764947E+0	-28.651406E-3	44.859375E+0
32.600000E+0	0.000000E+0	45.000000E+0	8.895188E+0	-36.255016E-3	44.859375E+0
32.700000E+0	0.000000E+0	45.000000E+0	9.189542E+0	-32.453211E-3	44.873438E+0
32.800000E+0	0.000000E+0	45.000000E+0	8.837650E+0	-29.918674E-3	44.873438E+0
32.900000E+0	0.000000E+0	45.000000E+0	8.632149E+0	-23.582332E-3	44.887500E+0
33.000000E+0	0.000000E+0	45.000000E+0	9.132455E+0	-12.176917E-3	44.887500E+0
33.100000E+0	0.000000E+0	45.000000E+0	9.001513E+0	-26.116869E-3	44.887500E+0
33.200000E+0	0.000000E+0	45.000000E+0	9.430921E+0	-36.255016E-3	44.887500E+0
33.300000E+0	0.000000E+0	45.000000E+0	9.315705E+0	-41.324089E-3	44.901563E+0
33.400000E+0	0.000000E+0	45.000000E+0	9.343887E+0	-36.255016E-3	44.901563E+0
33.500000E+0	0.000000E+0	45.000000E+0	8.886264E+0	-34.987747E-3	44.915625E+0
33.600000E+0	0.000000E+0	45.000000E+0	9.244775E+0	-21.047796E-3	44.915625E+0
33.700000E+0	0.000000E+0	45.000000E+0	9.001448E+0	-40.056821E-3	44.915625E+0
33.800000E+0	0.000000E+0	45.000000E+0	9.761186E+0	-42.591357E-3	44.915625E+0
33.900000E+0	0.000000E+0	45.000000E+0	9.919084E+0	-34.987747E-3	44.915625E+0
34.000000E+0	0.000000E+0	45.000000E+0	9.389250E+0	-31.185942E-3	44.929687E+0
34.100000E+0	0.000000E+0	45.000000E+0	8.974427E+0	-31.185942E-3	44.943750E+0
34.200000E+0	0.000000E+0	45.000000E+0	9.306156E+0	-38.789552E-3	44.943750E+0
34.300000E+0	0.000000E+0	45.000000E+0	9.437272E+0	-771.502440E-6	44.957813E+0
34.400000E+0	0.000000E+0	45.000000E+0	8.116321E+0	-42.591357E-3	44.957813E+0
34.500000E+0	0.000000E+0	45.000000E+0	8.267188E+0	-32.453211E-3	44.971875E+0
34.600000E+0	0.000000E+0	45.000000E+0	7.807508E+0	-43.858626E-3	44.985937E+0
34.700000E+0	0.000000E+0	45.000000E+0	7.214378E+0	-12.176917E-3	44.985937E+0
34.800000E+0	0.000000E+0	45.000000E+0	7.978055E+0	-21.047796E-3	44.985937E+0
34.900000E+0	0.000000E+0	45.000000E+0	7.237135E+0	-21.047796E-3	44.985937E+0
35.000000E+0	0.000000E+0	45.000000E+0	7.341468E+0	-43.858626E-3	44.985937E+0
35.100000E+0	0.000000E+0	45.000000E+0	8.081075E+0	-27.384137E-3	44.985937E+0
35.200000E+0	0.000000E+0	45.000000E+0	8.051665E+0	-37.522284E-3	44.985937E+0
35.300000E+0	0.000000E+0	45.000000E+0	7.530089E+0	-15.978722E-3	44.985937E+0
35.400000E+0	0.000000E+0	45.000000E+0	8.164707E+0	-46.393162E-3	44.985937E+0
35.500000E+0	0.000000E+0	45.000000E+0	8.335910E+0	-40.056821E-3	44.985937E+0
35.600000E+0	0.000000E+0	45.000000E+0	7.633108E+0	-37.522284E-3	44.985937E+0
35.700000E+0	0.000000E+0	45.000000E+0	8.243656E+0	-37.522284E-3	44.985937E+0
35.800000E+0	0.000000E+0	45.000000E+0	7.712714E+0	-34.987747E-3	44.985937E+0
35.900000E+0	0.000000E+0	45.000000E+0	7.888600E+0	-21.047796E-3	44.985937E+0
36.000000E+0	0.000000E+0	45.000000E+0	7.940475E+0	-10.909649E-3	45.000000E+0
36.100000E+0	0.000000E+0	45.000000E+0	8.074217E+0	-15.978722E-3	45.000000E+0
36.200000E+0	0.000000E+0	45.000000E+0	7.840169E+0	-10.909649E-3	45.000000E+0
36.300000E+0	0.000000E+0	45.000000E+0	7.739862E+0	-40.056821E-3	45.000000E+0
36.400000E+0	0.000000E+0	45.000000E+0	6.970845E+0	-8.375112E-3	45.000000E+0
36.500000E+0	0.000000E+0	45.000000E+0	7.606120E+0	-32.453211E-3	45.000000E+0
36.600000E+0	0.000000E+0	45.000000E+0	7.539249E+0	-37.522284E-3	45.000000E+0
36.700000E+0	0.000000E+0	45.000000E+0	7.505813E+0	-21.047796E-3	45.000000E+0
36.800000E+0	0.000000E+0	45.000000E+0	8.007346E+0	-43.858626E-3	45.000000E+0
36.900000E+0	0.000000E+0	45.000000E+0	7.204894E+0	-42.591357E-3	45.000000E+0
37.000000E+0	0.000000E+0	45.000000E+0	7.806733E+0	-8.375112E-3	45.000000E+0
37.100000E+0	0.000000E+0	45.000000E+0	7.706427E+0	-36.255016E-3	45.000000E+0
37.200000E+0	0.000000E+0	45.000000E+0	7.739862E+0	-42.591357E-3	45.000000E+0
37.300000E+0	0.000000E+0	45.000000E+0	7.539249E+0	-40.056821E-3	45.000000E+0
37.400000E+0	0.000000E+0	45.000000E+0	7.840169E+0	-36.255016E-3	45.000000E+0
37.500000E+0	0.000000E+0	45.000000E+0	7.806733E+0	-36.255016E-3	45.000000E+0
37.600000E+0	0.000000E+0	45.000000E+0	7.071152E+0	-8.375112E-3	45.000000E+0
37.700000E+0	0.000000E+0	45.000000E+0	7.004281E+0	-43.858626E-3	45.000000E+0
37.800000E+0	0.000000E+0	45.000000E+0	7.907040E+0	-43.858626E-3	45.000000E+0
37.900000E+0	0.000000E+0	45.000000E+0	7.472378E+0	-13.444186E-3	45.000000E+0
38.000000E+0	0.000000E+0	45.000000E+0	7.138023E+0	-33.720479E-3	45.000000E+0
38.100000E+0	0.000000E+0	15.000000E+0	12.540578E+0	-65.402187E-3	45.000000E+0
38.200000E+0	0.000000E+0	15.000000E+0	27.809452E+0	-434.177283E-3	44.676563E+0
38.300000E+0	0.000000E+0	15.000000E+0	2.115008E+0	-953.757347E-3	43.565625E+0
38.400000E+0	0.000000E+0	15.000000E+0	15.560887E+0	-603.991251E-3	42.384375E+0
38.500000E+0	0.000000E+0	15.000000E+0	7.460927E+0	-57.798577E-3	41.990625E+0
38.600000E+0	0.000000E+0	15.000000E+0	45.725675E+0	-356.873910E-3	41.850000E+0
38.700000E+0	0.000000E+0	15.000000E+0	5.952970E+0	-1.323800E+0	40.584375E+0
38.800000E+0	0.000000E+0	15.000000E+0	28.037914E+0	-725.649021E-3	39.037500E+0
38.900000E+0	0.000000E+0	15.000000E+0	6.345584E+0	57.522840E-3	38.629688E+0
39.000000E+0	0.000000E+0	15.000000E+0	38.050927E+0	-126.231068E-3	38.770313E+0
39.100000E+0	0.000000E+0	15.000000E+0	5.103411E+0	-1.081751E+0	37.912500E+0
39.200000E+0	0.000000E+0	15.000000E+0	29.208533E+0	-894.195728E-3	36.506250E+0
39.300000E+0	0.000000E+0	15.000000E+0	11.589180E+0	104.411768E-3	35.985937E+0
39.400000E+0	0.000000E+0	15.000000E+0	13.563928E+0	48.651962E-3	36.225000E+0
39.500000E+0	0.000000E+0	15.000000E+0	19.934783E+0	-425.306404E-3	36.014063E+0
39.600000E+0	0.000000E+0	15.000000E+0	10.858418E+0	-626.802082E-3	35.282812E+0
39.700000E+0	0.000000E+0	15.000000E+0	2.551978E+0	-524.153340E-3	34.439062E+0
39.800000E+0	0.000000E+0	15.000000E+0	1.032936E+0	-301.114102E-3	33.848438E+0
39.900000E+0	0.000000E+0	15.000000E+0	18.338070E+0	-145.240093E-3	33.637500E+0
40.000000E+0	0.000000E+0	15.000000E+0	13.124001E+0	-383.486547E-3	33.328125E+0
40.100000E+0	0.000000E+0	15.000000E+0	6.400436E+0	-382.219278E-3	32.779688E+0
40.200000E+0	0.000000E+0	15.000000E+0	6.495630E+0	-293.510491E-3	32.287500E+0
40.300000E+0	0.000000E+0	15.000000E+0	11.841704E+0	-197.198095E-3	31.964063E+0
40.400000E+0	0.000000E+0	15.000000E+0	16.209618E+0	-335.330348E-3	31.626563E+0
40.500000E+0	0.000000E+0	15.000000E+0	6.014442E+0	-456.988114E-3	31.092188E+0
40.600000E+0	0.000000E+0	15.000000E+0	14.499537E+0	-393.624694E-3	30.543750E+0
40.700000E+0	0.000000E+0	15.000000E+0	6.414100E+0	-434.177283E-3	29.939063E+0
40.800000E+0	0.000000E+0	15.000000E+0	1.301967E+0	-302.381370E-3	29.390625E+0
40.900000E+0	0.000000E+0	15.000000E+0	5.044588E+0	-118.627458E-3	29.123438E+0
41.000000E+0	0.000000E+0	15.000000E+0	18.992390E+0	-131.300141E-3	29.010938E+0
41.100000E+0	0.000000E+0	15.000000E+0	11.035843E+0	-407.564646E-3	28.631250E+0
41.200000E+0	0.000000E+0	15.000000E+0	5.972210E+0	-382.219278E-3	28.068750E+0
41.300000E+0	0.000000E+0	15.000000E+0	341.114468E-3	-247.888830E-3	27.646875E+0
41.400000E+0	0.000000E+0	15.000000E+0	6.757893E+0	-66.669456E-3	27.450000E+0
41.500000E+0	0.000000E+0	15.000000E+0	30.542853E+0	-102.152969E-3	27.421875E+0
41.600000E+0	0.000000E+0	15.000000E+0	12.433605E+0	-617.931203E-3	26.929687E+0
41.700000E+0	0.000000E+0	15.000000E+0	4.006783E+0	-486.135287E-3	26.128125E+0
41.800000E+0	0.000000E+0	15.000000E+0	8.179864E+0	-132.567409E-3	25.748438E+0
41.900000E+0	0.000000E+0	15.000000E+0	11.223299E+0	13.168449E-3	25.762500E+0
42.000000E+0	0.000000E+0	15.000000E+0	22.487890E+0	-197.198095E-3	25.692187E+0
42.100000E+0	0.000000E+0	15.000000E+0	5.464211E+0	-429.108209E-3	25.228125E+0
42.200000E+0	0.000000E+0	15.000000E+0	8.574063E+0	-297.312296E-3	24.623438E+0
42.300000E+0	0.000000E+0	15.000000E+0	14.106459E+0	-21.047796E-3	24.510938E+0
42.400000E+0	0.000000E+0	15.000000E+0	15.734515E+0	-217.474389E-3	24.398437E+0
42.500000E+0	0.000000E+0	15.000000E+0	6.303180E+0	-346.735763E-3	24.032813E+0
42.600000E+0	0.000000E+0	15.000000E+0	2.433754E+0	-187.059948E-3	23.681250E+0
42.700000E+0	0.000000E+0	15.000000E+0	7.726576E+0	-73.005797E-3	23.554687E+0
42.800000E+0	0.000000E+0	15.000000E+0	20.380729E+0	-141.438288E-3	23.484375E+0
42.900000E+0	0.000000E+0	15.000000E+0	21.232680E+0	-394.891962E-3	23.132812E+0
43.000000E+0	0.000000E+0	15.000000E+0	8.378376E+0	-251.690635E-3	22.598437E+0
43.100000E+0	0.000000E+0	15.000000E+0	5.962569E+0	18.237522E-3	22.528125E+0
43.200000E+0	0.000000E+0	15.000000E+0	16.323288E+0	-121.161994E-3	22.500000E+0
43.300000E+0	0.000000E+0	15.000000E+0	8.641736E+0	-271.966929E-3	22.275000E+0
43.400000E+0	0.000000E+0	15.000000E+0	1.541327E+0	-211.138047E-3	21.951563E+0
43.500000E+0	0.000000E+0	15.000000E+0	6.977385E+0	-98.351164E-3	21.796875E+0
43.600000E+0	0.000000E+0	15.000000E+0	8.196813E+0	-109.756579E-3	21.712500E+0
43.700000E+0	0.000000E+0	15.000000E+0	9.512457E+0	-149.041898E-3	21.557813E+0
43.800000E+0	0.000000E+0	15.000000E+0	6.487108E+0	-155.378240E-3	21.389063E+0
43.900000E+0	0.000000E+0	15.000000E+0	8.659468E+0	-102.152969E-3	21.262500E+0
44.000000E+0	0.000000E+0	15.000000E+0	12.397068E+0	-102.152969E-3	21.192187E+0
44.100000E+0	0.000000E+0	15.000000E+0	12.059700E+0	-166.783655E-3	21.065625E+0
44.200000E+0	0.000000E+0	15.000000E+0	9.814671E+0	-188.327217E-3	20.840625E+0
44.300000E+0	0.000000E+0	15.000000E+0	4.490955E+0	-171.852728E-3	20.615625E+0
44.400000E+0	0.000000E+0	15.000000E+0	4.385561E+0	-89.480286E-3	20.432813E+0
44.500000E+0	0.000000E+0	15.000000E+0	11.214723E+0	-27.384137E-3	20.362500E+0
44.600000E+0	0.000000E+0	15.000000E+0	11.040118E+0	-94.549359E-3	20.278125E+0
44.700000E+0	0.000000E+0	15.000000E+0	9.699713E+0	-112.291116E-3	20.137500E+0
44.800000E+0	0.000000E+0	15.000000E+0	10.765191E+0	-90.747554E-3	20.039062E+0
44.900000E+0	0.000000E+0	15.000000E+0	12.936595E+0	-92.014822E-3	19.954688E+0
45.000000E+0	0.000000E+0	15.000000E+0	12.214835E+0	-135.101946E-3	19.842188E+0
45.100000E+0	0.000000E+0	15.000000E+0	12.066054E+0	-147.774630E-3	19.701563E+0
45.200000E+0	0.000000E+0	15.000000E+0	7.336083E+0	-169.318192E-3	19.518750E+0
45.300000E+0	0.000000E+0	15.000000E+0	7.314473E+0	-86.945749E-3	19.378125E+0
45.400000E+0	0.000000E+0	15.000000E+0	11.827927E+0	-69.203992E-3	19.321875E+0
45.500000E+0	0.000000E+0	15.000000E+0	8.518616E+0	-137.636483E-3	19.209375E+0
45.600000E+0	0.000000E+0	15.000000E+0	6.970513E+0	-104.687506E-3	19.054687E+0
45.700000E+0	0.000000E+0	15.000000E+0	15.930666E+0	-27.384137E-3	19.040625E+0
45.800000E+0	0.000000E+0	15.000000E+0	15.269386E+0	-142.705556E-3	18.942187E+0
45.900000E+0	0.000000E+0	15.000000E+0	8.839663E+0	-168.050923E-3	18.759375E+0
46.000000E+0	0.000000E+0	15.000000E+0	5.886317E+0	-132.567409E-3	18.562500E+0
46.100000E+0	0.000000E+0	15.000000E+0	5.657947E+0	-70.471261E-3	18.478125E+0
46.200000E+0	0.000000E+0	15.000000E+0	13.741557E+0	-57.798577E-3	18.464063E+0
46.300000E+0	0.000000E+0	15.000000E+0	10.928859E+0	-165.516386E-3	18.337500E+0
46.400000E+0	0.000000E+0	15.000000E+0	7.218243E+0	-142.705556E-3	18.154688E+0
46.500000E+0	0.000000E+0	15.000000E+0	4.343772E+0	-90.747554E-3	18.014063E+0
46.600000E+0	0.000000E+0	15.000000E+0	10.790145E+0	-56.531309E-3	18.000000E+0
46.700000E+0	0.000000E+0	15.000000E+0	12.584363E+0	-69.203992E-3	17.943750E+0
46.800000E+0	0.000000E+0	15.000000E+0	9.326581E+0	-81.876676E-3	17.831250E+0
46.900000E+0	0.000000E+0	15.000000E+0	9.915566E+0	-43.858626E-3	17.760938E+0
47.000000E+0	0.000000E+0	15.000000E+0	14.571902E+0	-65.402187E-3	17.732813E+0
47.100000E+0	0.000000E+0	15.000000E+0	12.187462E+0	-118.627458E-3	17.634375E+0
47.200000E+0	0.000000E+0	15.000000E+0	7.403926E+0	-146.507361E-3	17.479688E+0
47.300000E+0	0.000000E+0	15.000000E+0	8.289049E+0	-52.729504E-3	17.367187E+0
47.400000E+0	0.000000E+0	15.000000E+0	9.507271E+0	-56.531309E-3	17.325000E+0
47.500000E+0	0.000000E+0	15.000000E+0	11.586907E+0	-75.540334E-3	17.296875E+0
47.600000E+0	0.000000E+0	15.000000E+0	9.071178E+0	-130.032873E-3	17.198438E+0
47.700000E+0	0.000000E+0	15.000000E+0	5.780444E+0	-122.429263E-3	17.071875E+0
47.800000E+0	0.000000E+0	15.000000E+0	6.924752E+0	-47.660431E-3	17.001563E+0
47.900000E+0	0.000000E+0	15.000000E+0	9.006164E+0	-75.540334E-3	16.959375E+0
48.000000E+0	0.000000E+0	15.000000E+0	5.891157E+0	-105.954774E-3	16.875000E+0
48.100000E+0	0.000000E+0	15.000000E+0	6.358251E+0	-24.849601E-3	16.804687E+0
48.200000E+0	0.000000E+0	15.000000E+0	11.137435E+0	-43.858626E-3	16.790625E+0
48.300000E+0	0.000000E+0	15.000000E+0	11.634578E+0	-79.342139E-3	16.748438E+0
48.400000E+0	0.000000E+0	15.000000E+0	7.112640E+0	-114.825652E-3	16.635938E+0
48.500000E+0	0.000000E+0	15.000000E+0	9.311083E+0	-48.927699E-3	16.579688E+0
48.600000E+0	0.000000E+0	15.000000E+0	13.026681E+0	-47.660431E-3	16.579688E+0
48.700000E+0	0.000000E+0	15.000000E+0	11.872186E+0	-81.876676E-3	16.537500E+0
48.800000E+0	0.000000E+0	15.000000E+0	11.515826E+0	-67.936724E-3	16.453125E+0
48.900000E+0	0.000000E+0	15.000000E+0	9.654091E+0	-73.005797E-3	16.382812E+0
49.000000E+0	0.000000E+0	15.000000E+0	8.335775E+0	-50.194967E-3	16.312500E+0
49.100000E+0	0.000000E+0	15.000000E+0	9.257632E+0	-67.936724E-3	16.284375E+0
49.200000E+0	0.000000E+0	15.000000E+0	9.133890E+0	-67.936724E-3	16.242187E+0
49.300000E+0	0.000000E+0	15.000000E+0	8.275588E+0	-70.471261E-3	16.185938E+0
49.400000E+0	0.000000E+0	15.000000E+0	7.630505E+0	-70.471261E-3	16.143750E+0
49.500000E+0	0.000000E+0	15.000000E+0	9.046412E+0	-59.065846E-3	16.115625E+0
49.600000E+0	0.000000E+0	15.000000E+0	8.077653E+0	-62.867651E-3	16.073438E+0
49.700000E+0	0.000000E+0	15.000000E+0	9.357148E+0	-42.591357E-3	16.031250E+0
49.800000E+0	0.000000E+0	15.000000E+0	8.103810E+0	-47.660431E-3	15.989063E+0
49.900000E+0	0.000000E+0	15.000000E+0	8.136071E+0	-38.789552E-3	15.946875E+0
50.000000E+0	0.000000E+0	15.000000E+0	9.846364E+0	-18.513259E-3	15.932813E+0
50.100000E+0	0.000000E+0	15.000000E+0	9.612747E+0	-78.074871E-3	15.904687E+0
50.200000E+0	0.000000E+0	15.000000E+0	6.751542E+0	-71.738529E-3	15.834375E+0
50.300000E+0	0.000000E+0	15.000000E+0	7.036162E+0	-28.651406E-3	15.792188E+0
50.400000E+0	0.000000E+0	15.000000E+0	7.621887E+0	-37.522284E-3	15.764062E+0
50.500000E+0	0.000000E+0	15.000000E+0	6.678393E+0	-59.065846E-3	15.721875E+0
50.600000E+0	0.000000E+0	15.000000E+0	5.816172E+0	-41.324089E-3	15.679687E+0
50.700000E+0	0.000000E+0	15.000000E+0	7.467356E+0	-41.324089E-3	15.679687E+0
50.800000E+0	0.000000E+0	15.000000E+0	8.902857E+0	-37.522284E-3	15.665625E+0
50.900000E+0	0.000000E+0	15.000000E+0	7.809548E+0	-34.987747E-3	15.623437E+0
51.000000E+0	0.000000E+0	15.000000E+0	8.374765E+0	-21.047796E-3	15.595313E+0
51.100000E+0	0.000000E+0	15.000000E+0	9.597606E+0	-40.056821E-3	15.581250E+0
51.200000E+0	0.000000E+0	15.000000E+0	9.297117E+0	-51.462236E-3	15.567188E+0
51.300000E+0	0.000000E+0	15.000000E+0	9.336397E+0	-38.789552E-3	15.539062E+0
51.400000E+0	0.000000E+0	15.000000E+0	9.692250E+0	-42.591357E-3	15.525000E+0
51.500000E+0	0.000000E+0	15.000000E+0	9.604441E+0	-18.513259E-3	15.496875E+0
51.600000E+0	0.000000E+0	15.000000E+0	10.894649E+0	-40.056821E-3	15.496875E+0
51.700000E+0	0.000000E+0	15.000000E+0	12.081298E+0	-15.978722E-3	15.482812E+0
51.800000E+0	0.000000E+0	15.000000E+0	11.263903E+0	-37.522284E-3	15.454688E+0
51.900000E+0	0.000000E+0	15.000000E+0	8.790696E+0	-74.273066E-3	15.412500E+0
52.000000E+0	0.000000E+0	15.000000E+0	8.780876E+0	-51.462236E-3	15.370313E+0
52.100000E+0	0.000000E+0	15.000000E+0	9.487307E+0	-38.789552E-3	15.370313E+0
52.200000E+0	0.000000E+0	15.000000E+0	10.239747E+0	-36.255016E-3	15.370313E+0
52.300000E+0	0.000000E+0	150.000000E+0	99.900000E+0	677.217018E-3	15.539062E+0
52.400000E+0	0.000000E+0	150.000000E+0	92.299825E+0	3.565321E+0	18.815625E+0
52.500000E+0	0.000000E+0	150.000000E+0	71.541526E+0	3.698384E+0	25.115625E+0
52.600000E+0	0.000000E+0	150.000000E+0	71.210915E+0	1.234815E+0	29.235938E+0
52.700000E+0	0.000000E+0	150.000000E+0	99.900000E+0	80.333670E-3	29.643750E+0
52.800000E+0	0.000000E+0	150.000000E+0	99.900000E+0	2.659224E+0	31.471875E+0
52.900000E+0	0.000000E+0	150.000000E+0	36.330624E+0	4.423261E+0	37.040625E+0
53.000000E+0	0.000000E+0	150.000000E+0	99.274729E+0	2.306924E+0	42.426563E+0
53.100000E+0	0.000000E+0	150.000000E+0	69.825563E+0	24.573864E-3	43.467188E+0
53.200000E+0	0.000000E+0	150.000000E+0	41.184522E+0	1.632737E+0	44.648437E+0
53.300000E+0	0.000000E+0	150.000000E+0	14.508804E+0	2.508419E+0	47.910938E+0
53.400000E+0	0.000000E+0	150.000000E+0	60.632400E+0	2.096557E+0	51.356250E+0
53.500000E+0	0.000000E+0	150.000000E+0	341.798906E-3	166.507914E-3	53.114063E+0
53.600000E+0	0.000000E+0	150.000000E+0	99.900000E+0	891.385342E-3	53.662500E+0
53.700000E+0	0.000000E+0	150.000000E+0	14.061732E+0	3.884672E+0	57.290625E+0
53.800000E+0	0.000000E+0	150.000000E+0	77.606985E+0	1.854509E+0	61.579687E+0
53.900000E+0	0.000000E+0	150.000000E+0	19.804637E+0	-375.882936E-3	62.395313E+0
54.000000E+0	0.000000E+0	150.000000E+0	84.468097E+0	824.220129E-3	62.535938E+0
54.100000E+0	0.000000E+0	150.000000E+0	10.802926E+0	2.784684E+0	65.250000E+0
54.200000E+0	0.000000E+0	150.000000E+0	60.407565E+0	2.004047E+0	68.934375E+0
54.300000E+0	0.000000E+0	150.000000E+0	7.807173E+0	156.369768E-3	70.551563E+0
54.400000E+0	0.000000E+0	150.000000E+0	74.652956E+0	345.192741E-3	70.650000E+0
54.500000E+0	0.000000E+0	150.000000E+0	26.016727E+0	2.144713E+0	72.703125E+0
54.600000E+0	0.000000E+0	150.000000E+0	39.353323E+0	1.966029E+0	76.078125E+0
54.700000E+0	0.000000E+0	150.000000E+0	11.229337E+0	388.279862E-3	77.850000E+0
54.800000E+0	0.000000E+0	150.000000E+0	57.464691E+0	174.111524E-3	78.117187E+0
54.900000E+0	0.000000E+0	150.000000E+0	44.176792E+0	1.720179E+0	79.453125E+0
55.000000E+0	0.000000E+0	150.000000E+0	22.410355E+0	1.803818E+0	82.335937E+0
55.100000E+0	0.000000E+0	150.000000E+0	33.618118E+0	1.052328E+0	84.571875E+0
55.200000E+0	0.000000E+0	150.000000E+0	21.937960E+0	138.628012E-3	85.331250E+0
55.300000E+0	0.000000E+0	150.000000E+0	51.252816E+0	767.193060E-3	85.907813E+0
55.400000E+0	0.000000E+0	150.000000E+0	16.783372E+0	1.569374E+0	87.862500E+0
55.500000E+0	0.000000E+0	150.000000E+0	19.073405E+0	1.248755E+0	90.182812E+0
55.600000E+0	0.000000E+0	150.000000E+0	5.358231E+0	603.715462E-3	91.532813E+0
55.700000E+0	0.000000E+0	150.000000E+0	27.845267E+0	394.616204E-3	92.250000E+0
55.800000E+0	0.000000E+0	150.000000E+0	27.022221E+0	1.056130E+0	93.318750E+0
55.900000E+0	0.000000E+0	150.000000E+0	2.961331E+0	1.219608E+0	95.090625E+0
56.000000E+0	0.000000E+0	150.000000E+0	4.415645E+0	844.496420E-3	96.651562E+0
56.100000E+0	0.000000E+0	150.000000E+0	9.975242E+0	587.240975E-3	97.720313E+0
56.200000E+0	0.000000E+0	150.000000E+0	23.087166E+0	598.646389E-3	98.620312E+0
56.300000E+0	0.000000E+0	150.000000E+0	25.066488E+0	762.123988E-3	99.717188E+0
56.400000E+0	0.000000E+0	150.000000E+0	36.619220E+0	1.176521E+0	101.193750E+0
56.500000E+0	0.000000E+0	150.000000E+0	30.354777E+0	1.630203E+0	103.289062E+0
56.600000E+0	0.000000E+0	150.000000E+0	21.516591E+0	328.718254E-3	104.723438E+0
56.700000E+0	0.000000E+0	150.000000E+0	60.639121E+0	-36.255016E-3	104.779688E+0
56.800000E+0	0.000000E+0	150.000000E+0	19.713289E+0	1.666953E+0	106.003125E+0
56.900000E+0	0.000000E+0	150.000000E+0	34.856757E+0	1.163848E+0	108.210937E+0
57.000000E+0	0.000000E+0	150.000000E+0	3.675683E+0	-75.540334E-3	108.900000E+0
57.100000E+0	0.000000E+0	150.000000E+0	72.339229E+0	289.432938E-3	108.914062E+0
57.200000E+0	0.000000E+0	150.000000E+0	17.375173E+0	1.962227E+0	110.615625E+0
57.300000E+0	0.000000E+0	150.000000E+0	58.448883E+0	996.568599E-3	112.950000E+0
57.400000E+0	0.000000E+0	150.000000E+0	3.771352E+0	-535.558755E-3	113.090625E+0
57.500000E+0	0.000000E+0	150.000000E+0	73.241161E+0	456.712348E-3	112.795313E+0
57.600000E+0	0.000000E+0	150.000000E+0	41.898179E+0	2.602197E+0	114.848438E+0
57.700000E+0	0.000000E+0	150.000000E+0	64.214300E+0	660.742532E-3	117.098438E+0
57.800000E+0	0.000000E+0	150.000000E+0	24.528955E+0	-726.916290E-3	116.648437E+0
57.900000E+0	0.000000E+0	150.000000E+0	77.443308E+0	204.525963E-3	116.015625E+0
58.000000E+0	0.000000E+0	150.000000E+0	15.101111E+0	2.116834E+0	117.914062E+0
58.100000E+0	0.000000E+0	150.000000E+0	62.162033E+0	1.113157E+0	120.360938E+0
58.200000E+0	0.000000E+0	150.000000E+0	14.929016E+0	-659.751062E-3	120.487500E+0
58.300000E+0	0.000000E+0	150.000000E+0	58.014791E+0	-166.783655E-3	119.728125E+0
58.400000E+0	0.000000E+0	150.000000E+0	14.314015E+0	1.192995E+0	120.614063E+0
58.500000E+0	0.000000E+0	150.000000E+0	27.538027E+0	1.139770E+0	122.512500E+0
58.600000E+0	0.000000E+0	150.000000E+0	27.120038E+0	-771.502440E-6	123.328125E+0
58.700000E+0	0.000000E+0	150.000000E+0	30.016089E+0	-204.801706E-3	123.060938E+0
58.800000E+0	0.000000E+0	150.000000E+0	18.948801E+0	591.042780E-3	123.440625E+0
58.900000E+0	0.000000E+0	150.000000E+0	4.287241E+0	684.820628E-3	124.537500E+0
59.000000E+0	0.000000E+0	150.000000E+0	6.968372E+0	310.976498E-3	125.296875E+0
59.100000E+0	0.000000E+0	150.000000E+0	17.465627E+0	100.609963E-3	125.592188E+0
59.200000E+0	0.000000E+0	150.000000E+0	21.781747E+0	340.123668E-3	125.957813E+0
59.300000E+0	0.000000E+0	150.000000E+0	4.116621E+0	589.775512E-3	126.773437E+0
59.400000E+0	0.000000E+0	150.000000E+0	2.612436E+0	328.718254E-3	127.546875E+0
59.500000E+0	0.000000E+0	150.000000E+0	10.243970E+0	104.411768E-3	127.898437E+0
59.600000E+0	0.000000E+0	150.000000E+0	20.693355E+0	213.396841E-3	128.137500E+0
59.700000E+0	0.000000E+0	150.000000E+0	10.721994E+0	442.772397E-3	128.700000E+0
59.800000E+0	0.000000E+0	150.000000E+0	3.246190E+0	431.366983E-3	129.417188E+0
59.900000E+0	0.000000E+0	150.000000E+0	5.085022E+0	238.742207E-3	129.951562E+0
60.000000E+0	0.000000E+0	150.000000E+0	14.418193E+0	156.369768E-3	130.260938E+0
60.100000E+0	0.000000E+0	150.000000E+0	27.193560E+0	369.270838E-3	130.640625E+0
60.200000E+0	0.000000E+0	150.000000E+0	10.825890E+0	822.952861E-3	131.610938E+0
60.300000E+0	0.000000E+0	150.000000E+0	13.389900E+0	160.171573E-3	132.342187E+0
60.400000E+0	0.000000E+0	150.000000E+0	22.634637E+0	-61.600382E-3	132.342187E+0
60.500000E+0	0.000000E+0	150.000000E+0	11.480619E+0	350.261815E-3	132.623437E+0
60.600000E+0	0.000000E+0	150.000000E+0	4.723205E+0	350.261815E-3	133.312500E+0
60.700000E+0	0.000000E+0	150.000000E+0	5.682012E+0	297.036547E-3	133.846875E+0
60.800000E+0	0.000000E+0	150.000000E+0	6.061875E+0	48.651962E-3	134.100000E+0
60.900000E+0	0.000000E+0	150.000000E+0	17.645659E+0	96.808158E-3	134.170312E+0
61.000000E+0	0.000000E+0	150.000000E+0	23.321495E+0	381.943521E-3	134.550000E+0
61.100000E+0	0.000000E+0	150.000000E+0	3.551068E+0	580.904634E-3	135.323438E+0
61.200000E+0	0.000000E+0	150.000000E+0	8.784359E+0	141.162548E-3	135.928125E+0
61.300000E+0	0.000000E+0	150.000000E+0	24.465373E+0	-43.858626E-3	135.942188E+0
61.400000E+0	0.000000E+0	150.000000E+0	17.139565E+0	393.348935E-3	136.251563E+0
61.500000E+0	0.000000E+0	150.000000E+0	168.815886E-3	466.850494E-3	136.968750E+0
61.600000E+0	0.000000E+0	150.000000E+0	337.057787E-3	169.042451E-3	137.432813E+0
61.700000E+0	0.000000E+0	150.000000E+0	6.791874E+0	-14.711454E-3	137.573438E+0
61.800000E+0	0.000000E+0	150.000000E+0	32.246548E+0	115.817182E-3	137.629688E+0
61.900000E+0	0.000000E+0	150.000000E+0	1.360065E+0	739.313160E-3	138.332813E+0
62.000000E+0	0.000000E+0	150.000000E+0	12.692754E+0	167.775183E-3	139.035938E+0
62.100000E+0	0.000000E+0	150.000000E+0	5.801582E+0	-100.885701E-3	139.035938E+0
62.200000E+0	0.000000E+0	150.000000E+0	12.880873E+0	67.660987E-3	139.064063E+0
62.300000E+0	0.000000E+0	150.000000E+0	11.750771E+0	188.051475E-3	139.317188E+0
62.400000E+0	0.000000E+0	150.000000E+0	14.731601E+0	160.171573E-3	139.598438E+0
62.500000E+0	0.000000E+0	150.000000E+0	6.415889E+0	259.018499E-3	139.950000E+0
62.600000E+0	0.000000E+0	150.000000E+0	443.230793E-3	146.231622E-3	140.357812E+0
62.700000E+0	0.000000E+0	150.000000E+0	5.301154E+0	-7.107844E-3	140.526563E+0
62.800000E+0	0.000000E+0	150.000000E+0	20.476308E+0	30.910206E-3	140.540625E+0
62.900000E+0	0.000000E+0	150.000000E+0	11.914078E+0	303.372889E-3	140.850000E+0
63.000000E+0	0.000000E+0	150.000000E+0	2.047268E+0	280.562060E-3	141.342187E+0
63.100000E+0	0.000000E+0	150.000000E+0	3.475582E+0	90.471816E-3	141.651563E+0
63.200000E+0	0.000000E+0	150.000000E+0	18.616344E+0	-26.116869E-3	141.693750E+0
63.300000E+0	0.000000E+0	150.000000E+0	18.888182E+0	123.420792E-3	141.834375E+0
63.400000E+0	0.000000E+0	150.000000E+0	12.548096E+0	247.613085E-3	142.171875E+0
63.500000E+0	0.000000E+0	150.000000E+0	1.528113E+0	199.456890E-3	142.579688E+0
63.600000E+0	0.000000E+0	150.000000E+0	810.628457E-3	28.375669E-3	142.818750E+0
63.700000E+0	0.000000E+0	150.000000E+0	16.633975E+0	-31.185942E-3	142.818750E+0
63.800000E+0	0.000000E+0	150.000000E+0	14.918968E+0	93.006353E-3	142.945312E+0
63.900000E+0	0.000000E+0	150.000000E+0	7.177528E+0	175.378792E-3	143.240625E+0
64.000000E+0	0.000000E+0	150.000000E+0	7.972719E+0	93.006353E-3	143.479688E+0
64.100000E+0	0.000000E+0	150.000000E+0	10.243416E+0	57.522840E-3	143.620313E+0
64.200000E+0	0.000000E+0	150.000000E+0	8.598862E+0	98.075426E-3	143.760938E+0
64.300000E+0	0.000000E+0	150.000000E+0	5.939603E+0	113.282646E-3	143.957813E+0
64.400000E+0	0.000000E+0	150.000000E+0	9.251311E+0	9.366644E-3	144.084375E+0
64.500000E+0	0.000000E+0	150.000000E+0	13.442661E+0	33.444742E-3	144.154687E+0
64.600000E+0	0.000000E+0	150.000000E+0	10.335534E+0	93.006353E-3	144.281250E+0
64.700000E+0	0.000000E+0	150.000000E+0	7.352134E+0	77.799133E-3	144.492187E+0
64.800000E+0	0.000000E+0	150.000000E+0	8.525109E+0	33.444742E-3	144.618750E+0
64.900000E+0	0.000000E+0	150.000000E+0	11.029276E+0	9.366644E-3	144.703125E+0
65.000000E+0	0.000000E+0	150.000000E+0	11.251193E+0	47.384694E-3	144.801563E+0
65.100000E+0	0.000000E+0	150.000000E+0	8.708496E+0	101.877231E-3	144.970313E+0
65.200000E+0	0.000000E+0	150.000000E+0	5.853822E+0	70.195523E-3	145.153125E+0
65.300000E+0	0.000000E+0	150.000000E+0	7.827969E+0	9.366644E-3	145.251563E+0
65.400000E+0	0.000000E+0	150.000000E+0	14.124188E+0	30.910206E-3	145.307813E+0
65.500000E+0	0.000000E+0	150.000000E+0	10.846977E+0	117.084451E-3	145.476562E+0
65.600000E+0	0.000000E+0	150.000000E+0	5.842674E+0	73.997328E-3	145.687500E+0
65.700000E+0	0.000000E+0	150.000000E+0	9.041318E+0	-33.720479E-3	145.771875E+0
65.800000E+0	0.000000E+0	150.000000E+0	14.369458E+0	46.117425E-3	145.814063E+0
65.900000E+0	0.000000E+0	150.000000E+0	6.721555E+0	179.180597E-3	145.996875E+0
66.000000E+0	0.000000E+0	150.000000E+0	1.488736E+0	79.066401E-3	146.235938E+0
66.100000E+0	0.000000E+0	150.000000E+0	8.901776E+0	-48.927699E-3	146.292188E+0
66.200000E+0	0.000000E+0	150.000000E+0	12.922873E+0	46.117425E-3	146.348438E+0
66.300000E+0	0.000000E+0	150.000000E+0	6.462384E+0	105.679036E-3	146.517188E+0
66.400000E+0	0.000000E+0	150.000000E+0	4.823154E+0	27.108401E-3	146.671875E+0
66.500000E+0	0.000000E+0	150.000000E+0	11.529218E+0	-33.720479E-3	146.685937E+0
66.600000E+0	0.000000E+0	150.000000E+0	12.532589E+0	70.195523E-3	146.770313E+0
66.700000E+0	0.000000E+0	150.000000E+0	3.167662E+0	133.558939E-3	146.981250E+0
66.800000E+0	0.000000E+0	150.000000E+0	3.826819E+0	10.633912E-3	147.121875E+0
66.900000E+0	0.000000E+0	150.000000E+0	10.549688E+0	-31.185942E-3	147.135938E+0
67.000000E+0	0.000000E+0	150.000000E+0	10.278331E+0	38.513815E-3	147.206250E+0
67.100000E+0	0.000000E+0	150.000000E+0	5.176447E+0	80.333670E-3	147.346875E+0
67.200000E+0	0.000000E+0	150.000000E+0	1.381273E+0	30.910206E-3	147.515625E+0
67.300000E+0	0.000000E+0	150.000000E+0	5.085294E+0	-41.324089E-3	147.543750E+0
67.400000E+0	0.000000E+0	150.000000E+0	8.335401E+0	-4.573307E-3	147.557813E+0
67.500000E+0	0.000000E+0	150.000000E+0	9.998654E+0	16.970254E-3	147.600000E+0
67.600000E+0	0.000000E+0	150.000000E+0	8.250876E+0	42.315620E-3	147.698438E+0
67.700000E+0	0.000000E+0	150.000000E+0	4.537311E+0	60.057377E-3	147.825000E+0
67.800000E+0	0.000000E+0	150.000000E+0	7.265060E+0	-24.849601E-3	147.881250E+0
67.900000E+0	0.000000E+0	150.000000E+0	11.073290E+0	-19.780527E-3	147.895313E+0
68.000000E+0	0.000000E+0	150.000000E+0	10.819112E+0	29.642937E-3	147.951562E+0
68.100000E+0	0.000000E+0	150.000000E+0	7.337831E+0	52.453767E-3	148.064063E+0
68.200000E+0	0.000000E+0	150.000000E+0	5.935935E+0	14.435717E-3	148.148437E+0
68.300000E+0	0.000000E+0	150.000000E+0	8.321323E+0	-14.711454E-3	148.176563E+0
68.400000E+0	0.000000E+0	150.000000E+0	9.140581E+0	495.765883E-6	148.204688E+0
68.500000E+0	0.000000E+0	150.000000E+0	7.691419E+0	29.642937E-3	148.303125E+0
68.600000E+0	0.000000E+0	150.000000E+0	4.229147E+0	20.772059E-3	148.415625E+0
68.700000E+0	0.000000E+0	150.000000E+0	5.945360E+0	-14.711454E-3	148.457813E+0
68.800000E+0	0.000000E+0	150.000000E+0	9.339500E+0	1.763034E-3	148.457813E+0
68.900000E+0	0.000000E+0	150.000000E+0	7.724594E+0	39.781084E-3	148.514062E+0
69.000000E+0	0.000000E+0	150.000000E+0	5.273215E+0	41.048352E-3	148.626563E+0
69.100000E+0	0.000000E+0	150.000000E+0	4.465430E+0	1.763034E-3	148.710937E+0
69.200000E+0	0.000000E+0	150.000000E+0	7.843367E+0	-28.651406E-3	148.710937E+0
69.300000E+0	0.000000E+0	150.000000E+0	10.212825E+0	-771.502440E-6	148.710937E+0
69.400000E+0	0.000000E+0	150.000000E+0	11.502032E+0	6.832107E-3	148.753125E+0
69.500000E+0	0.000000E+0	150.000000E+0	7.578156E+0	49.919230E-3	148.837500E+0
69.600000E+0	0.000000E+0	150.000000E+0	7.405636E+0	8.099376E-3	148.893750E+0
69.700000E+0	0.000000E+0	150.000000E+0	9.095315E+0	-26.116869E-3	148.907813E+0
69.800000E+0	0.000000E+0	150.000000E+0	12.870055E+0	-28.651406E-3	148.907813E+0
69.900000E+0	0.000000E+0	150.000000E+0	9.561175E+0	46.117425E-3	148.964063E+0
70.000000E+0	0.000000E+0	150.000000E+0	8.339128E+0	27.108401E-3	149.034375E+0
70.100000E+0	0.000000E+0	150.000000E+0	10.749726E+0	-37.522284E-3	149.062500E+0
70.200000E+0	0.000000E+0	150.000000E+0	11.664145E+0	-771.502440E-6	149.076562E+0
70.300000E+0	0.000000E+0	150.000000E+0	9.567201E+0	13.168449E-3	149.118750E+0
70.400000E+0	0.000000E+0	150.000000E+0	9.591763E+0	-26.116869E-3	149.175000E+0
70.500000E+0	0.000000E+0	150.000000E+0	9.983937E+0	-2.038771E-3	149.189063E+0
70.600000E+0	0.000000E+0	150.000000E+0	11.045186E+0	-4.573307E-3	149.217187E+0
70.700000E+0	0.000000E+0	150.000000E+0	10.597391E+0	-7.107844E-3	149.245313E+0
70.800000E+0	0.000000E+0	150.000000E+0	9.535839E+0	3.030303E-3	149.273437E+0
70.900000E+0	0.000000E+0	150.000000E+0	10.098839E+0	-22.315064E-3	149.301563E+0
71.000000E+0	0.000000E+0	150.000000E+0	8.512998E+0	495.765883E-6	149.343750E+0
71.100000E+0	0.000000E+0	150.000000E+0	8.297268E+0	-17.245991E-3	149.385938E+0
71.200000E+0	0.000000E+0	150.000000E+0	8.935892E+0	-10.909649E-3	149.400000E+0
71.300000E+0	0.000000E+0	150.000000E+0	10.869426E+0	-31.185942E-3	149.400000E+0
71.400000E+0	0.000000E+0	150.000000E+0	9.693240E+0	-8.375112E-3	149.442188E+0
71.500000E+0	0.000000E+0	150.000000E+0	8.811557E+0	-4.573307E-3	149.484375E+0
71.600000E+0	0.000000E+0	150.000000E+0	7.998219E+0	-3.306039E-3	149.526563E+0
71.700000E+0	0.000000E+0	150.000000E+0	9.268953E+0	-33.720479E-3	149.526563E+0
71.800000E+0	0.000000E+0	150.000000E+0	8.604849E+0	-9.642381E-3	149.554687E+0
71.900000E+0	0.000000E+0	150.000000E+0	8.539054E+0	-31.185942E-3	149.582813E+0
72.000000E+0	0.000000E+0	150.000000E+0	8.542069E+0	-5.840576E-3	149.596875E+0
72.100000E+0	0.000000E+0	150.000000E+0	10.049143E+0	-7.107844E-3	149.596875E+0
72.200000E+0	0.000000E+0	150.000000E+0	10.014696E+0	-18.513259E-3	149.610938E+0
72.300000E+0	0.000000E+0	150.000000E+0	9.678500E+0	-4.573307E-3	149.625000E+0
72.400000E+0	0.000000E+0	150.000000E+0	9.380788E+0	-24.849601E-3	149.653125E+0
72.500000E+0	0.000000E+0	150.000000E+0	9.830122E+0	-29.918674E-3	149.667188E+0
72.600000E+0	0.000000E+0	150.000000E+0	9.787945E+0	-771.502440E-6	149.681250E+0
72.700000E+0	0.000000E+0	150.000000E+0	9.541129E+0	-15.978722E-3	149.695312E+0
72.800000E+0	0.000000E+0	150.000000E+0	8.635698E+0	-28.651406E-3	149.737500E+0
72.900000E+0	0.000000E+0	150.000000E+0	8.319299E+0	-19.780527E-3	149.751563E+0
73.000000E+0	0.000000E+0	150.000000E+0	8.382434E+0	-7.107844E-3	149.765625E+0
73.100000E+0	0.000000E+0	150.000000E+0	8.226311E+0	-13.444186E-3	149.779687E+0
73.200000E+0	0.000000E+0	150.000000E+0	7.542282E+0	-12.176917E-3	149.793750E+0
73.300000E+0	0.000000E+0	150.000000E+0	7.730042E+0	-42.591357E-3	149.807813E+0
73.400000E+0	0.000000E+0	150.000000E+0	8.409194E+0	-33.720479E-3	149.807813E+0
73.500000E+0	0.000000E+0	150.000000E+0	8.157610E+0	-21.047796E-3	149.821875E+0
73.600000E+0	0.000000E+0	150.000000E+0	6.934951E+0	-27.384137E-3	149.850000E+0
73.700000E+0	0.000000E+0	150.000000E+0	7.836483E+0	-37.522284E-3	149.850000E+0
73.800000E+0	0.000000E+0	150.000000E+0	8.068896E+0	-17.245991E-3	149.850000E+0
73.900000E+0	0.000000E+0	150.000000E+0	8.234438E+0	-38.789552E-3	149.850000E+0
74.000000E+0	0.000000E+0	150.000000E+0	8.149009E+0	-8.375112E-3	149.850000E+0
74.100000E+0	0.000000E+0	150.000000E+0	9.000183E+0	-36.255016E-3	149.850000E+0
74.200000E+0	0.000000E+0	150.000000E+0	8.812756E+0	-14.711454E-3	149.864063E+0
74.300000E+0	0.000000E+0	150.000000E+0	8.773367E+0	-13.444186E-3	149.878125E+0
74.400000E+0	0.000000E+0	150.000000E+0	8.247851E+0	-24.849601E-3	149.878125E+0
74.500000E+0	0.000000E+0	150.000000E+0	8.973744E+0	-37.522284E-3	149.878125E+0
74.600000E+0	0.000000E+0	150.000000E+0	8.964057E+0	-7.107844E-3	149.878125E+0
74.700000E+0	0.000000E+0	150.000000E+0	9.059723E+0	-28.651406E-3	149.892188E+0
74.800000E+0	0.000000E+0	150.000000E+0	9.611947E+0	-23.582332E-3	149.892188E+0
74.900000E+0	0.000000E+0	150.000000E+0	9.865717E+0	-29.918674E-3	149.906250E+0
75.000000E+0	0.000000E+0	150.000000E+0	9.518013E+0	-13.444186E-3	149.906250E+0
75.100000E+0	0.000000E+0	150.000000E+0	9.832411E+0	-10.909649E-3	149.906250E+0
75.200000E+0	0.000000E+0	150.000000E+0	9.544969E+0	-18.513259E-3	149.906250E+0
75.300000E+0	0.000000E+0	150.000000E+0	10.231592E+0	-38.789552E-3	149.906250E+0
75.400000E+0	0.000000E+0	150.000000E+0	9.924880E+0	-37.522284E-3	149.920312E+0
75.500000E+0	0.000000E+0	150.000000E+0	9.301275E+0	-36.255016E-3	149.920312E+0
75.600000E+0	0.000000E+0	150.000000E+0	9.513558E+0	-27.384137E-3	149.920312E+0
75.700000E+0	0.000000E+0	150.000000E+0	9.854608E+0	-28.651406E-3	149.934375E+0
75.800000E+0	0.000000E+0	150.000000E+0	9.226685E+0	-28.651406E-3	149.948438E+0
75.900000E+0	0.000000E+0	150.000000E+0	9.280003E+0	-26.116869E-3	149.948438E+0
76.000000E+0	0.000000E+0	150.000000E+0	9.199579E+0	-13.444186E-3	149.948438E+0
76.100000E+0	0.000000E+0	150.000000E+0	9.972213E+0	-45.125894E-3	149.948438E+0
76.200000E+0	0.000000E+0	150.000000E+0	9.324290E+0	-12.176917E-3	149.948438E+0
76.300000E+0	0.000000E+0	150.000000E+0	9.411044E+0	-15.978722E-3	149.948438E+0
76.400000E+0	0.000000E+0	150.000000E+0	9.933363E+0	-33.720479E-3	149.948438E+0
76.500000E+0	0.000000E+0	150.000000E+0	9.936980E+0	-40.056821E-3	149.948438E+0
76.600000E+0	0.000000E+0	150.000000E+0	10.593042E+0	-38.789552E-3	149.948438E+0
76.700000E+0	0.000000E+0	150.000000E+0	10.580394E+0	-38.789552E-3	149.948438E+0
76.800000E+0	0.000000E+0	150.000000E+0	10.283091E+0	-28.651406E-3	149.948438E+0
76.900000E+0	0.000000E+0	150.000000E+0	11.006024E+0	-27.384137E-3	149.948438E+0
77.000000E+0	0.000000E+0	150.000000E+0	10.541544E+0	-13.444186E-3	149.948438E+0
77.100000E+0	0.000000E+0	150.000000E+0	11.113565E+0	-36.255016E-3	149.948438E+0
77.200000E+0	0.000000E+0	150.000000E+0	10.875694E+0	-15.978722E-3	149.962500E+0
77.300000E+0	0.000000E+0	150.000000E+0	10.942156E+0	-13.444186E-3	149.962500E+0
77.400000E+0	0.000000E+0	150.000000E+0	10.920799E+0	-34.987747E-3	149.962500E+0
77.500000E+0	0.000000E+0	150.000000E+0	10.506677E+0	-10.909649E-3	149.962500E+0
77.600000E+0	0.000000E+0	150.000000E+0	11.241849E+0	-12.176917E-3	149.962500E+0
77.700000E+0	0.000000E+0	150.000000E+0	11.153621E+0	-32.453211E-3	149.962500E+0
77.800000E+0	0.000000E+0	150.000000E+0	11.341338E+0	-7.107844E-3	149.962500E+0
77.900000E+0	0.000000E+0	150.000000E+0	11.374364E+0	495.765883E-6	149.962500E+0
78.000000E+0	0.000000E+0	150.000000E+0	10.863670E+0	-32.453211E-3	149.976562E+0
78.100000E+0	0.000000E+0	150.000000E+0	11.052043E+0	-10.909649E-3	149.976562E+0
78.200000E+0	0.000000E+0	150.000000E+0	10.561393E+0	-10.909649E-3	149.990625E+0
78.300000E+0	0.000000E+0	150.000000E+0	10.382633E+0	-37.522284E-3	149.990625E+0
78.400000E+0	0.000000E+0	150.000000E+0	9.842325E+0	-9.642381E-3	149.990625E+0
78.500000E+0	0.000000E+0	150.000000E+0	10.602881E+0	-40.056821E-3	149.990625E+0
78.600000E+0	0.000000E+0	150.000000E+0	10.564106E+0	-2.038771E-3	150.004688E+0
78.700000E+0	0.000000E+0	150.000000E+0	9.888860E+0	-32.453211E-3	150.004688E+0
78.800000E+0	0.000000E+0	150.000000E+0	10.142296E+0	-42.591357E-3	150.004688E+0
78.900000E+0	0.000000E+0	150.000000E+0	10.293865E+0	-48.927699E-3	150.004688E+0
79.000000E+0	0.000000E+0	150.000000E+0	10.079204E+0	-41.324089E-3	150.004688E+0
79.100000E+0	0.000000E+0	150.000000E+0	10.100152E+0	-12.176917E-3	150.004688E+0
79.200000E+0	0.000000E+0	150.000000E+0	9.950801E+0	-37.522284E-3	150.004688E+0
79.300000E+0	0.000000E+0	150.000000E+0	10.006746E+0	-14.711454E-3	150.004688E+0
79.400000E+0	0.000000E+0	150.000000E+0	9.792085E+0	-32.453211E-3	150.004688E+0
79.500000E+0	0.000000E+0	150.000000E+0	9.946775E+0	-38.789552E-3	150.004688E+0
79.600000E+0	0.000000E+0	150.000000E+0	10.034594E+0	-42.591357E-3	150.004688E+0
79.700000E+0	0.000000E+0	150.000000E+0	9.383711E+0	-18.513259E-3	150.004688E+0
79.800000E+0	0.000000E+0	150.000000E+0	9.605272E+0	-27.384137E-3	150.004688E+0
79.900000E+0	0.000000E+0	150.000000E+0	9.928701E+0	-18.513259E-3	150.004688E+0
80.000000E+0	0.000000E+0	150.000000E+0	10.014959E+0	-17.245991E-3	150.004688E+0
80.100000E+0	0.000000E+0	150.000000E+0	9.967476E+0	-42.591357E-3	150.004688E+0
80.200000E+0	0.000000E+0	150.000000E+0	9.687504E+0	-32.453211E-3	150.004688E+0
80.300000E+0	0.000000E+0	150.000000E+0	9.977498E+0	-31.185942E-3	150.004688E+0
80.400000E+0	0.000000E+0	150.000000E+0	9.828147E+0	-37.522284E-3	150.004688E+0
80.500000E+0	0.000000E+0	150.000000E+0	9.812538E+0	-38.789552E-3	150.004688E+0
80.600000E+0	0.000000E+0	150.000000E+0	9.731618E+0	-13.444186E-3	150.004688E+0
80.700000E+0	0.000000E+0	150.000000E+0	8.978867E+0	-8.375112E-3	150.004688E+0
80.800000E+0	0.000000E+0	150.000000E+0	9.803829E+0	-8.375112E-3	150.004688E+0
80.900000E+0	0.000000E+0	150.000000E+0	9.219816E+0	-36.255016E-3	150.004688E+0
81.000000E+0	0.000000E+0	150.000000E+0	9.272639E+0	-21.047796E-3	150.004688E+0
81.100000E+0	0.000000E+0	150.000000E+0	9.758563E+0	-40.056821E-3	150.004688E+0
81.200000E+0	0.000000E+0	150.000000E+0	9.543902E+0	-32.453211E-3	150.004688E+0
81.300000E+0	0.000000E+0	150.000000E+0	9.762341E+0	-41.324089E-3	150.004688E+0
81.400000E+0	0.000000E+0	150.000000E+0	9.679861E+0	-38.789552E-3	150.004688E+0
81.500000E+0	0.000000E+0	150.000000E+0	9.568628E+0	-10.909649E-3	150.004688E+0
81.600000E+0	0.000000E+0	150.000000E+0	8.954302E+0	-21.047796E-3	150.004688E+0
81.700000E+0	0.000000E+0	150.000000E+0	9.040560E+0	-15.978722E-3	150.004688E+0
81.800000E+0	0.000000E+0	150.000000E+0	9.696783E+0	-41.324089E-3	150.004688E+0
81.900000E+0	0.000000E+0	150.000000E+0	9.749606E+0	-29.918674E-3	150.004688E+0
82.000000E+0	0.000000E+0	150.000000E+0	8.867796E+0	-9.642381E-3	150.004688E+0
82.100000E+0	0.000000E+0	150.000000E+0	9.557454E+0	-41.324089E-3	150.004688E+0
82.200000E+0	0.000000E+0	150.000000E+0	9.242487E+0	-26.116869E-3	150.004688E+0
82.300000E+0	0.000000E+0	150.000000E+0	9.632786E+0	-45.125894E-3	150.004688E+0
82.400000E+0	0.000000E+0	150.000000E+0	9.050335E+0	-37.522284E-3	150.004688E+0
82.500000E+0	0.000000E+0	150.000000E+0	9.571255E+0	28.375669E-3	150.004688E+0
82.600000E+0	0.000000E+0	150.000000E+0	9.456900E+0	-19.780527E-3	150.004688E+0
82.700000E+0	0.000000E+0	150.000000E+0	8.874448E+0	-17.245991E-3	150.004688E+0
82.800000E+0	0.000000E+0	150.000000E+0	9.425682E+0	-36.255016E-3	150.004688E+0
82.900000E+0	0.000000E+0	150.000000E+0	8.844791E+0	-43.858626E-3	150.004688E+0
83.000000E+0	0.000000E+0	150.000000E+0	9.532889E+0	-31.185942E-3	150.004688E+0
83.100000E+0	0.000000E+0	150.000000E+0	9.151050E+0	-40.056821E-3	150.004688E+0
83.200000E+0	0.000000E+0	150.000000E+0	9.437922E+0	-13.444186E-3	150.004688E+0
83.300000E+0	0.000000E+0	150.000000E+0	9.487623E+0	-41.324089E-3	150.004688E+0
83.400000E+0	0.000000E+0	150.000000E+0	9.371707E+0	-37.522284E-3	150.004688E+0
83.500000E+0	0.000000E+0	150.000000E+0	9.426091E+0	-13.444186E-3	150.004688E+0
83.600000E+0	0.000000E+0	150.000000E+0	8.643026E+0	19.504791E-3	150.004688E+0
83.700000E+0	0.000000E+0	150.000000E+0	9.362998E+0	-38.789552E-3	150.004688E+0
83.800000E+0	0.000000E+0	150.000000E+0	8.915850E+0	-38.789552E-3	150.004688E+0
83.900000E+0	0.000000E+0	150.000000E+0	8.634317E+0	-42.591357E-3	150.004688E+0
84.000000E+0	0.000000E+0	150.000000E+0	9.456157E+0	-31.185942E-3	150.004688E+0
84.100000E+0	0.000000E+0	150.000000E+0	8.638096E+0	-15.978722E-3	150.004688E+0
84.200000E+0	0.000000E+0	150.000000E+0	9.292758E+0	-46.393162E-3	150.004688E+0
84.300000E+0	0.000000E+0	150.000000E+0	8.578125E+0	-40.056821E-3	150.004688E+0
84.400000E+0	0.000000E+0	150.000000E+0	8.462210E+0	-40.056821E-3	150.004688E+0
84.500000E+0	0.000000E+0	150.000000E+0	9.352481E+0	-15.978722E-3	150.004688E+0
84.600000E+0	0.000000E+0	150.000000E+0	8.768468E+0	-12.176917E-3	150.004688E+0
84.700000E+0	0.000000E+0	150.000000E+0	9.020343E+0	-10.909649E-3	150.004688E+0
84.800000E+0	0.000000E+0	150.000000E+0	8.504763E+0	-22.315064E-3	150.004688E+0
84.900000E+0	0.000000E+0	150.000000E+0	8.524150E+0	-36.255016E-3	150.004688E+0
85.000000E+0	0.000000E+0	150.000000E+0	9.043509E+0	-33.720479E-3	150.004688E+0
85.100000E+0	0.000000E+0	150.000000E+0	9.096332E+0	-36.255016E-3	150.004688E+0
85.200000E+0	0.000000E+0	150.000000E+0	9.217587E+0	-17.245991E-3	150.004688E+0
85.300000E+0	0.000000E+0	150.000000E+0	9.136668E+0	-43.858626E-3	150.004688E+0
85.400000E+0	0.000000E+0	150.000000E+0	9.256362E+0	-9.642381E-3	150.004688E+0
85.500000E+0	0.000000E+0	150.000000E+0	8.874523E+0	-8.375112E-3	150.004688E+0
85.600000E+0	0.000000E+0	150.000000E+0	9.061088E+0	-38.789552E-3	150.004688E+0
85.700000E+0	0.000000E+0	150.000000E+0	8.843305E+0	-29.918674E-3	150.004688E+0
85.800000E+0	0.000000E+0	150.000000E+0	8.662079E+0	-38.789552E-3	150.004688E+0
85.900000E+0	0.000000E+0	150.000000E+0	8.646470E+0	-38.789552E-3	150.004688E+0
86.000000E+0	0.000000E+0	150.000000E+0	8.431809E+0	-38.789552E-3	150.004688E+0
86.100000E+0	0.000000E+0	150.000000E+0	8.785552E+0	-42.591357E-3	150.004688E+0
86.200000E+0	0.000000E+0	150.000000E+0	8.502459E+0	-19.780527E-3	150.004688E+0
86.300000E+0	0.000000E+0	150.000000E+0	8.289359E+0	-38.789552E-3	150.004688E+0
86.400000E+0	0.000000E+0	150.000000E+0	9.007770E+0	-40.056821E-3	150.004688E+0
86.500000E+0	0.000000E+0	150.000000E+0	8.995283E+0	-41.324089E-3	150.004688E+0
86.600000E+0	0.000000E+0	150.000000E+0	8.947799E+0	-38.789552E-3	150.004688E+0
86.700000E+0	0.000000E+0	150.000000E+0	8.629710E+0	-27.384137E-3	150.004688E+0
86.800000E+0	0.000000E+0	150.000000E+0	9.018448E+0	-19.780527E-3	150.004688E+0
86.900000E+0	0.000000E+0	150.000000E+0	8.233823E+0	-13.444186E-3	150.004688E+0
87.000000E+0	0.000000E+0	150.000000E+0	8.657558E+0	-23.582332E-3	150.004688E+0
87.100000E+0	0.000000E+0	150.000000E+0	8.141977E+0	-26.116869E-3	150.004688E+0
87.200000E+0	0.000000E+0	150.000000E+0	8.995691E+0	-43.858626E-3	150.004688E+0
87.300000E+0	0.000000E+0	150.000000E+0	9.016640E+0	-45.125894E-3	150.004688E+0
87.400000E+0	0.000000E+0	150.000000E+0	8.835414E+0	-38.789552E-3	150.004688E+0
87.500000E+0	0.000000E+0	150.000000E+0	8.955108E+0	-41.324089E-3	150.004688E+0
87.600000E+0	0.000000E+0	150.000000E+0	8.807318E+0	-26.116869E-3	150.004688E+0
87.700000E+0	0.000000E+0	150.000000E+0	8.726399E+0	-27.384137E-3	150.004688E+0
87.800000E+0	0.000000E+0	150.000000E+0	8.745786E+0	-40.056821E-3	150.004688E+0
87.900000E+0	0.000000E+0	150.000000E+0	8.763613E+0	-38.789552E-3	150.004688E+0
88.000000E+0	0.000000E+0	150.000000E+0	8.045858E+0	-43.858626E-3	150.004688E+0
88.100000E+0	0.000000E+0	150.000000E+0	8.733956E+0	-21.047796E-3	150.004688E+0
88.200000E+0	0.000000E+0	150.000000E+0	8.484298E+0	-29.918674E-3	150.004688E+0
88.300000E+0	0.000000E+0	150.000000E+0	8.435254E+0	-28.651406E-3	150.004688E+0
88.400000E+0	0.000000E+0	150.000000E+0	8.554948E+0	-33.720479E-3	150.004688E+0
88.500000E+0	0.000000E+0	150.000000E+0	8.440593E+0	-43.858626E-3	150.004688E+0
88.600000E+0	0.000000E+0	150.000000E+0	7.923451E+0	-10.909649E-3	150.004688E+0
88.700000E+0	0.000000E+0	150.000000E+0	7.809097E+0	-8.375112E-3	150.004688E+0
88.800000E+0	0.000000E+0	150.000000E+0	8.564065E+0	-9.642381E-3	150.004688E+0
88.900000E+0	0.000000E+0	150.000000E+0	8.648763E+0	-40.056821E-3	150.004688E+0
89.000000E+0	0.000000E+0	150.000000E+0	8.598157E+0	-38.789552E-3	150.004688E+0
89.100000E+0	0.000000E+0	150.000000E+0	8.717851E+0	-37.522284E-3	150.004688E+0
89.200000E+0	0.000000E+0	150.000000E+0	8.571622E+0	-38.789552E-3	150.004688E+0
89.300000E+0	0.000000E+0	150.000000E+0	8.624445E+0	-41.324089E-3	150.004688E+0
89.400000E+0	0.000000E+0	150.000000E+0	8.642271E+0	-42.591357E-3	150.004688E+0
89.500000E+0	0.000000E+0	150.000000E+0	8.163248E+0	-41.324089E-3	150.004688E+0
89.600000E+0	0.000000E+0	150.000000E+0	8.684168E+0	-32.453211E-3	150.004688E+0
89.700000E+0	0.000000E+0	150.000000E+0	7.732365E+0	-41.324089E-3	150.004688E+0
89.800000E+0	0.000000E+0	150.000000E+0	8.321717E+0	-40.056821E-3	150.004688E+0
89.900000E+0	0.000000E+0	150.000000E+0	8.541717E+0	-24.849601E-3	150.004688E+0
90.000000E+0	0.000000E+0	150.000000E+0	7.691782E+0	-42.591357E-3	150.004688E+0
90.100000E+0	0.000000E+0	150.000000E+0	8.445189E+0	-38.789552E-3	150.004688E+0
90.200000E+0	0.000000E+0	150.000000E+0	8.265524E+0	-34.987747E-3	150.004688E+0
90.300000E+0	0.000000E+0	150.000000E+0	7.716508E+0	-19.780527E-3	150.004688E+0
90.400000E+0	0.000000E+0	150.000000E+0	7.903073E+0	-24.849601E-3	150.004688E+0
90.500000E+0	0.000000E+0	150.000000E+0	7.955896E+0	-36.255016E-3	150.004688E+0
90.600000E+0	0.000000E+0	150.000000E+0	8.207771E+0	-32.453211E-3	150.004688E+0
90.700000E+0	0.000000E+0	150.000000E+0	7.993110E+0	-24.849601E-3	150.004688E+0
90.800000E+0	0.000000E+0	150.000000E+0	7.945626E+0	-23.582332E-3	150.004688E+0
90.900000E+0	0.000000E+0	150.000000E+0	7.528791E+0	-8.375112E-3	150.004688E+0
91.000000E+0	0.000000E+0	150.000000E+0	8.317195E+0	-38.789552E-3	150.004688E+0
91.100000E+0	0.000000E+0	150.000000E+0	8.271273E+0	-34.987747E-3	150.004688E+0
91.200000E+0	0.000000E+0	150.000000E+0	7.690382E+0	-33.720479E-3	150.004688E+0
91.300000E+0	0.000000E+0	150.000000E+0	7.741644E+0	-18.513259E-3	150.004688E+0
91.400000E+0	0.000000E+0	150.000000E+0	8.262564E+0	-37.522284E-3	150.004688E+0
91.500000E+0	0.000000E+0	150.000000E+0	8.449129E+0	-33.720479E-3	150.004688E+0
91.600000E+0	0.000000E+0	150.000000E+0	8.100726E+0	-10.909649E-3	150.004688E+0
91.700000E+0	0.000000E+0	150.000000E+0	7.449842E+0	-38.789552E-3	150.004688E+0
91.800000E+0	0.000000E+0	150.000000E+0	7.368923E+0	-36.255016E-3	150.004688E+0
91.900000E+0	0.000000E+0	150.000000E+0	8.324504E+0	-10.909649E-3	150.004688E+0
92.000000E+0	0.000000E+0	150.000000E+0	8.377327E+0	-26.116869E-3	150.004688E+0
92.100000E+0	0.000000E+0	150.000000E+0	8.164227E+0	-36.255016E-3	150.004688E+0
92.200000E+0	0.000000E+0	150.000000E+0	8.150179E+0	-45.125894E-3	150.004688E+0
92.300000E+0	0.000000E+0	150.000000E+0	8.269873E+0	-45.125894E-3	150.004688E+0
92.400000E+0	0.000000E+0	150.000000E+0	8.222389E+0	-45.125894E-3	150.004688E+0
92.500000E+0	0.000000E+0	150.000000E+0	7.538070E+0	-43.858626E-3	150.004688E+0
92.600000E+0	0.000000E+0	150.000000E+0	8.058990E+0	-40.056821E-3	150.004688E+0
92.700000E+0	0.000000E+0	150.000000E+0	7.342797E+0	-40.056821E-3	150.004688E+0
92.800000E+0	0.000000E+0	150.000000E+0	8.064330E+0	-10.909649E-3	150.004688E+0
92.900000E+0	0.000000E+0	150.000000E+0	8.118713E+0	-32.453211E-3	150.004688E+0
93.000000E+0	0.000000E+0	150.000000E+0	8.036233E+0	-32.453211E-3	150.004688E+0
93.100000E+0	0.000000E+0	150.000000E+0	8.022185E+0	-14.711454E-3	150.004688E+0
93.200000E+0	0.000000E+0	150.000000E+0	8.141879E+0	-46.393162E-3	150.004688E+0
93.300000E+0	0.000000E+0	150.000000E+0	8.094396E+0	-40.056821E-3	150.004688E+0
93.400000E+0	0.000000E+0	150.000000E+0	8.013476E+0	-36.255016E-3	150.004688E+0
93.500000E+0	0.000000E+0	150.000000E+0	7.196976E+0	-42.591357E-3	150.004688E+0
93.600000E+0	0.000000E+0	150.000000E+0	7.381980E+0	-17.245991E-3	150.004688E+0
93.700000E+0	0.000000E+0	150.000000E+0	7.936336E+0	-34.987747E-3	150.004688E+0
93.800000E+0	0.000000E+0	150.000000E+0	8.054469E+0	-40.056821E-3	150.004688E+0
93.900000E+0	0.000000E+0	150.000000E+0	7.171098E+0	-37.522284E-3	150.004688E+0
94.000000E+0	0.000000E+0	150.000000E+0	7.889509E+0	-38.789552E-3	150.004688E+0
94.100000E+0	0.000000E+0	150.000000E+0	7.108005E+0	-19.780527E-3	150.004688E+0
94.200000E+0	0.000000E+0	150.000000E+0	7.861413E+0	-37.522284E-3	150.004688E+0
94.300000E+0	0.000000E+0	150.000000E+0	7.812368E+0	-33.720479E-3	150.004688E+0
94.400000E+0	0.000000E+0	150.000000E+0	7.831755E+0	-15.978722E-3	150.004688E+0
94.500000E+0	0.000000E+0	150.000000E+0	7.448356E+0	-38.789552E-3	150.004688E+0
94.600000E+0	0.000000E+0	150.000000E+0	7.867408E+0	-29.918674E-3	150.004688E+0
94.700000E+0	0.000000E+0	150.000000E+0	7.921792E+0	-9.642381E-3	150.004688E+0
94.800000E+0	0.000000E+0	150.000000E+0	7.739006E+0	-8.375112E-3	150.004688E+0
94.900000E+0	0.000000E+0	150.000000E+0	7.791829E+0	-40.056821E-3	150.004688E+0
95.000000E+0	0.000000E+0	150.000000E+0	7.908401E+0	-45.125894E-3	150.004688E+0
95.100000E+0	0.000000E+0	150.000000E+0	7.696861E+0	-10.909649E-3	150.004688E+0
95.200000E+0	0.000000E+0	150.000000E+0	7.716249E+0	-42.591357E-3	150.004688E+0
95.300000E+0	0.000000E+0	150.000000E+0	7.265978E+0	-22.315064E-3	150.004688E+0
95.400000E+0	0.000000E+0	150.000000E+0	7.820334E+0	-26.116869E-3	150.004688E+0
95.500000E+0	0.000000E+0	150.000000E+0	7.538802E+0	-23.582332E-3	150.004688E+0
95.600000E+0	0.000000E+0	150.000000E+0	7.757241E+0	-40.056821E-3	150.004688E+0
95.700000E+0	0.000000E+0	150.000000E+0	7.208225E+0	-32.453211E-3	150.004688E+0
95.800000E+0	0.000000E+0	150.000000E+0	7.730706E+0	-27.384137E-3	150.004688E+0
95.900000E+0	0.000000E+0	150.000000E+0	8.051013E+0	-29.918674E-3	150.004688E+0
96.000000E+0	0.000000E+0	150.000000E+0	7.536993E+0	-28.651406E-3	150.004688E+0
96.100000E+0	0.000000E+0	150.000000E+0	6.823921E+0	-61.600382E-3	150.004688E+0
96.200000E+0	0.000000E+0	150.000000E+0	7.211099E+0	-21.047796E-3	150.004688E+0
96.300000E+0	0.000000E+0	150.000000E+0	7.531406E+0	-28.651406E-3	150.004688E+0
96.400000E+0	0.000000E+0	150.000000E+0	7.482362E+0	-38.789552E-3	150.004688E+0
96.500000E+0	0.000000E+0	150.000000E+0	7.567059E+0	-40.056821E-3	150.004688E+0
96.600000E+0	0.000000E+0	150.000000E+0	6.752120E+0	-28.651406E-3	150.004688E+0
96.700000E+0	0.000000E+0	150.000000E+0	7.438656E+0	-38.789552E-3	150.004688E+0
96.800000E+0	0.000000E+0	150.000000E+0	7.526476E+0	-43.858626E-3	150.004688E+0
96.900000E+0	0.000000E+0	150.000000E+0	7.646170E+0	-12.176917E-3	150.004688E+0
97.000000E+0	0.000000E+0	150.000000E+0	7.132150E+0	-40.056821E-3	150.004688E+0
97.100000E+0	0.000000E+0	150.000000E+0	7.519328E+0	-45.125894E-3	150.004688E+0
97.200000E+0	0.000000E+0	150.000000E+0	6.868444E+0	-13.444186E-3	150.004688E+0
97.300000E+0	0.000000E+0	150.000000E+0	7.491232E+0	-21.047796E-3	150.004688E+0
97.400000E+0	0.000000E+0	150.000000E+0	7.544054E+0	-43.858626E-3	150.004688E+0
97.500000E+0	0.000000E+0	150.000000E+0	7.330954E+0	-41.324089E-3	150.004688E+0
97.600000E+0	0.000000E+0	150.000000E+0	6.949116E+0	-42.591357E-3	150.004688E+0
97.700000E+0	0.000000E+0	150.000000E+0	7.436600E+0	-41.324089E-3	150.004688E+0
97.800000E+0	0.000000E+0	150.000000E+0	6.890706E+0	-34.987747E-3	150.004688E+0
97.900000E+0	5.000000E+0	0.000000E+0	100.000000E-3	-27.384137E-3	150.004688E+0
