t [s] || setpoint speed [rot. s^-1] || setpoint pos [°] || duty cycle [%] || Ang Speed [rot. s^-1] ||
Ang Pos [°]
0,000000E+0	0,000000E+0	-85,320234E+0	100,000000E-3	-38,789552E-3	-0,000000E+0
100,000000E-3	0,000000E+0	-85,411072E+0	100,000000E-3	-46,393162E-3	-0,000000E+0
200,000000E-3	0,000000E+0	-85,424049E+0	100,000000E-3	-38,789552E-3	-0,000000E+0
300,000000E-3	0,000000E+0	-85,339699E+0	100,000000E-3	-41,324089E-3	-0,000000E+0
400,000000E-3	0,000000E+0	-85,398095E+0	100,000000E-3	-43,858626E-3	-0,000000E+0
500,000000E-3	0,000000E+0	-85,320234E+0	100,000000E-3	-36,255016E-3	-0,000000E+0
600,000000E-3	0,000000E+0	-85,378630E+0	100,000000E-3	-45,125894E-3	-0,000000E+0
700,000000E-3	0,000000E+0	-85,417561E+0	100,000000E-3	-37,522284E-3	-0,000000E+0
800,000000E-3	0,000000E+0	-85,346188E+0	100,000000E-3	-45,125894E-3	-0,000000E+0
900,000000E-3	0,000000E+0	-85,339699E+0	99,900000E+0	-426,573672E-3	-98,437500E-3
1,000000E+0	0,000000E+0	-85,268327E+0	30,411982E+0	-3,123321E+0	-2,657812E+0
1,100000E+0	0,000000E+0	-85,398095E+0	72,224960E+0	-3,227237E+0	-7,368750E+0
1,200000E+0	0,000000E+0	-85,307257E+0	2,046155E+0	-530,489682E-3	-9,801563E+0
1,300000E+0	0,000000E+0	-85,430537E+0	27,264981E+0	-598,922177E-3	-10,462500E+0
1,400000E+0	0,000000E+0	-85,346188E+0	61,102266E+0	-1,562046E+0	-11,854688E+0
1,500000E+0	0,000000E+0	-85,313746E+0	12,901758E+0	-2,512498E+0	-14,934375E+0
1,600000E+0	0,000000E+0	-85,417561E+0	25,969779E+0	-1,882665E+0	-18,070312E+0
1,700000E+0	0,000000E+0	-85,417561E+0	11,714090E+0	-851,108600E-3	-20,010938E+0
1,800000E+0	0,000000E+0	-85,424049E+0	35,947654E+0	-614,129398E-3	-20,981250E+0
1,900000E+0	0,000000E+0	-85,300769E+0	30,051088E+0	-1,434052E+0	-22,359375E+0
2,000000E+0	0,000000E+0	-85,411072E+0	389,710184E-3	-1,520226E+0	-24,679687E+0
2,100000E+0	0,000000E+0	-85,300769E+0	14,195224E+0	-1,347878E+0	-26,676562E+0
2,200000E+0	0,000000E+0	-85,281303E+0	10,802442E+0	-830,832304E-3	-28,068750E+0
2,300000E+0	0,000000E+0	-85,424049E+0	23,700237E+0	-882,790312E-3	-29,179687E+0
2,400000E+0	0,000000E+0	-85,300769E+0	20,571742E+0	-1,223686E+0	-30,656250E+0
2,500000E+0	0,000000E+0	-85,417561E+0	4,509570E+0	-1,276911E+0	-32,456250E+0
2,600000E+0	0,000000E+0	-85,430537E+0	3,415040E+0	-994,309939E-3	-34,087500E+0
2,700000E+0	0,000000E+0	-85,417561E+0	10,802738E+0	-827,030499E-3	-35,339063E+0
2,800000E+0	0,000000E+0	-85,417561E+0	22,586135E+0	-928,411977E-3	-36,548437E+0
2,900000E+0	0,000000E+0	-85,287792E+0	27,060709E+0	-1,185667E+0	-38,025000E+0
3,000000E+0	0,000000E+0	-85,411072E+0	10,087905E+0	-1,482208E+0	-39,951563E+0
3,100000E+0	0,000000E+0	-85,300769E+0	22,245910E+0	-1,171728E+0	-42,018750E+0
3,200000E+0	0,000000E+0	-85,417561E+0	5,732231E+0	-517,816998E-3	-43,143750E+0
3,300000E+0	0,000000E+0	-85,404584E+0	31,940234E+0	-521,618803E-3	-43,790625E+0
3,400000E+0	0,000000E+0	-85,424049E+0	29,090503E+0	-1,280713E+0	-44,957813E+0
3,500000E+0	0,000000E+0	-85,411072E+0	9,020016E+0	-1,221151E+0	-46,828125E+0
3,600000E+0	0,000000E+0	-85,430537E+0	15,619727E+0	-742,123511E-3	-48,234375E+0
3,700000E+0	0,000000E+0	-85,424049E+0	13,426091E+0	-271,966929E-3	-48,923437E+0
3,800000E+0	0,000000E+0	-85,404584E+0	40,299786E+0	-478,531677E-3	-49,387500E+0
3,900000E+0	0,000000E+0	-85,417561E+0	3,573003E+0	-1,394767E+0	-50,695312E+0
4,000000E+0	0,000000E+0	-85,333211E+0	26,253037E+0	-1,085553E+0	-52,495313E+0
4,100000E+0	0,000000E+0	-85,430537E+0	3,082348E+0	-194,663559E-3	-53,395313E+0
4,200000E+0	0,000000E+0	-85,417561E+0	59,985205E+0	-132,567409E-3	-53,451563E+0
4,300000E+0	0,000000E+0	-85,424049E+0	26,176426E+0	-1,318731E+0	-54,520313E+0
4,400000E+0	0,000000E+0	-85,365653E+0	27,487904E+0	-1,216082E+0	-56,503125E+0
4,500000E+0	0,000000E+0	-85,300769E+0	9,443709E+0	-312,519517E-3	-57,515625E+0
4,600000E+0	0,000000E+0	-85,417561E+0	18,028612E+0	-60,333114E-3	-57,684375E+0
4,700000E+0	0,000000E+0	-85,424049E+0	43,247674E+0	-415,168257E-3	-57,867187E+0
4,800000E+0	0,000000E+0	-85,404584E+0	5,358859E+0	-1,161589E+0	-59,048437E+0
4,900000E+0	0,000000E+0	-85,352676E+0	26,673693E+0	-723,114484E-3	-60,510938E+0
5,000000E+0	0,000000E+0	-85,430537E+0	5,284128E+0	30,910206E-3	-60,890625E+0
5,100000E+0	0,000000E+0	-85,417561E+0	51,298807E+0	-350,537568E-3	-60,932813E+0
5,200000E+0	0,000000E+0	-85,417561E+0	7,909218E+0	-1,531632E+0	-62,254688E+0
5,300000E+0	0,000000E+0	-85,417561E+0	22,029362E+0	-598,922177E-3	-63,745313E+0
5,400000E+0	0,000000E+0	-85,424049E+0	7,227748E+0	23,306596E-3	-64,082813E+0
5,500000E+0	0,000000E+0	-85,391607E+0	24,940180E+0	-83,143944E-3	-63,984375E+0
5,600000E+0	0,000000E+0	-85,411072E+0	16,913871E+0	-631,871156E-3	-64,476562E+0
5,700000E+0	0,000000E+0	-85,352676E+0	4,131999E+0	-657,216525E-3	-65,475000E+0
5,800000E+0	0,000000E+0	-85,398095E+0	5,256067E+0	-353,072105E-3	-66,164062E+0
5,900000E+0	0,000000E+0	-85,424049E+0	7,491791E+0	-214,939852E-3	-66,515625E+0
6,000000E+0	0,000000E+0	-85,333211E+0	22,828175E+0	-204,801706E-3	-66,726562E+0
6,100000E+0	0,000000E+0	-85,417561E+0	13,660582E+0	-524,153340E-3	-67,176563E+0
6,200000E+0	0,000000E+0	-85,359165E+0	5,045428E+0	-473,462603E-3	-67,893750E+0
6,300000E+0	0,000000E+0	-85,424049E+0	11,261145E+0	-308,717712E-3	-68,456250E+0
6,400000E+0	0,000000E+0	-85,320234E+0	15,661130E+0	-368,279326E-3	-68,892188E+0
6,500000E+0	0,000000E+0	-85,411072E+0	5,915320E+0	-533,024219E-3	-69,468750E+0
6,600000E+0	0,000000E+0	-85,417561E+0	2,736103E+0	-402,495573E-3	-70,087500E+0
6,700000E+0	0,000000E+0	-85,320234E+0	9,940714E+0	-180,723607E-3	-70,425000E+0
6,800000E+0	0,000000E+0	-85,287792E+0	8,567738E+0	-227,612536E-3	-70,678125E+0
6,900000E+0	0,000000E+0	-85,391607E+0	17,749143E+0	-240,285220E-3	-71,001563E+0
7,000000E+0	0,000000E+0	-85,307257E+0	3,281152E+0	-474,729872E-3	-71,479687E+0
7,100000E+0	0,000000E+0	-85,385118E+0	7,225712E+0	-389,822889E-3	-72,056250E+0
7,200000E+0	0,000000E+0	-85,411072E+0	2,068657E+0	-313,786785E-3	-72,492187E+0
7,300000E+0	0,000000E+0	-85,346188E+0	9,237190E+0	-190,861754E-3	-72,801563E+0
7,400000E+0	0,000000E+0	-85,404584E+0	6,471298E+0	-258,026977E-3	-73,110938E+0
7,500000E+0	0,000000E+0	-85,359165E+0	13,427717E+0	-190,861754E-3	-73,406250E+0
7,600000E+0	0,000000E+0	-85,404584E+0	10,634007E+0	-247,888830E-3	-73,673438E+0
7,700000E+0	0,000000E+0	-85,417561E+0	14,547869E+0	-255,492440E-3	-73,996875E+0
7,800000E+0	0,000000E+0	-85,417561E+0	10,433977E+0	-360,675716E-3	-74,404688E+0
7,900000E+0	0,000000E+0	-85,424049E+0	4,937812E+0	-278,303271E-3	-74,812500E+0
8,000000E+0	0,000000E+0	-85,404584E+0	10,732260E+0	-142,705556E-3	-75,107813E+0
8,100000E+0	0,000000E+0	-85,404584E+0	7,205833E+0	-228,879804E-3	-75,332813E+0
8,200000E+0	0,000000E+0	-85,281303E+0	13,596764E+0	-141,438288E-3	-75,585937E+0
8,300000E+0	0,000000E+0	-85,404584E+0	10,292629E+0	-192,129022E-3	-75,782813E+0
8,400000E+0	0,000000E+0	-85,404584E+0	13,678853E+0	-184,525412E-3	-76,078125E+0
8,500000E+0	0,000000E+0	-85,320234E+0	3,273349E+0	-348,003032E-3	-76,429687E+0
8,600000E+0	0,000000E+0	-85,424049E+0	6,621056E+0	-145,240093E-3	-76,753125E+0
8,700000E+0	0,000000E+0	-85,404584E+0	11,088534E+0	-62,867651E-3	-76,851562E+0
8,800000E+0	0,000000E+0	-85,352676E+0	27,063358E+0	-197,198095E-3	-76,907813E+0
8,900000E+0	0,000000E+0	-85,417561E+0	7,819772E+0	-560,904124E-3	-77,428125E+0
9,000000E+0	0,000000E+0	-85,294280E+0	15,507281E+0	-411,366451E-3	-78,201563E+0
9,100000E+0	0,000000E+0	-85,300769E+0	136,714399E-3	84,135475E-3	-78,412500E+0
9,200000E+0	0,000000E+0	-85,320234E+0	11,196615E+0	-15,978722E-3	-78,271875E+0
9,300000E+0	0,000000E+0	-85,326722E+0	8,658308E+0	-214,939852E-3	-78,412500E+0
9,400000E+0	0,000000E+0	-85,430537E+0	1,382155E+0	-217,474389E-3	-78,707813E+0
9,500000E+0	0,000000E+0	-85,372142E+0	6,370455E+0	-117,360189E-3	-78,904688E+0
9,600000E+0	0,000000E+0	-85,352676E+0	10,564873E+0	-97,083896E-3	-79,003125E+0
9,700000E+0	0,000000E+0	-85,450003E+0	6,791232E+0	-183,258143E-3	-79,185938E+0
9,800000E+0	0,000000E+0	-85,398095E+0	7,250047E+0	-156,645508E-3	-79,382812E+0
9,900000E+0	0,000000E+0	-85,391607E+0	11,390192E+0	-99,618432E-3	-79,523437E+0
10,000000E+0	0,000000E+0	-85,417561E+0	7,295515E+0	-173,119997E-3	-79,692188E+0
10,100000E+0	0,000000E+0	-85,365653E+0	8,475119E+0	-105,954774E-3	-79,875000E+0
10,200000E+0	0,000000E+0	-85,404584E+0	9,797144E+0	-138,903751E-3	-80,015625E+0
10,300000E+0	0,000000E+0	-85,287792E+0	5,746641E+0	-162,981850E-3	-80,240625E+0
10,400000E+0	0,000000E+0	-85,411072E+0	6,384891E+0	-80,609407E-3	-80,395313E+0
10,500000E+0	0,000000E+0	-85,398095E+0	16,912023E+0	-46,393162E-3	-80,437500E+0
10,600000E+0	0,000000E+0	-85,300769E+0	13,992996E+0	-198,465364E-3	-80,606250E+0
10,700000E+0	0,000000E+0	-85,424049E+0	8,643715E+0	-160,447313E-3	-80,859375E+0
10,800000E+0	0,000000E+0	-85,424049E+0	10,841208E+0	-84,411212E-3	-81,000000E+0
10,900000E+0	0,000000E+0	-85,333211E+0	11,678620E+0	-89,480286E-3	-81,070312E+0
11,000000E+0	0,000000E+0	-85,352676E+0	15,974817E+0	-124,963799E-3	-81,140625E+0
11,100000E+0	0,000000E+0	-85,352676E+0	9,326579E+0	-254,225172E-3	-81,351562E+0
11,200000E+0	0,000000E+0	-85,411072E+0	3,955917E+0	-149,041898E-3	-81,618750E+0
11,300000E+0	0,000000E+0	-85,411072E+0	13,199065E+0	-31,185942E-3	-81,660938E+0
11,400000E+0	0,000000E+0	-85,411072E+0	16,780459E+0	-107,222042E-3	-81,703125E+0
11,500000E+0	0,000000E+0	-85,300769E+0	9,780417E+0	-181,990875E-3	-81,885937E+0
11,600000E+0	0,000000E+0	-85,294280E+0	5,834866E+0	-143,972824E-3	-82,125000E+0
11,700000E+0	0,000000E+0	-85,320234E+0	5,823871E+0	-52,729504E-3	-82,237500E+0
11,800000E+0	0,000000E+0	-85,294280E+0	15,085451E+0	-46,393162E-3	-82,237500E+0
11,900000E+0	0,000000E+0	-85,352676E+0	11,494491E+0	-161,714581E-3	-82,364063E+0
12,000000E+0	0,000000E+0	-85,411072E+0	4,638471E+0	-157,912776E-3	-82,575000E+0
12,100000E+0	0,000000E+0	-85,411072E+0	5,951208E+0	-36,255016E-3	-82,687500E+0
12,200000E+0	0,000000E+0	-85,404584E+0	13,550395E+0	-46,393162E-3	-82,687500E+0
12,300000E+0	0,000000E+0	-85,307257E+0	14,567065E+0	-88,213017E-3	-82,771875E+0
12,400000E+0	0,000000E+0	-85,274815E+0	8,816146E+0	-141,438288E-3	-82,940625E+0
12,500000E+0	0,000000E+0	-85,417561E+0	7,486769E+0	-108,489311E-3	-83,081250E+0
12,600000E+0	0,000000E+0	-85,417561E+0	8,354581E+0	-46,393162E-3	-83,151562E+0
12,700000E+0	0,000000E+0	-85,424049E+0	11,309768E+0	-61,600382E-3	-83,179687E+0
12,800000E+0	0,000000E+0	-85,274815E+0	11,374708E+0	-94,549359E-3	-83,264063E+0
12,900000E+0	0,000000E+0	-85,404584E+0	4,665935E+0	-168,050923E-3	-83,418750E+0
13,000000E+0	0,000000E+0	-85,417561E+0	4,369292E+0	-61,600382E-3	-83,531250E+0
13,100000E+0	0,000000E+0	-85,287792E+0	9,809970E+0	-29,918674E-3	-83,531250E+0
13,200000E+0	0,000000E+0	-85,430537E+0	10,011498E+0	-78,074871E-3	-83,587500E+0
13,300000E+0	0,000000E+0	-85,417561E+0	4,104769E+0	-145,240093E-3	-83,714062E+0
13,400000E+0	0,000000E+0	-85,307257E+0	3,808073E+0	-57,798577E-3	-83,826563E+0
13,500000E+0	0,000000E+0	-85,417561E+0	7,577871E+0	-36,255016E-3	-83,826563E+0
13,600000E+0	0,000000E+0	-85,300769E+0	10,233229E+0	-65,402187E-3	-83,854687E+0
13,700000E+0	0,000000E+0	-85,320234E+0	5,620165E+0	-124,963799E-3	-83,981250E+0
13,800000E+0	0,000000E+0	-85,417561E+0	7,314680E+0	-46,393162E-3	-84,037500E+0
13,900000E+0	0,000000E+0	-85,385118E+0	10,863400E+0	-37,522284E-3	-84,051563E+0
14,000000E+0	0,000000E+0	-85,365653E+0	7,902840E+0	-104,687506E-3	-84,121875E+0
14,100000E+0	0,000000E+0	-85,404584E+0	6,635334E+0	-57,798577E-3	-84,192188E+0
14,200000E+0	0,000000E+0	-85,339699E+0	8,660101E+0	-26,116869E-3	-84,234375E+0
14,300000E+0	0,000000E+0	-85,365653E+0	9,385469E+0	-81,876676E-3	-84,262500E+0
14,400000E+0	0,000000E+0	-85,404584E+0	7,625416E+0	-78,074871E-3	-84,346875E+0
14,500000E+0	0,000000E+0	-85,424049E+0	4,686438E+0	-75,540334E-3	-84,431250E+0
14,600000E+0	0,000000E+0	-85,320234E+0	5,601678E+0	-40,056821E-3	-84,473438E+0
14,700000E+0	0,000000E+0	-85,294280E+0	8,041033E+0	-31,185942E-3	-84,473438E+0
14,800000E+0	0,000000E+0	-85,372142E+0	9,159857E+0	-37,522284E-3	-84,501563E+0
14,900000E+0	0,000000E+0	-85,281303E+0	7,044202E+0	-56,531309E-3	-84,571875E+0
15,000000E+0	0,000000E+0	-85,424049E+0	7,635783E+0	-47,660431E-3	-84,600000E+0
15,100000E+0	0,000000E+0	-85,424049E+0	10,418851E+0	-26,116869E-3	-84,600000E+0
15,200000E+0	0,000000E+0	-85,398095E+0	9,628250E+0	-52,729504E-3	-84,642188E+0
15,300000E+0	0,000000E+0	-85,307257E+0	7,193142E+0	-76,807602E-3	-84,698437E+0
15,400000E+0	0,000000E+0	-85,398095E+0	6,172331E+0	-57,798577E-3	-84,754688E+0
15,500000E+0	0,000000E+0	-85,404584E+0	7,270453E+0	-21,047796E-3	-84,768750E+0
15,600000E+0	0,000000E+0	-85,313746E+0	8,627858E+0	-29,918674E-3	-84,782813E+0
15,700000E+0	0,000000E+0	-85,274815E+0	7,183123E+0	-64,134919E-3	-84,839062E+0
15,800000E+0	0,000000E+0	-85,417561E+0	5,914457E+0	-57,798577E-3	-84,881250E+0
15,900000E+0	0,000000E+0	-85,424049E+0	6,130855E+0	-41,324089E-3	-84,895313E+0
16,000000E+0	0,000000E+0	-85,333211E+0	7,123055E+0	-18,513259E-3	-84,895313E+0
16,100000E+0	0,000000E+0	-85,424049E+0	6,422191E+0	-47,660431E-3	-84,937500E+0
16,200000E+0	0,000000E+0	-85,326722E+0	6,792554E+0	-40,056821E-3	-84,951563E+0
16,300000E+0	0,000000E+0	-85,424049E+0	7,221481E+0	-38,789552E-3	-84,965625E+0
16,400000E+0	0,000000E+0	-85,404584E+0	7,839290E+0	-45,125894E-3	-84,965625E+0
16,500000E+0	0,000000E+0	-85,287792E+0	8,744492E+0	-38,789552E-3	-84,979687E+0
16,600000E+0	0,000000E+0	-85,333211E+0	7,965017E+0	-59,065846E-3	-85,007812E+0
16,700000E+0	0,000000E+0	-85,411072E+0	7,899733E+0	-47,660431E-3	-85,035938E+0
16,800000E+0	0,000000E+0	-85,398095E+0	8,723506E+0	-43,858626E-3	-85,035938E+0
16,900000E+0	0,000000E+0	-85,339699E+0	8,624011E+0	-56,531309E-3	-85,050000E+0
17,000000E+0	0,000000E+0	-85,424049E+0	8,806624E+0	-32,453211E-3	-85,078125E+0
17,100000E+0	0,000000E+0	-85,333211E+0	8,646686E+0	-15,978722E-3	-85,106250E+0
17,200000E+0	0,000000E+0	-85,339699E+0	8,626994E+0	-43,858626E-3	-85,106250E+0
17,300000E+0	0,000000E+0	-85,424049E+0	9,797954E+0	-37,522284E-3	-85,106250E+0
17,400000E+0	0,000000E+0	-85,274815E+0	9,564854E+0	-31,185942E-3	-85,120312E+0
17,500000E+0	0,000000E+0	-85,313746E+0	10,412793E+0	-18,513259E-3	-85,134375E+0
17,600000E+0	0,000000E+0	-85,300769E+0	9,548945E+0	-46,393162E-3	-85,148437E+0
17,700000E+0	0,000000E+0	-85,404584E+0	9,559589E+0	-51,462236E-3	-85,162500E+0
17,800000E+0	0,000000E+0	-85,307257E+0	9,185364E+0	-12,176917E-3	-85,176563E+0
17,900000E+0	0,000000E+0	-85,385118E+0	10,289183E+0	-47,660431E-3	-85,176563E+0
18,000000E+0	0,000000E+0	-85,274815E+0	10,017427E+0	-28,651406E-3	-85,190625E+0
18,100000E+0	0,000000E+0	-85,287792E+0	9,920688E+0	-37,522284E-3	-85,190625E+0
18,200000E+0	0,000000E+0	-85,411072E+0	8,936387E+0	-56,531309E-3	-85,218750E+0
18,300000E+0	0,000000E+0	-85,404584E+0	9,669180E+0	-47,660431E-3	-85,232813E+0
18,400000E+0	0,000000E+0	-85,300769E+0	8,226261E+0	-38,789552E-3	-85,260937E+0
18,500000E+0	0,000000E+0	-85,274815E+0	8,247082E+0	-28,651406E-3	-85,275000E+0
18,600000E+0	0,000000E+0	-85,398095E+0	7,428727E+0	-19,780527E-3	-85,289062E+0
18,700000E+0	0,000000E+0	-85,281303E+0	8,173076E+0	-24,849601E-3	-85,289062E+0
18,800000E+0	0,000000E+0	-85,404584E+0	8,020724E+0	-37,522284E-3	-85,289062E+0
18,900000E+0	0,000000E+0	-85,333211E+0	8,508707E+0	-48,927699E-3	-85,289062E+0
19,000000E+0	0,000000E+0	-85,339699E+0	6,872291E+0	-69,203992E-3	-85,303125E+0
19,100000E+0	0,000000E+0	-85,307257E+0	7,843474E+0	-38,789552E-3	-85,303125E+0
19,200000E+0	0,000000E+0	-85,307257E+0	8,715378E+0	-13,444186E-3	-85,303125E+0
19,300000E+0	0,000000E+0	-85,417561E+0	8,052555E+0	-37,522284E-3	-85,317188E+0
19,400000E+0	0,000000E+0	-85,404584E+0	7,691829E+0	-36,255016E-3	-85,317188E+0
19,500000E+0	0,000000E+0	-85,281303E+0	8,016216E+0	-22,315064E-3	-85,317188E+0
19,600000E+0	0,000000E+0	-85,287792E+0	7,178229E+0	-17,245991E-3	-85,331250E+0
19,700000E+0	0,000000E+0	-85,411072E+0	7,452660E+0	-33,720479E-3	-85,331250E+0
19,800000E+0	0,000000E+0	-85,398095E+0	7,477063E+0	-45,125894E-3	-85,331250E+0
19,900000E+0	0,000000E+0	-85,404584E+0	7,817883E+0	-37,522284E-3	-85,331250E+0
20,000000E+0	0,000000E+0	-85,391607E+0	7,501342E+0	-45,125894E-3	-85,331250E+0
20,100000E+0	0,000000E+0	-85,417561E+0	7,529786E+0	-41,324089E-3	-85,331250E+0
20,200000E+0	0,000000E+0	-85,404584E+0	8,366310E+0	-19,780527E-3	-85,331250E+0
20,300000E+0	0,000000E+0	-85,352676E+0	7,963494E+0	-45,125894E-3	-85,345313E+0
20,400000E+0	0,000000E+0	-85,398095E+0	7,384858E+0	-36,255016E-3	-85,345313E+0
20,500000E+0	0,000000E+0	-85,417561E+0	8,201579E+0	-23,582332E-3	-85,345313E+0
20,600000E+0	0,000000E+0	-85,404584E+0	8,234450E+0	-34,987747E-3	-85,345313E+0
20,700000E+0	0,000000E+0	-85,326722E+0	7,438758E+0	-38,789552E-3	-85,345313E+0
20,800000E+0	0,000000E+0	-85,313746E+0	7,535498E+0	-37,522284E-3	-85,345313E+0
20,900000E+0	0,000000E+0	-85,378630E+0	7,888044E+0	-43,858626E-3	-85,345313E+0
21,000000E+0	0,000000E+0	-85,352676E+0	7,378040E+0	-10,909649E-3	-85,345313E+0
21,100000E+0	0,000000E+0	-85,398095E+0	7,373155E+0	-38,789552E-3	-85,345313E+0
21,200000E+0	0,000000E+0	-85,398095E+0	7,515374E+0	-42,591357E-3	-85,345313E+0
21,300000E+0	0,000000E+0	-85,385118E+0	8,180669E+0	-10,909649E-3	-85,345313E+0
21,400000E+0	0,000000E+0	-85,287792E+0	7,606378E+0	-19,780527E-3	-85,359375E+0
21,500000E+0	0,000000E+0	-85,294280E+0	7,046905E+0	-32,453211E-3	-85,359375E+0
21,600000E+0	0,000000E+0	-85,294280E+0	6,951494E+0	-28,651406E-3	-85,359375E+0
21,700000E+0	0,000000E+0	-85,404584E+0	7,633633E+0	-14,711454E-3	-85,359375E+0
21,800000E+0	0,000000E+0	-85,417561E+0	6,962132E+0	-22,315064E-3	-85,359375E+0
21,900000E+0	0,000000E+0	-85,411072E+0	6,862292E+0	-33,720479E-3	-85,359375E+0
22,000000E+0	0,000000E+0	-85,346188E+0	6,826136E+0	-8,375112E-3	-85,359375E+0
22,100000E+0	0,000000E+0	-85,424049E+0	6,877252E+0	-37,522284E-3	-85,359375E+0
22,200000E+0	0,000000E+0	-85,274815E+0	7,000942E+0	-19,780527E-3	-85,359375E+0
22,300000E+0	0,000000E+0	-85,424049E+0	100,000000E-3	-18,513259E-3	-85,345313E+0
22,400000E+0	0,000000E+0	-85,294280E+0	100,000000E-3	-21,047796E-3	-85,303125E+0
22,500000E+0	0,000000E+0	-85,424049E+0	100,000000E-3	-27,384137E-3	-85,303125E+0
22,600000E+0	0,000000E+0	-85,326722E+0	100,000000E-3	-38,789552E-3	-85,303125E+0
22,700000E+0	0,000000E+0	-85,404584E+0	100,000000E-3	-37,522284E-3	-85,303125E+0
22,800000E+0	0,000000E+0	-85,430537E+0	100,000000E-3	-19,780527E-3	-85,303125E+0
22,900000E+0	0,000000E+0	-85,300769E+0	100,000000E-3	-9,642381E-3	-85,303125E+0
23,000000E+0	0,000000E+0	-85,313746E+0	100,000000E-3	-33,720479E-3	-85,303125E+0
23,100000E+0	0,000000E+0	-85,307257E+0	100,000000E-3	-33,720479E-3	-85,303125E+0
23,200000E+0	0,000000E+0	-85,424049E+0	100,000000E-3	-37,522284E-3	-85,303125E+0
23,300000E+0	0,000000E+0	-85,313746E+0	100,000000E-3	-9,642381E-3	-85,303125E+0
23,400000E+0	0,000000E+0	-85,417561E+0	100,000000E-3	-41,324089E-3	-85,303125E+0
23,500000E+0	0,000000E+0	-85,430537E+0	100,000000E-3	-38,789552E-3	-85,303125E+0
23,600000E+0	0,000000E+0	-85,417561E+0	100,000000E-3	-40,056821E-3	-85,303125E+0
23,700000E+0	0,000000E+0	-85,430537E+0	100,000000E-3	-24,849601E-3	-85,303125E+0
23,800000E+0	0,000000E+0	-85,313746E+0	100,000000E-3	-12,176917E-3	-85,303125E+0
23,900000E+0	0,000000E+0	-85,326722E+0	100,000000E-3	-37,522284E-3	-85,303125E+0
24,000000E+0	0,000000E+0	-85,339699E+0	100,000000E-3	-12,176917E-3	-85,303125E+0
24,100000E+0	0,000000E+0	-85,424049E+0	100,000000E-3	-38,789552E-3	-85,303125E+0
24,200000E+0	0,000000E+0	-85,430537E+0	100,000000E-3	-26,116869E-3	-85,303125E+0
24,300000E+0	0,000000E+0	-85,313746E+0	100,000000E-3	-10,909649E-3	-85,303125E+0
24,400000E+0	0,000000E+0	-85,417561E+0	100,000000E-3	-40,056821E-3	-85,303125E+0
24,500000E+0	0,000000E+0	-85,326722E+0	100,000000E-3	-40,056821E-3	-85,303125E+0
24,600000E+0	0,000000E+0	-85,372142E+0	100,000000E-3	-9,642381E-3	-85,303125E+0
24,700000E+0	0,000000E+0	-85,430537E+0	100,000000E-3	-36,255016E-3	-85,303125E+0
24,800000E+0	0,000000E+0	-85,398095E+0	100,000000E-3	-10,909649E-3	-85,303125E+0
24,900000E+0	0,000000E+0	-85,294280E+0	100,000000E-3	-28,651406E-3	-85,303125E+0
25,000000E+0	0,000000E+0	-85,307257E+0	100,000000E-3	-36,255016E-3	-85,303125E+0
25,100000E+0	0,000000E+0	-85,424049E+0	100,000000E-3	-40,056821E-3	-85,303125E+0
25,200000E+0	0,000000E+0	-85,287792E+0	100,000000E-3	-21,047796E-3	-85,303125E+0
25,300000E+0	0,000000E+0	-85,307257E+0	100,000000E-3	-13,444186E-3	-85,303125E+0
25,400000E+0	0,000000E+0	-85,404584E+0	100,000000E-3	-37,522284E-3	-85,303125E+0
25,500000E+0	0,000000E+0	-85,424049E+0	100,000000E-3	-40,056821E-3	-85,303125E+0
25,600000E+0	0,000000E+0	-85,417561E+0	100,000000E-3	-36,255016E-3	-85,303125E+0
25,700000E+0	0,000000E+0	-85,430537E+0	100,000000E-3	-17,245991E-3	-85,303125E+0
25,800000E+0	0,000000E+0	-85,300769E+0	100,000000E-3	-14,711454E-3	-85,303125E+0
25,900000E+0	0,000000E+0	-85,424049E+0	100,000000E-3	-38,789552E-3	-85,303125E+0
26,000000E+0	0,000000E+0	-85,417561E+0	100,000000E-3	-28,651406E-3	-85,303125E+0
26,100000E+0	0,000000E+0	-85,417561E+0	100,000000E-3	-38,789552E-3	-85,303125E+0
26,200000E+0	0,000000E+0	-85,411072E+0	100,000000E-3	-34,987747E-3	-85,303125E+0
26,300000E+0	0,000000E+0	-85,320234E+0	100,000000E-3	-33,720479E-3	-85,303125E+0
26,400000E+0	0,000000E+0	-85,333211E+0	100,000000E-3	-9,642381E-3	-85,303125E+0
26,500000E+0	0,000000E+0	-85,307257E+0	100,000000E-3	-26,116869E-3	-85,303125E+0
26,600000E+0	0,000000E+0	-85,417561E+0	100,000000E-3	-38,789552E-3	-85,303125E+0
26,700000E+0	0,000000E+0	-85,424049E+0	100,000000E-3	-26,116869E-3	-85,303125E+0
26,800000E+0	0,000000E+0	-85,372142E+0	99,900000E+0	1,024448E+0	-84,951563E+0
26,900000E+0	0,000000E+0	-85,424049E+0	99,900000E+0	3,965777E+0	-81,154688E+0
27,000000E+0	0,000000E+0	-85,359165E+0	99,900000E+0	6,117598E+0	-73,715625E+0
27,100000E+0	0,000000E+0	-85,430537E+0	99,900000E+0	7,593964E+0	-63,126562E+0
27,200000E+0	0,000000E+0	-85,320234E+0	99,900000E+0	10,202000E+0	-49,809375E+0
27,300000E+0	0,000000E+0	-85,417561E+0	99,900000E+0	11,384360E+0	-33,960937E+0
27,400000E+0	0,000000E+0	-85,261838E+0	99,900000E+0	12,845518E+0	-16,045313E+0
27,500000E+0	0,000000E+0	-85,417561E+0	99,900000E+0	10,689898E+0	1,912500E+0
27,600000E+0	0,000000E+0	-85,417561E+0	99,900000E+0	5,617027E+0	13,837500E+0
27,700000E+0	0,000000E+0	-85,398095E+0	99,900000E+0	1,949554E+0	19,420313E+0
27,800000E+0	0,000000E+0	-85,430537E+0	99,900000E+0	-1,546839E+0	19,560938E+0
27,900000E+0	0,000000E+0	-85,424049E+0	99,900000E+0	-4,010410E+0	15,468750E+0
28,000000E+0	0,000000E+0	-85,411072E+0	99,900000E+0	-6,278822E+0	7,860938E+0
28,100000E+0	0,000000E+0	-85,313746E+0	99,900000E+0	-8,406568E+0	-2,826563E+0
28,200000E+0	0,000000E+0	-85,385118E+0	99,900000E+0	-9,971647E+0	-16,284375E+0
28,300000E+0	0,000000E+0	-85,430537E+0	99,900000E+0	-9,770151E+0	-31,626563E+0
28,400000E+0	0,000000E+0	-85,352676E+0	99,900000E+0	-5,755440E+0	-42,721875E+0
28,500000E+0	0,000000E+0	-85,424049E+0	99,900000E+0	-1,697644E+0	-47,742187E+0
28,600000E+0	0,000000E+0	-85,320234E+0	99,900000E+0	1,735386E+0	-47,545313E+0
28,700000E+0	0,000000E+0	-85,430537E+0	99,900000E+0	4,466348E+0	-43,115625E+0
28,800000E+0	0,000000E+0	-85,294280E+0	79,991674E+0	6,326697E+0	-35,043750E+0
28,900000E+0	0,000000E+0	-85,456491E+0	99,900000E+0	3,044474E+0	-27,562500E+0
29,000000E+0	0,000000E+0	-85,450003E+0	99,900000E+0	-493,738898E-3	-25,706250E+0
29,100000E+0	0,000000E+0	-85,404584E+0	99,900000E+0	-3,563064E+0	-28,575000E+0
29,200000E+0	0,000000E+0	-85,417561E+0	54,983824E+0	-5,638851E+0	-35,240625E+0
29,300000E+0	0,000000E+0	-85,411072E+0	99,900000E+0	-5,199108E+0	-43,818750E+0
29,400000E+0	0,000000E+0	-85,424049E+0	99,900000E+0	-1,232556E+0	-48,867187E+0
29,500000E+0	0,000000E+0	-85,391607E+0	99,900000E+0	1,442647E+0	-48,754688E+0
29,600000E+0	0,000000E+0	-85,404584E+0	82,893197E+0	3,273849E+0	-44,479688E+0
29,700000E+0	0,000000E+0	-85,417561E+0	99,900000E+0	384,478057E-3	-41,301563E+0
29,800000E+0	0,000000E+0	-85,268327E+0	99,900000E+0	-2,793831E+0	-43,017187E+0
29,900000E+0	0,000000E+0	-85,417561E+0	84,525890E+0	-3,590944E+0	-48,248438E+0
30,000000E+0	0,000000E+0	-85,352676E+0	99,681815E+0	-195,930827E-3	-51,060938E+0
30,100000E+0	0,000000E+0	-85,411072E+0	63,636258E+0	1,803818E+0	-49,345312E+0
30,200000E+0	0,000000E+0	-85,378630E+0	99,900000E+0	-701,570921E-3	-48,557813E+0
30,300000E+0	0,000000E+0	-85,281303E+0	45,383059E+0	-1,639350E+0	-51,539062E+0
30,400000E+0	0,000000E+0	-85,294280E+0	83,537010E+0	-1,095691E+0	-54,281250E+0
30,500000E+0	0,000000E+0	-85,287792E+0	7,309742E+0	919,265241E-3	-54,000000E+0
30,600000E+0	0,000000E+0	-85,411072E+0	62,408443E+0	-175,654533E-3	-53,268750E+0
30,700000E+0	0,000000E+0	-85,411072E+0	4,747017E+0	-1,664695E+0	-54,759375E+0
30,800000E+0	0,000000E+0	-85,294280E+0	52,422440E+0	-1,333938E+0	-56,939062E+0
30,900000E+0	0,000000E+0	-85,287792E+0	7,058136E+0	313,511035E-3	-57,600000E+0
31,000000E+0	0,000000E+0	-85,404584E+0	39,212528E+0	70,195523E-3	-57,079687E+0
31,100000E+0	0,000000E+0	-85,281303E+0	17,738258E+0	-968,964569E-3	-57,754688E+0
31,200000E+0	0,000000E+0	-85,391607E+0	11,989166E+0	-941,084662E-3	-59,217188E+0
31,300000E+0	0,000000E+0	-85,313746E+0	13,117541E+0	-335,330348E-3	-60,117187E+0
31,400000E+0	0,000000E+0	-85,404584E+0	33,671046E+0	-233,948878E-3	-60,300000E+0
31,500000E+0	0,000000E+0	-85,417561E+0	9,300970E+0	-900,532071E-3	-61,157812E+0
31,600000E+0	0,000000E+0	-85,398095E+0	3,137581E+0	-693,967310E-3	-62,381250E+0
31,700000E+0	0,000000E+0	-85,411072E+0	4,321441E+0	-380,952010E-3	-63,112500E+0
31,800000E+0	0,000000E+0	-85,287792E+0	16,858438E+0	-161,714581E-3	-63,435938E+0
31,900000E+0	0,000000E+0	-85,287792E+0	13,451424E+0	-417,702793E-3	-63,843750E+0
32,000000E+0	0,000000E+0	-85,346188E+0	3,062578E+0	-573,576808E-3	-64,560938E+0
32,100000E+0	0,000000E+0	-85,352676E+0	5,377923E+0	-354,339374E-3	-65,207813E+0
32,200000E+0	0,000000E+0	-85,378630E+0	13,013003E+0	-258,026977E-3	-65,615625E+0
32,300000E+0	0,000000E+0	-85,398095E+0	22,039796E+0	-454,453577E-3	-66,135937E+0
32,400000E+0	0,000000E+0	-85,307257E+0	2,344427E+0	-726,916290E-3	-66,951563E+0
32,500000E+0	0,000000E+0	-85,281303E+0	10,001332E+0	-342,933958E-3	-67,626563E+0
32,600000E+0	0,000000E+0	-85,300769E+0	2,831679E+0	-309,984980E-3	-68,104687E+0
32,700000E+0	0,000000E+0	-85,274815E+0	9,877559E+0	-194,663559E-3	-68,526562E+0
32,800000E+0	0,000000E+0	-85,307257E+0	14,965911E+0	-240,285220E-3	-68,793750E+0
32,900000E+0	0,000000E+0	-85,372142E+0	10,434023E+0	-424,039135E-3	-69,271875E+0
33,000000E+0	0,000000E+0	-85,411072E+0	3,808914E+0	-440,513625E-3	-69,862500E+0
33,100000E+0	0,000000E+0	-85,398095E+0	5,043335E+0	-290,975955E-3	-70,326563E+0
33,200000E+0	0,000000E+0	-85,417561E+0	17,785316E+0	-245,354293E-3	-70,635937E+0
33,300000E+0	0,000000E+0	-85,339699E+0	9,446659E+0	-488,669824E-3	-71,114063E+0
33,400000E+0	0,000000E+0	-85,287792E+0	6,115869E+0	-458,255382E-3	-71,732813E+0
33,500000E+0	0,000000E+0	-85,300769E+0	1,894716E+0	-130,032873E-3	-72,070312E+0
33,600000E+0	0,000000E+0	-85,417561E+0	16,872897E+0	-85,678481E-3	-72,154688E+0
33,700000E+0	0,000000E+0	-85,307257E+0	16,531470E+0	-334,063079E-3	-72,379688E+0
33,800000E+0	0,000000E+0	-85,365653E+0	13,919140E+0	-386,021083E-3	-72,928125E+0
33,900000E+0	0,000000E+0	-85,372142E+0	7,340380E+0	-420,237330E-3	-73,603125E+0
34,000000E+0	0,000000E+0	-85,398095E+0	2,551217E+0	-103,420237E-3	-73,926563E+0
34,100000E+0	0,000000E+0	-85,326722E+0	25,631762E+0	-71,738529E-3	-73,940625E+0
34,200000E+0	0,000000E+0	-85,346188E+0	15,304549E+0	-472,195335E-3	-74,292187E+0
34,300000E+0	0,000000E+0	-85,398095E+0	571,411268E-3	-445,582698E-3	-74,925000E+0
34,400000E+0	0,000000E+0	-85,391607E+0	542,021618E-3	-178,189070E-3	-75,332813E+0
34,500000E+0	0,000000E+0	-85,411072E+0	12,928732E+0	-29,918674E-3	-75,417187E+0
34,600000E+0	0,000000E+0	-85,404584E+0	24,046203E+0	-241,552488E-3	-75,529688E+0
34,700000E+0	0,000000E+0	-85,398095E+0	2,705130E+0	-536,826024E-3	-76,106250E+0
34,800000E+0	0,000000E+0	-85,294280E+0	10,035734E+0	-315,054054E-3	-76,710937E+0
34,900000E+0	0,000000E+0	-85,281303E+0	11,244398E+0	13,168449E-3	-76,851562E+0
35,000000E+0	0,000000E+0	-85,268327E+0	22,825751E+0	-181,990875E-3	-76,921875E+0
35,100000E+0	0,000000E+0	-85,352676E+0	2,193129E+0	-516,549729E-3	-77,414062E+0
35,200000E+0	0,000000E+0	-85,411072E+0	9,714117E+0	-311,252249E-3	-78,032813E+0
35,300000E+0	0,000000E+0	-85,359165E+0	911,584391E-3	8,099376E-3	-78,145313E+0
35,400000E+0	0,000000E+0	-85,398095E+0	13,325032E+0	-59,065846E-3	-78,046875E+0
35,500000E+0	0,000000E+0	-85,287792E+0	6,345200E+0	-245,354293E-3	-78,243750E+0
35,600000E+0	0,000000E+0	-85,398095E+0	4,599129E+0	-195,930827E-3	-78,553125E+0
35,700000E+0	0,000000E+0	-85,398095E+0	3,517601E+0	-138,903751E-3	-78,735938E+0
35,800000E+0	0,000000E+0	-85,313746E+0	10,172111E+0	-103,420237E-3	-78,848438E+0
35,900000E+0	0,000000E+0	-85,385118E+0	5,778527E+0	-204,801706E-3	-79,031250E+0
36,000000E+0	0,000000E+0	-85,339699E+0	10,444626E+0	-160,447313E-3	-79,214062E+0
36,100000E+0	0,000000E+0	-85,346188E+0	7,836663E+0	-157,912776E-3	-79,396875E+0
36,200000E+0	0,000000E+0	-85,417561E+0	9,158642E+0	-147,774630E-3	-79,579688E+0
36,300000E+0	0,000000E+0	-85,287792E+0	6,837976E+0	-138,903751E-3	-79,748438E+0
36,400000E+0	0,000000E+0	-85,268327E+0	9,296749E+0	-97,083896E-3	-79,889063E+0
36,500000E+0	0,000000E+0	-85,385118E+0	8,986928E+0	-151,576435E-3	-80,029688E+0
36,600000E+0	0,000000E+0	-85,391607E+0	7,253230E+0	-169,318192E-3	-80,240625E+0
36,700000E+0	0,000000E+0	-85,274815E+0	7,160289E+0	-83,143944E-3	-80,395313E+0
36,800000E+0	0,000000E+0	-85,378630E+0	14,158869E+0	-62,867651E-3	-80,437500E+0
36,900000E+0	0,000000E+0	-85,417561E+0	15,482106E+0	-137,636483E-3	-80,550000E+0
37,000000E+0	0,000000E+0	-85,378630E+0	8,795567E+0	-226,345268E-3	-80,789062E+0
37,100000E+0	0,000000E+0	-85,398095E+0	6,000072E+0	-152,843703E-3	-81,014063E+0
37,200000E+0	0,000000E+0	-85,300769E+0	9,782031E+0	-53,996772E-3	-81,098438E+0
37,300000E+0	0,000000E+0	-85,307257E+0	16,852107E+0	-83,143944E-3	-81,140625E+0
37,400000E+0	0,000000E+0	-85,398095E+0	8,627274E+0	-230,147073E-3	-81,365625E+0
37,500000E+0	0,000000E+0	-85,372142E+0	2,993844E+0	-116,092921E-3	-81,618750E+0
37,600000E+0	0,000000E+0	-85,411072E+0	11,785858E+0	-18,513259E-3	-81,660938E+0
37,700000E+0	0,000000E+0	-85,391607E+0	15,212763E+0	-114,825652E-3	-81,717188E+0
37,800000E+0	0,000000E+0	-85,294280E+0	8,622893E+0	-216,207121E-3	-81,900000E+0
37,900000E+0	0,000000E+0	-85,268327E+0	4,751713E+0	-131,300141E-3	-82,139063E+0
38,000000E+0	0,000000E+0	-85,411072E+0	6,085869E+0	-42,591357E-3	-82,223438E+0
38,100000E+0	0,000000E+0	-85,417561E+0	14,140542E+0	-73,005797E-3	-82,223438E+0
38,200000E+0	0,000000E+0	-85,417561E+0	9,971288E+0	-171,852728E-3	-82,378125E+0
38,300000E+0	0,000000E+0	-85,398095E+0	2,587869E+0	-157,912776E-3	-82,603125E+0
38,400000E+0	0,000000E+0	-85,398095E+0	8,465539E+0	-27,384137E-3	-82,673438E+0
38,500000E+0	0,000000E+0	-85,287792E+0	13,089511E+0	-50,194967E-3	-82,701563E+0
38,600000E+0	0,000000E+0	-85,398095E+0	11,460623E+0	-130,032873E-3	-82,814063E+0
38,700000E+0	0,000000E+0	-85,274815E+0	9,199227E+0	-108,489311E-3	-82,968750E+0
38,800000E+0	0,000000E+0	-85,411072E+0	5,846140E+0	-111,023847E-3	-83,109375E+0
38,900000E+0	0,000000E+0	-85,274815E+0	7,026038E+0	-31,185942E-3	-83,179687E+0
39,000000E+0	0,000000E+0	-85,339699E+0	10,656880E+0	-74,273066E-3	-83,193750E+0
39,100000E+0	0,000000E+0	-85,372142E+0	9,317042E+0	-100,885701E-3	-83,292187E+0
39,200000E+0	0,000000E+0	-85,287792E+0	4,199458E+0	-128,765604E-3	-83,432812E+0
39,300000E+0	0,000000E+0	-85,385118E+0	6,003791E+0	-46,393162E-3	-83,517188E+0
39,400000E+0	0,000000E+0	-85,294280E+0	10,324904E+0	-48,927699E-3	-83,517188E+0
39,500000E+0	0,000000E+0	-85,404584E+0	8,819817E+0	-99,618432E-3	-83,601562E+0
39,600000E+0	0,000000E+0	-85,294280E+0	4,854217E+0	-108,489311E-3	-83,742187E+0
39,700000E+0	0,000000E+0	-85,274815E+0	4,873929E+0	-43,858626E-3	-83,826563E+0
39,800000E+0	0,000000E+0	-85,294280E+0	8,832272E+0	-13,444186E-3	-83,826563E+0
39,900000E+0	0,000000E+0	-85,404584E+0	8,560464E+0	-85,678481E-3	-83,868750E+0
40,000000E+0	0,000000E+0	-85,300769E+0	6,097710E+0	-105,954774E-3	-83,939063E+0
40,100000E+0	0,000000E+0	-85,294280E+0	8,501037E+0	-37,522284E-3	-83,981250E+0
40,200000E+0	0,000000E+0	-85,404584E+0	10,838265E+0	-46,393162E-3	-84,009375E+0
40,300000E+0	0,000000E+0	-85,398095E+0	8,580659E+0	-121,161994E-3	-84,093750E+0
40,400000E+0	0,000000E+0	-85,274815E+0	5,341848E+0	-66,669456E-3	-84,192188E+0
40,500000E+0	0,000000E+0	-85,268327E+0	7,865585E+0	-28,651406E-3	-84,220313E+0
40,600000E+0	0,000000E+0	-85,404584E+0	9,332582E+0	-62,867651E-3	-84,234375E+0
40,700000E+0	0,000000E+0	-85,385118E+0	8,253493E+0	-97,083896E-3	-84,304687E+0
40,800000E+0	0,000000E+0	-85,391607E+0	4,949704E+0	-105,954774E-3	-84,403125E+0
40,900000E+0	0,000000E+0	-85,352676E+0	5,123105E+0	-36,255016E-3	-84,473438E+0
41,000000E+0	0,000000E+0	-85,391607E+0	7,834335E+0	-40,056821E-3	-84,487500E+0
41,100000E+0	0,000000E+0	-85,417561E+0	7,934488E+0	-43,858626E-3	-84,487500E+0
41,200000E+0	0,000000E+0	-85,287792E+0	7,652551E+0	-61,600382E-3	-84,543750E+0
41,300000E+0	0,000000E+0	-85,404584E+0	6,274773E+0	-75,540334E-3	-84,614063E+0
41,400000E+0	0,000000E+0	-85,417561E+0	8,129753E+0	-28,651406E-3	-84,628125E+0
41,500000E+0	0,000000E+0	-85,300769E+0	8,712834E+0	-36,255016E-3	-84,642188E+0
41,600000E+0	0,000000E+0	-85,424049E+0	8,373672E+0	-64,134919E-3	-84,684375E+0
41,700000E+0	0,000000E+0	-85,261838E+0	5,599550E+0	-90,747554E-3	-84,754688E+0
41,800000E+0	0,000000E+0	-85,450003E+0	4,566054E+0	-38,789552E-3	-84,825000E+0
41,900000E+0	0,000000E+0	-85,398095E+0	6,594346E+0	-41,324089E-3	-84,825000E+0
42,000000E+0	0,000000E+0	-85,417561E+0	6,904082E+0	-33,720479E-3	-84,839062E+0
42,100000E+0	0,000000E+0	-85,313746E+0	6,639866E+0	-32,453211E-3	-84,867187E+0
42,200000E+0	0,000000E+0	-85,398095E+0	5,605191E+0	-62,867651E-3	-84,909375E+0
42,300000E+0	0,000000E+0	-85,274815E+0	7,007497E+0	-18,513259E-3	-84,923438E+0
42,400000E+0	0,000000E+0	-85,417561E+0	6,286571E+0	-33,720479E-3	-84,937500E+0
42,500000E+0	0,000000E+0	-85,274815E+0	7,156318E+0	-19,780527E-3	-84,951563E+0
42,600000E+0	0,000000E+0	-85,398095E+0	7,680176E+0	-37,522284E-3	-84,965625E+0
42,700000E+0	0,000000E+0	-85,281303E+0	8,275231E+0	-41,324089E-3	-84,979687E+0
42,800000E+0	0,000000E+0	-85,294280E+0	7,576496E+0	-59,065846E-3	-85,007812E+0
42,900000E+0	0,000000E+0	-85,313746E+0	7,777579E+0	-22,315064E-3	-85,035938E+0
43,000000E+0	0,000000E+0	-85,274815E+0	7,193112E+0	-31,185942E-3	-85,064063E+0
43,100000E+0	0,000000E+0	-85,274815E+0	8,010171E+0	-15,978722E-3	-85,064063E+0
43,200000E+0	0,000000E+0	-85,372142E+0	7,104627E+0	-59,065846E-3	-85,078125E+0
43,300000E+0	0,000000E+0	-85,398095E+0	6,867421E+0	-48,927699E-3	-85,106250E+0
43,400000E+0	0,000000E+0	-85,294280E+0	8,053227E+0	-34,987747E-3	-85,106250E+0
43,500000E+0	0,000000E+0	-85,326722E+0	7,877053E+0	-48,927699E-3	-85,106250E+0
43,600000E+0	0,000000E+0	-85,281303E+0	8,035233E+0	-17,245991E-3	-85,120312E+0
43,700000E+0	0,000000E+0	-85,404584E+0	7,681987E+0	-60,333114E-3	-85,134375E+0
43,800000E+0	0,000000E+0	-85,287792E+0	7,723826E+0	-13,444186E-3	-85,148437E+0
43,900000E+0	0,000000E+0	-85,326722E+0	7,987299E+0	-50,194967E-3	-85,162500E+0
44,000000E+0	0,000000E+0	-85,398095E+0	7,746157E+0	-36,255016E-3	-85,176563E+0
44,100000E+0	0,000000E+0	-85,411072E+0	8,619115E+0	-23,582332E-3	-85,176563E+0
44,200000E+0	0,000000E+0	-85,300769E+0	7,779723E+0	-41,324089E-3	-85,190625E+0
44,300000E+0	0,000000E+0	-85,404584E+0	8,263283E+0	-40,056821E-3	-85,204688E+0
44,400000E+0	0,000000E+0	-85,372142E+0	7,488050E+0	-51,462236E-3	-85,218750E+0
44,500000E+0	0,000000E+0	-85,261838E+0	7,231413E+0	-21,047796E-3	-85,232813E+0
44,600000E+0	0,000000E+0	-85,404584E+0	7,691972E+0	-38,789552E-3	-85,232813E+0
44,700000E+0	0,000000E+0	-85,398095E+0	7,476013E+0	-36,255016E-3	-85,246875E+0
44,800000E+0	0,000000E+0	-85,385118E+0	8,513657E+0	-45,125894E-3	-85,246875E+0
44,900000E+0	0,000000E+0	-85,398095E+0	7,544762E+0	-51,462236E-3	-85,260937E+0
45,000000E+0	0,000000E+0	-85,333211E+0	7,205381E+0	-48,927699E-3	-85,275000E+0
45,100000E+0	0,000000E+0	-85,274815E+0	7,511524E+0	-34,987747E-3	-85,275000E+0
45,200000E+0	0,000000E+0	-85,398095E+0	7,162224E+0	-33,720479E-3	-85,289062E+0
45,300000E+0	0,000000E+0	-85,398095E+0	7,369443E+0	-38,789552E-3	-85,289062E+0
45,400000E+0	0,000000E+0	-85,391607E+0	8,121300E+0	-38,789552E-3	-85,289062E+0
45,500000E+0	0,000000E+0	-85,398095E+0	7,563508E+0	-40,056821E-3	-85,289062E+0
45,600000E+0	0,000000E+0	-85,372142E+0	6,917883E+0	-51,462236E-3	-85,303125E+0
45,700000E+0	0,000000E+0	-85,404584E+0	7,662983E+0	-24,849601E-3	-85,303125E+0
45,800000E+0	0,000000E+0	-85,333211E+0	6,615566E+0	-52,729504E-3	-85,317188E+0
45,900000E+0	0,000000E+0	-85,352676E+0	6,909811E+0	-9,642381E-3	-85,317188E+0
46,000000E+0	0,000000E+0	-85,391607E+0	7,273781E+0	-31,185942E-3	-85,317188E+0
46,100000E+0	0,000000E+0	-85,411072E+0	7,681165E+0	-18,513259E-3	-85,317188E+0
46,200000E+0	0,000000E+0	-85,365653E+0	7,272119E+0	-43,858626E-3	-85,317188E+0
46,300000E+0	0,000000E+0	-85,359165E+0	6,525012E+0	-48,927699E-3	-85,331250E+0
46,400000E+0	0,000000E+0	-85,255350E+0	6,911578E+0	-24,849601E-3	-85,331250E+0
46,500000E+0	0,000000E+0	-85,359165E+0	6,787381E+0	-43,858626E-3	-85,331250E+0
46,600000E+0	0,000000E+0	-85,391607E+0	7,700725E+0	-13,444186E-3	-85,331250E+0
46,700000E+0	0,000000E+0	-85,404584E+0	7,125170E+0	-37,522284E-3	-85,331250E+0
46,800000E+0	0,000000E+0	-85,398095E+0	7,323498E+0	-43,858626E-3	-85,331250E+0
46,900000E+0	0,000000E+0	-85,398095E+0	7,885296E+0	-42,591357E-3	-85,331250E+0
47,000000E+0	0,000000E+0	-85,404584E+0	7,190642E+0	-45,125894E-3	-85,331250E+0
47,100000E+0	0,000000E+0	-85,398095E+0	6,741263E+0	-33,720479E-3	-85,345313E+0
47,200000E+0	0,000000E+0	-85,313746E+0	7,004704E+0	-40,056821E-3	-85,345313E+0
47,300000E+0	0,000000E+0	-85,398095E+0	7,286350E+0	-36,255016E-3	-85,345313E+0
47,400000E+0	0,000000E+0	-85,398095E+0	6,831679E+0	-37,522284E-3	-85,345313E+0
47,500000E+0	0,000000E+0	-85,417561E+0	7,002322E+0	-19,780527E-3	-85,345313E+0
47,600000E+0	0,000000E+0	-85,294280E+0	7,705329E+0	-8,375112E-3	-85,345313E+0
47,700000E+0	0,000000E+0	-85,417561E+0	7,402021E+0	-38,789552E-3	-85,345313E+0
47,800000E+0	0,000000E+0	-85,274815E+0	7,439214E+0	-17,245991E-3	-85,345313E+0
47,900000E+0	0,000000E+0	-85,378630E+0	7,629486E+0	-9,642381E-3	-85,345313E+0
48,000000E+0	0,000000E+0	-85,411072E+0	6,812081E+0	-41,324089E-3	-85,345313E+0
48,100000E+0	0,000000E+0	-85,320234E+0	6,292178E+0	-37,522284E-3	-85,359375E+0
48,200000E+0	0,000000E+0	-85,411072E+0	6,222446E+0	-38,789552E-3	-85,359375E+0
48,300000E+0	0,000000E+0	-85,398095E+0	6,599383E+0	-27,384137E-3	-85,359375E+0
48,400000E+0	0,000000E+0	-85,398095E+0	6,162957E+0	-42,591357E-3	-85,359375E+0
48,500000E+0	0,000000E+0	-85,404584E+0	6,667186E+0	-36,255016E-3	-85,359375E+0
48,600000E+0	0,000000E+0	-85,294280E+0	6,549034E+0	-33,720479E-3	-85,359375E+0
48,700000E+0	0,000000E+0	-85,268327E+0	6,832039E+0	-14,711454E-3	-85,359375E+0
48,800000E+0	0,000000E+0	-85,287792E+0	6,507749E+0	-24,849601E-3	-85,359375E+0
48,900000E+0	0,000000E+0	-85,346188E+0	5,931169E+0	-45,125894E-3	-85,359375E+0
49,000000E+0	0,000000E+0	-85,385118E+0	6,778218E+0	-37,522284E-3	-85,359375E+0
49,100000E+0	0,000000E+0	-85,352676E+0	6,874777E+0	-5,840576E-3	-85,359375E+0
49,200000E+0	0,000000E+0	-85,281303E+0	5,999476E+0	-27,384137E-3	-85,359375E+0
49,300000E+0	0,000000E+0	-85,274815E+0	6,300792E+0	-13,444186E-3	-85,359375E+0
49,400000E+0	0,000000E+0	-85,417561E+0	6,296829E+0	-24,849601E-3	-85,359375E+0
49,500000E+0	0,000000E+0	-85,411072E+0	6,019186E+0	-17,245991E-3	-85,359375E+0
49,600000E+0	0,000000E+0	-85,359165E+0	6,745494E+0	-8,375112E-3	-85,359375E+0
49,700000E+0	0,000000E+0	-85,281303E+0	6,559305E+0	-15,978722E-3	-85,359375E+0
49,800000E+0	0,000000E+0	-85,404584E+0	5,874873E+0	-41,324089E-3	-85,359375E+0
49,900000E+0	0,000000E+0	-85,404584E+0	5,965907E+0	-34,987747E-3	-85,359375E+0
50,000000E+0	0,000000E+0	-85,391607E+0	5,828309E+0	-38,789552E-3	-85,359375E+0
50,100000E+0	0,000000E+0	-85,385118E+0	6,634522E+0	-33,720479E-3	-85,359375E+0
50,200000E+0	0,000000E+0	-85,274815E+0	6,305911E+0	-18,513259E-3	-85,359375E+0
50,300000E+0	0,000000E+0	-85,411072E+0	6,092801E+0	-23,582332E-3	-85,359375E+0
50,400000E+0	0,000000E+0	-85,281303E+0	6,493467E+0	-27,384137E-3	-85,359375E+0
50,500000E+0	0,000000E+0	-85,300769E+0	5,575872E+0	-36,255016E-3	-85,359375E+0
50,600000E+0	0,000000E+0	-85,287792E+0	5,720814E+0	-33,720479E-3	-85,359375E+0
50,700000E+0	0,000000E+0	-85,287792E+0	6,056554E+0	-31,185942E-3	-85,359375E+0
50,800000E+0	0,000000E+0	-85,274815E+0	5,697624E+0	-26,116869E-3	-85,359375E+0
50,900000E+0	0,000000E+0	-85,346188E+0	5,282874E+0	-40,056821E-3	-85,359375E+0
51,000000E+0	0,000000E+0	-85,261838E+0	5,303812E+0	-18,513259E-3	-85,359375E+0
51,100000E+0	0,000000E+0	-85,300769E+0	5,209142E+0	-41,324089E-3	-85,359375E+0
51,200000E+0	0,000000E+0	-85,320234E+0	5,085465E+0	-40,056821E-3	-85,359375E+0
51,300000E+0	0,000000E+0	-85,307257E+0	5,819174E+0	-8,375112E-3	-85,359375E+0
51,400000E+0	0,000000E+0	-85,398095E+0	5,039821E+0	-36,255016E-3	-85,359375E+0
51,500000E+0	0,000000E+0	-85,281303E+0	5,082473E+0	-26,116869E-3	-85,359375E+0
51,600000E+0	0,000000E+0	-85,333211E+0	4,873683E+0	-42,591357E-3	-85,359375E+0
51,700000E+0	0,000000E+0	-85,411072E+0	5,484421E+0	-18,513259E-3	-85,359375E+0
51,800000E+0	0,000000E+0	-85,287792E+0	5,617425E+0	-10,909649E-3	-85,359375E+0
51,900000E+0	0,000000E+0	-85,404584E+0	4,972948E+0	-27,384137E-3	-85,359375E+0
52,000000E+0	0,000000E+0	-85,372142E+0	4,783604E+0	-42,591357E-3	-85,359375E+0
52,100000E+0	0,000000E+0	-85,294280E+0	4,690245E+0	-9,642381E-3	-85,359375E+0
52,200000E+0	0,000000E+0	-85,346188E+0	4,704632E+0	-41,324089E-3	-85,359375E+0
52,300000E+0	0,000000E+0	-85,274815E+0	4,805582E+0	-19,780527E-3	-85,359375E+0
52,400000E+0	0,000000E+0	-85,417561E+0	5,551298E+0	-18,513259E-3	-85,359375E+0
52,500000E+0	0,000000E+0	-85,411072E+0	5,232641E+0	-37,522284E-3	-85,359375E+0
52,600000E+0	0,000000E+0	-85,320234E+0	4,613913E+0	-43,858626E-3	-85,359375E+0
52,700000E+0	0,000000E+0	-85,404584E+0	4,694321E+0	-51,462236E-3	-85,359375E+0
52,800000E+0	0,000000E+0	-85,372142E+0	5,224300E+0	-41,324089E-3	-85,359375E+0
52,900000E+0	0,000000E+0	-85,326722E+0	4,829103E+0	-40,056821E-3	-85,359375E+0
53,000000E+0	0,000000E+0	-85,372142E+0	3,986211E+0	-71,738529E-3	-85,359375E+0
53,100000E+0	0,000000E+0	-85,274815E+0	4,802163E+0	-13,444186E-3	-85,359375E+0
53,200000E+0	0,000000E+0	-85,359165E+0	4,639595E+0	-42,591357E-3	-85,359375E+0
53,300000E+0	0,000000E+0	-85,404584E+0	5,010013E+0	-24,849601E-3	-85,359375E+0
53,400000E+0	0,000000E+0	-85,307257E+0	4,825946E+0	-32,453211E-3	-85,359375E+0
53,500000E+0	0,000000E+0	-85,404584E+0	4,934227E+0	-26,116869E-3	-85,359375E+0
53,600000E+0	0,000000E+0	-85,294280E+0	4,537789E+0	-13,444186E-3	-85,359375E+0
53,700000E+0	0,000000E+0	-85,398095E+0	4,599423E+0	-32,453211E-3	-85,359375E+0
53,800000E+0	0,000000E+0	-85,359165E+0	4,960172E+0	-42,591357E-3	-85,359375E+0
53,900000E+0	0,000000E+0	-85,339699E+0	4,872091E+0	-43,858626E-3	-85,359375E+0
54,000000E+0	0,000000E+0	-85,385118E+0	4,515537E+0	-34,987747E-3	-85,359375E+0
54,100000E+0	0,000000E+0	-85,307257E+0	5,159990E+0	-9,642381E-3	-85,359375E+0
54,200000E+0	0,000000E+0	-85,404584E+0	4,428030E+0	-37,522284E-3	-85,359375E+0
54,300000E+0	0,000000E+0	-85,411072E+0	4,943916E+0	-18,513259E-3	-85,359375E+0
54,400000E+0	0,000000E+0	-85,391607E+0	4,250949E+0	-42,591357E-3	-85,359375E+0
54,500000E+0	0,000000E+0	-85,417561E+0	4,360471E+0	-38,789552E-3	-85,359375E+0
54,600000E+0	0,000000E+0	-85,404584E+0	4,371741E+0	-41,324089E-3	-85,359375E+0
54,700000E+0	0,000000E+0	-85,320234E+0	5,236220E+0	-9,642381E-3	-85,359375E+0
54,800000E+0	0,000000E+0	-85,274815E+0	4,798692E+0	-22,315064E-3	-85,359375E+0
54,900000E+0	0,000000E+0	-85,404584E+0	4,863799E+0	-17,245991E-3	-85,359375E+0
55,000000E+0	0,000000E+0	-85,372142E+0	4,087702E+0	-10,909649E-3	-85,359375E+0
55,100000E+0	0,000000E+0	-85,326722E+0	4,985510E+0	-9,642381E-3	-85,359375E+0
55,200000E+0	0,000000E+0	-85,359165E+0	4,290382E+0	-9,642381E-3	-85,359375E+0
55,300000E+0	0,000000E+0	-85,391607E+0	4,785759E+0	-14,711454E-3	-85,359375E+0
55,400000E+0	0,000000E+0	-85,404584E+0	4,262167E+0	-34,987747E-3	-85,359375E+0
55,500000E+0	0,000000E+0	-85,300769E+0	4,890222E+0	-9,642381E-3	-85,359375E+0
55,600000E+0	0,000000E+0	-85,268327E+0	4,193042E+0	-23,582332E-3	-85,359375E+0
55,700000E+0	0,000000E+0	-85,268327E+0	4,010002E+0	-19,780527E-3	-85,359375E+0
55,800000E+0	0,000000E+0	-85,404584E+0	4,025592E+0	-37,522284E-3	-85,359375E+0
55,900000E+0	0,000000E+0	-85,307257E+0	4,167276E+0	-34,987747E-3	-85,359375E+0
56,000000E+0	0,000000E+0	-85,274815E+0	4,630384E+0	-14,711454E-3	-85,359375E+0
56,100000E+0	0,000000E+0	-85,404584E+0	4,186520E+0	-31,185942E-3	-85,359375E+0
56,200000E+0	0,000000E+0	-85,404584E+0	3,946456E+0	-38,789552E-3	-85,359375E+0
56,300000E+0	0,000000E+0	-85,385118E+0	4,062530E+0	-12,176917E-3	-85,359375E+0
56,400000E+0	0,000000E+0	-85,398095E+0	3,908713E+0	-41,324089E-3	-85,359375E+0
56,500000E+0	0,000000E+0	-85,287792E+0	4,322342E+0	-26,116869E-3	-85,359375E+0
56,600000E+0	0,000000E+0	-85,274815E+0	4,692652E+0	-19,780527E-3	-85,359375E+0
56,700000E+0	0,000000E+0	-85,378630E+0	3,596013E+0	-41,324089E-3	-85,359375E+0
56,800000E+0	0,000000E+0	-85,352676E+0	4,570467E+0	-8,375112E-3	-85,359375E+0
56,900000E+0	0,000000E+0	-85,281303E+0	3,709189E+0	-13,444186E-3	-85,359375E+0
57,000000E+0	0,000000E+0	-85,268327E+0	2,964227E+0	-64,134919E-3	-85,359375E+0
57,100000E+0	0,000000E+0	-85,391607E+0	3,486768E+0	-13,444186E-3	-85,359375E+0
57,200000E+0	0,000000E+0	-85,411072E+0	3,752595E+0	-33,720479E-3	-85,359375E+0
57,300000E+0	0,000000E+0	-85,281303E+0	3,577242E+0	-36,255016E-3	-85,359375E+0
57,400000E+0	0,000000E+0	-85,281303E+0	4,185959E+0	-14,711454E-3	-85,359375E+0
57,500000E+0	0,000000E+0	-85,268327E+0	3,572826E+0	-22,315064E-3	-85,359375E+0
57,600000E+0	0,000000E+0	-85,411072E+0	3,959432E+0	-38,789552E-3	-85,359375E+0
57,700000E+0	0,000000E+0	-85,287792E+0	3,768954E+0	-12,176917E-3	-85,359375E+0
57,800000E+0	0,000000E+0	-85,385118E+0	3,506187E+0	-37,522284E-3	-85,359375E+0
57,900000E+0	0,000000E+0	-85,307257E+0	4,216485E+0	-10,909649E-3	-85,359375E+0
58,000000E+0	0,000000E+0	-85,398095E+0	3,441312E+0	-15,978722E-3	-85,359375E+0
58,100000E+0	0,000000E+0	-85,339699E+0	3,537871E+0	-8,375112E-3	-85,359375E+0
58,200000E+0	0,000000E+0	-85,339699E+0	3,331173E+0	-42,591357E-3	-85,359375E+0
58,300000E+0	0,000000E+0	-85,404584E+0	3,368369E+0	-41,324089E-3	-85,359375E+0
58,400000E+0	0,000000E+0	-85,398095E+0	3,447573E+0	-38,789552E-3	-85,359375E+0
58,500000E+0	0,000000E+0	-85,287792E+0	3,638876E+0	-28,651406E-3	-85,359375E+0
58,600000E+0	0,000000E+0	-85,404584E+0	3,409582E+0	-38,789552E-3	-85,359375E+0
58,700000E+0	0,000000E+0	-85,417561E+0	4,065973E+0	-37,522284E-3	-85,359375E+0
58,800000E+0	0,000000E+0	-85,404584E+0	3,215249E+0	-34,987747E-3	-85,359375E+0
58,900000E+0	0,000000E+0	-85,281303E+0	3,651334E+0	-32,453211E-3	-85,359375E+0
59,000000E+0	0,000000E+0	-85,385118E+0	3,160893E+0	-38,789552E-3	-85,359375E+0
59,100000E+0	0,000000E+0	-85,216419E+0	3,187356E+0	-19,780527E-3	-85,359375E+0
59,200000E+0	0,000000E+0	-85,300769E+0	3,194304E+0	-36,255016E-3	-85,359375E+0
59,300000E+0	0,000000E+0	-85,281303E+0	3,412565E+0	-29,918674E-3	-85,359375E+0
59,400000E+0	0,000000E+0	-85,404584E+0	3,824142E+0	-17,245991E-3	-85,359375E+0
59,500000E+0	0,000000E+0	-85,404584E+0	3,387893E+0	-34,987747E-3	-85,359375E+0
59,600000E+0	0,000000E+0	-85,346188E+0	4,059230E+0	-8,375112E-3	-85,359375E+0
59,700000E+0	0,000000E+0	-85,378630E+0	3,162393E+0	-42,591357E-3	-85,359375E+0
59,800000E+0	0,000000E+0	-85,398095E+0	3,492893E+0	-28,651406E-3	-85,359375E+0
59,900000E+0	0,000000E+0	-85,281303E+0	3,109488E+0	-14,711454E-3	-85,359375E+0
60,000000E+0	0,000000E+0	-85,352676E+0	3,130356E+0	-40,056821E-3	-85,359375E+0
60,100000E+0	0,000000E+0	-85,398095E+0	3,331435E+0	-31,185942E-3	-85,359375E+0
60,200000E+0	0,000000E+0	-85,385118E+0	2,916648E+0	-32,453211E-3	-85,359375E+0
60,300000E+0	0,000000E+0	-85,287792E+0	3,960134E+0	-5,840576E-3	-85,359375E+0
60,400000E+0	0,000000E+0	-85,404584E+0	3,006165E+0	-31,185942E-3	-85,359375E+0
60,500000E+0	0,000000E+0	-85,398095E+0	3,105841E+0	-37,522284E-3	-85,359375E+0
60,600000E+0	0,000000E+0	-85,359165E+0	3,047052E+0	-43,858626E-3	-85,359375E+0
60,700000E+0	0,000000E+0	-85,294280E+0	3,701034E+0	-13,444186E-3	-85,359375E+0
60,800000E+0	0,000000E+0	-85,398095E+0	3,220402E+0	-36,255016E-3	-85,359375E+0
60,900000E+0	0,000000E+0	-85,404584E+0	3,361129E+0	-15,978722E-3	-85,359375E+0
61,000000E+0	0,000000E+0	-85,300769E+0	3,019732E+0	-7,107844E-3	-85,359375E+0
61,100000E+0	0,000000E+0	-85,300769E+0	2,812077E+0	-7,107844E-3	-85,359375E+0
61,200000E+0	0,000000E+0	-85,411072E+0	2,894468E+0	-40,056821E-3	-85,359375E+0
61,300000E+0	0,000000E+0	-85,385118E+0	3,003813E+0	-34,987747E-3	-85,359375E+0
61,400000E+0	0,000000E+0	-85,404584E+0	3,644902E+0	-27,384137E-3	-85,359375E+0
61,500000E+0	0,000000E+0	-85,391607E+0	2,880780E+0	-38,789552E-3	-85,359375E+0
61,600000E+0	0,000000E+0	-85,443514E+0	3,548575E+0	-42,591357E-3	-85,359375E+0
61,700000E+0	0,000000E+0	-85,287792E+0	2,589118E+0	-29,918674E-3	-85,359375E+0
61,800000E+0	0,000000E+0	-85,378630E+0	3,180550E+0	-41,324089E-3	-85,359375E+0
61,900000E+0	0,000000E+0	-85,346188E+0	2,641834E+0	-43,858626E-3	-85,359375E+0
62,000000E+0	0,000000E+0	-85,411072E+0	3,439297E+0	-17,245991E-3	-85,359375E+0
62,100000E+0	0,000000E+0	-85,287792E+0	2,723628E+0	-32,453211E-3	-85,359375E+0
62,200000E+0	0,000000E+0	-85,333211E+0	3,049807E+0	-43,858626E-3	-85,359375E+0
62,300000E+0	0,000000E+0	-85,274815E+0	3,350058E+0	-23,582332E-3	-85,359375E+0
62,400000E+0	0,000000E+0	-85,300769E+0	2,947138E+0	-38,789552E-3	-85,359375E+0
62,500000E+0	0,000000E+0	-85,320234E+0	2,981098E+0	-43,858626E-3	-85,345313E+0
62,600000E+0	0,000000E+0	-85,352676E+0	2,493319E+0	20,772059E-3	-85,359375E+0
62,700000E+0	0,000000E+0	-85,281303E+0	3,771038E+0	-9,642381E-3	-85,345313E+0
62,800000E+0	0,000000E+0	-85,391607E+0	2,399889E+0	-40,056821E-3	-85,359375E+0
62,900000E+0	0,000000E+0	-85,404584E+0	2,901162E+0	-36,255016E-3	-85,345313E+0
63,000000E+0	0,000000E+0	-85,391607E+0	2,896359E+0	-32,453211E-3	-85,345313E+0
63,100000E+0	0,000000E+0	-85,287792E+0	3,046714E+0	-12,176917E-3	-85,345313E+0
63,200000E+0	0,000000E+0	-85,385118E+0	2,967873E+0	-36,255016E-3	-85,345313E+0
63,300000E+0	0,000000E+0	-85,294280E+0	2,580274E+0	-4,573307E-3	-85,345313E+0
63,400000E+0	0,000000E+0	-85,391607E+0	2,629612E+0	-31,185942E-3	-85,359375E+0
63,500000E+0	0,000000E+0	-85,294280E+0	2,456681E+0	-33,720479E-3	-85,359375E+0
63,600000E+0	0,000000E+0	-85,391607E+0	2,720389E+0	-38,789552E-3	-85,345313E+0
63,700000E+0	0,000000E+0	-85,391607E+0	3,548832E+0	-37,522284E-3	-85,345313E+0
63,800000E+0	0,000000E+0	-85,378630E+0	3,555485E+0	-45,125894E-3	-85,345313E+0
63,900000E+0	0,000000E+0	-85,417561E+0	3,595757E+0	-38,789552E-3	-85,345313E+0
64,000000E+0	0,000000E+0	-85,274815E+0	3,234068E+0	-21,047796E-3	-85,345313E+0
64,100000E+0	0,000000E+0	-85,378630E+0	3,205860E+0	-38,789552E-3	-85,345313E+0
64,200000E+0	0,000000E+0	-85,268327E+0	2,920527E+0	-17,245991E-3	-85,345313E+0
64,300000E+0	0,000000E+0	-85,398095E+0	2,983356E+0	-40,056821E-3	-85,345313E+0
64,400000E+0	0,000000E+0	-85,287792E+0	3,563025E+0	-10,909649E-3	-85,345313E+0
64,500000E+0	0,000000E+0	-85,391607E+0	3,022481E+0	-13,444186E-3	-85,345313E+0
64,600000E+0	0,000000E+0	-85,391607E+0	2,537644E+0	-37,522284E-3	-85,345313E+0
64,700000E+0	0,000000E+0	-85,268327E+0	3,454671E+0	-27,384137E-3	-85,345313E+0
64,800000E+0	0,000000E+0	-85,391607E+0	2,621008E+0	-41,324089E-3	-85,345313E+0
64,900000E+0	0,000000E+0	-85,398095E+0	3,042984E+0	-37,522284E-3	-85,345313E+0
65,000000E+0	0,000000E+0	-85,391607E+0	2,866892E+0	-36,255016E-3	-85,345313E+0
65,100000E+0	0,000000E+0	-85,326722E+0	2,820480E+0	-40,056821E-3	-85,345313E+0
65,200000E+0	0,000000E+0	-85,430537E+0	2,831194E+0	-38,789552E-3	-85,345313E+0
65,300000E+0	0,000000E+0	-85,404584E+0	2,987556E+0	-28,651406E-3	-85,345313E+0
65,400000E+0	0,000000E+0	-85,417561E+0	3,551182E+0	-17,245991E-3	-85,345313E+0
65,500000E+0	0,000000E+0	-85,346188E+0	3,717504E+0	-34,987747E-3	-85,345313E+0
65,600000E+0	0,000000E+0	-85,404584E+0	3,804543E+0	-38,789552E-3	-85,345313E+0
65,700000E+0	0,000000E+0	-85,391607E+0	2,419576E+0	-12,176917E-3	-85,359375E+0
65,800000E+0	0,000000E+0	-85,404584E+0	3,084149E+0	-38,789552E-3	-85,345313E+0
65,900000E+0	0,000000E+0	-85,287792E+0	2,928787E+0	-10,909649E-3	-85,359375E+0
66,000000E+0	0,000000E+0	-85,326722E+0	4,609496E+0	-42,591357E-3	-85,345313E+0
66,100000E+0	0,000000E+0	-85,404584E+0	3,408864E+0	-28,651406E-3	-85,345313E+0
66,200000E+0	0,000000E+0	-85,398095E+0	2,844711E+0	-36,255016E-3	-85,359375E+0
66,300000E+0	0,000000E+0	-85,352676E+0	2,500242E+0	-45,125894E-3	-85,359375E+0
66,400000E+0	0,000000E+0	-85,411072E+0	3,065572E+0	-26,116869E-3	-85,345313E+0
66,500000E+0	0,000000E+0	-85,294280E+0	2,923059E+0	-28,651406E-3	-85,359375E+0
66,600000E+0	0,000000E+0	-85,281303E+0	2,634621E+0	-29,918674E-3	-85,359375E+0
66,700000E+0	0,000000E+0	-85,411072E+0	3,040167E+0	-26,116869E-3	-85,359375E+0
66,800000E+0	0,000000E+0	-85,274815E+0	3,876579E+0	-17,245991E-3	-85,345313E+0
66,900000E+0	0,000000E+0	-85,385118E+0	3,101978E+0	-42,591357E-3	-85,359375E+0
67,000000E+0	0,000000E+0	-85,391607E+0	3,348147E+0	-18,513259E-3	-85,359375E+0
67,100000E+0	0,000000E+0	-85,372142E+0	2,579704E+0	-43,858626E-3	-85,359375E+0
67,200000E+0	0,000000E+0	-85,287792E+0	3,337378E+0	-33,720479E-3	-85,345313E+0
67,300000E+0	0,000000E+0	-85,391607E+0	3,336115E+0	-12,176917E-3	-85,359375E+0
67,400000E+0	0,000000E+0	-85,365653E+0	2,445582E+0	-43,858626E-3	-85,359375E+0
67,500000E+0	0,000000E+0	-85,268327E+0	3,097532E+0	-18,513259E-3	-85,359375E+0
67,600000E+0	0,000000E+0	-85,398095E+0	2,420785E+0	-36,255016E-3	-85,359375E+0
67,700000E+0	0,000000E+0	-85,398095E+0	3,711362E+0	-28,651406E-3	-85,359375E+0
67,800000E+0	0,000000E+0	-85,274815E+0	2,999057E+0	-23,582332E-3	-85,359375E+0
67,900000E+0	0,000000E+0	-85,391607E+0	2,981212E+0	-33,720479E-3	-85,359375E+0
68,000000E+0	0,000000E+0	-85,391607E+0	2,606379E+0	-37,522284E-3	-85,359375E+0
68,100000E+0	0,000000E+0	-85,378630E+0	2,548724E+0	-40,056821E-3	-85,359375E+0
68,200000E+0	0,000000E+0	-85,352676E+0	2,787385E+0	-10,909649E-3	-85,359375E+0
68,300000E+0	0,000000E+0	-85,391607E+0	2,606753E+0	-34,987747E-3	-85,359375E+0
68,400000E+0	0,000000E+0	-85,417561E+0	2,962396E+0	-26,116869E-3	-85,359375E+0
68,500000E+0	0,000000E+0	-85,385118E+0	2,572476E+0	-42,591357E-3	-85,359375E+0
68,600000E+0	0,000000E+0	-85,274815E+0	2,980651E+0	-26,116869E-3	-85,359375E+0
68,700000E+0	0,000000E+0	-85,359165E+0	3,285153E+0	-12,176917E-3	-85,359375E+0
68,800000E+0	0,000000E+0	-85,391607E+0	2,891687E+0	-34,987747E-3	-85,359375E+0
68,900000E+0	0,000000E+0	-85,411072E+0	2,289275E+0	-17,245991E-3	-85,359375E+0
69,000000E+0	0,000000E+0	-85,313746E+0	2,936962E+0	-42,591357E-3	-85,345313E+0
69,100000E+0	0,000000E+0	-85,359165E+0	2,898399E+0	-46,393162E-3	-85,345313E+0
69,200000E+0	0,000000E+0	-85,274815E+0	3,148117E+0	-36,255016E-3	-85,345313E+0
69,300000E+0	0,000000E+0	-85,385118E+0	3,169195E+0	-10,909649E-3	-85,359375E+0
69,400000E+0	0,000000E+0	-85,372142E+0	3,631017E+0	-13,444186E-3	-85,345313E+0
69,500000E+0	0,000000E+0	-85,411072E+0	3,609967E+0	-36,255016E-3	-85,345313E+0
69,600000E+0	0,000000E+0	-85,404584E+0	3,330362E+0	-24,849601E-3	-85,345313E+0
69,700000E+0	0,000000E+0	-85,307257E+0	3,190149E+0	-5,840576E-3	-85,359375E+0
69,800000E+0	0,000000E+0	-85,456491E+0	2,481500E+0	-34,987747E-3	-85,359375E+0
69,900000E+0	0,000000E+0	-85,378630E+0	3,010531E+0	-37,522284E-3	-85,359375E+0
70,000000E+0	0,000000E+0	-85,274815E+0	3,696817E+0	-31,185942E-3	-85,345313E+0
70,100000E+0	0,000000E+0	-85,404584E+0	3,332725E+0	-26,116869E-3	-85,345313E+0
70,200000E+0	0,000000E+0	-85,294280E+0	3,098175E+0	-36,255016E-3	-85,345313E+0
70,300000E+0	0,000000E+0	-85,372142E+0	2,837938E+0	-45,125894E-3	-85,345313E+0
70,400000E+0	0,000000E+0	-85,352676E+0	3,200203E+0	-8,375112E-3	-85,359375E+0
70,500000E+0	0,000000E+0	-85,385118E+0	3,724576E+0	-13,444186E-3	-85,345313E+0
70,600000E+0	0,000000E+0	-85,261838E+0	2,799380E+0	-13,444186E-3	-85,359375E+0
70,700000E+0	0,000000E+0	-85,411072E+0	2,806229E+0	-38,789552E-3	-85,345313E+0
70,800000E+0	0,000000E+0	-85,411072E+0	2,862576E+0	9,366644E-3	-85,345313E+0
70,900000E+0	0,000000E+0	-85,385118E+0	2,523878E+0	-33,720479E-3	-85,359375E+0
71,000000E+0	0,000000E+0	-85,378630E+0	3,447799E+0	-41,324089E-3	-85,345313E+0
71,100000E+0	0,000000E+0	-85,378630E+0	2,269704E+0	-43,858626E-3	-85,359375E+0
71,200000E+0	0,000000E+0	-85,391607E+0	2,250663E+0	-42,591357E-3	-85,359375E+0
71,300000E+0	0,000000E+0	-85,385118E+0	2,753627E+0	-43,858626E-3	-85,345313E+0
71,400000E+0	0,000000E+0	-85,281303E+0	2,673121E+0	-31,185942E-3	-85,345313E+0
71,500000E+0	0,000000E+0	-85,339699E+0	2,774625E+0	-51,462236E-3	-85,345313E+0
71,600000E+0	0,000000E+0	-85,398095E+0	2,902563E+0	-42,591357E-3	-85,345313E+0
71,700000E+0	0,000000E+0	-85,385118E+0	3,079688E+0	-43,858626E-3	-85,345313E+0
71,800000E+0	0,000000E+0	-85,404584E+0	2,910521E+0	-40,056821E-3	-85,345313E+0
71,900000E+0	0,000000E+0	-85,404584E+0	3,735776E+0	-37,522284E-3	-85,345313E+0
72,000000E+0	0,000000E+0	-85,365653E+0	3,541924E+0	-42,591357E-3	-85,359375E+0
72,100000E+0	0,000000E+0	-85,346188E+0	3,687013E+0	-13,444186E-3	-85,345313E+0
72,200000E+0	0,000000E+0	-85,391607E+0	3,061976E+0	-36,255016E-3	-85,359375E+0
72,300000E+0	0,000000E+0	-85,404584E+0	2,838287E+0	-40,056821E-3	-85,345313E+0
72,400000E+0	0,000000E+0	-85,404584E+0	2,949675E+0	-40,056821E-3	-85,345313E+0
72,500000E+0	0,000000E+0	-85,359165E+0	2,912381E+0	-43,858626E-3	-85,345313E+0
72,600000E+0	0,000000E+0	-85,294280E+0	3,034616E+0	-15,978722E-3	-85,359375E+0
72,700000E+0	0,000000E+0	-85,313746E+0	3,320525E+0	-38,789552E-3	-85,345313E+0
72,800000E+0	0,000000E+0	-85,352676E+0	3,550208E+0	-41,324089E-3	-85,345313E+0
72,900000E+0	0,000000E+0	-85,385118E+0	2,311997E+0	-37,522284E-3	-85,345313E+0
73,000000E+0	0,000000E+0	-85,398095E+0	3,024020E+0	-29,918674E-3	-85,345313E+0
73,100000E+0	0,000000E+0	-85,391607E+0	3,030045E+0	-40,056821E-3	-85,345313E+0
73,200000E+0	0,000000E+0	-85,398095E+0	3,109867E+0	-18,513259E-3	-85,345313E+0
73,300000E+0	0,000000E+0	-85,385118E+0	2,626143E+0	-36,255016E-3	-85,359375E+0
73,400000E+0	0,000000E+0	-85,281303E+0	2,697880E+0	-32,453211E-3	-85,359375E+0
73,500000E+0	0,000000E+0	-85,313746E+0	3,816597E+0	-12,176917E-3	-85,359375E+0
73,600000E+0	0,000000E+0	-85,281303E+0	3,095434E+0	-31,185942E-3	-85,359375E+0
73,700000E+0	0,000000E+0	-85,294280E+0	2,604279E+0	-10,909649E-3	-85,359375E+0
73,800000E+0	0,000000E+0	-85,404584E+0	3,428919E+0	-23,582332E-3	-85,345313E+0
73,900000E+0	0,000000E+0	-85,398095E+0	3,185460E+0	-38,789552E-3	-85,345313E+0
74,000000E+0	0,000000E+0	-85,404584E+0	2,600847E+0	-37,522284E-3	-85,345313E+0
74,100000E+0	0,000000E+0	-85,391607E+0	3,356829E+0	-32,453211E-3	-85,359375E+0
74,200000E+0	0,000000E+0	-85,346188E+0	3,910854E+0	-10,909649E-3	-85,359375E+0
74,300000E+0	0,000000E+0	-85,398095E+0	3,007637E+0	-40,056821E-3	-85,359375E+0
74,400000E+0	0,000000E+0	-85,398095E+0	2,926820E+0	-18,513259E-3	-85,359375E+0
74,500000E+0	0,000000E+0	-85,320234E+0	3,512260E+0	-41,324089E-3	-85,345313E+0
74,600000E+0	0,000000E+0	-85,346188E+0	3,170098E+0	-40,056821E-3	-85,359375E+0
74,700000E+0	0,000000E+0	-85,398095E+0	3,560488E+0	-40,056821E-3	-85,345313E+0
74,800000E+0	0,000000E+0	-85,385118E+0	3,095615E+0	-37,522284E-3	-85,345313E+0
74,900000E+0	0,000000E+0	-85,404584E+0	3,137493E+0	-18,513259E-3	-85,359375E+0
75,000000E+0	0,000000E+0	-85,281303E+0	2,679639E+0	-36,255016E-3	-85,359375E+0
75,100000E+0	0,000000E+0	-85,287792E+0	2,674892E+0	-32,453211E-3	-85,359375E+0
75,200000E+0	0,000000E+0	-85,411072E+0	2,917696E+0	-22,315064E-3	-85,359375E+0
75,300000E+0	0,000000E+0	-85,300769E+0	2,508048E+0	-8,375112E-3	-85,359375E+0
75,400000E+0	0,000000E+0	-85,385118E+0	3,085278E+0	-38,789552E-3	-85,345313E+0
75,500000E+0	0,000000E+0	-85,404584E+0	2,738718E+0	-32,453211E-3	-85,359375E+0
75,600000E+0	0,000000E+0	-85,281303E+0	3,670430E+0	-31,185942E-3	-85,345313E+0
75,700000E+0	0,000000E+0	-85,411072E+0	3,134701E+0	-14,711454E-3	-85,345313E+0
75,800000E+0	0,000000E+0	-85,274815E+0	3,754944E+0	-17,245991E-3	-85,345313E+0
75,900000E+0	0,000000E+0	-85,346188E+0	2,815650E+0	-41,324089E-3	-85,359375E+0
76,000000E+0	0,000000E+0	-85,281303E+0	3,864854E+0	-29,918674E-3	-85,345313E+0
76,100000E+0	0,000000E+0	-85,385118E+0	3,353523E+0	-7,107844E-3	-85,359375E+0
76,200000E+0	0,000000E+0	-85,307257E+0	3,940331E+0	-7,107844E-3	-85,345313E+0
76,300000E+0	0,000000E+0	-85,398095E+0	3,045168E+0	-33,720479E-3	-85,359375E+0
76,400000E+0	0,000000E+0	-85,404584E+0	2,280948E+0	-40,056821E-3	-85,345313E+0
76,500000E+0	0,000000E+0	-85,391607E+0	3,361123E+0	-40,056821E-3	-85,345313E+0
76,600000E+0	0,000000E+0	-85,281303E+0	3,153357E+0	-29,918674E-3	-85,345313E+0
76,700000E+0	0,000000E+0	-85,411072E+0	2,922774E+0	-40,056821E-3	-85,345313E+0
76,800000E+0	0,000000E+0	-85,385118E+0	3,040245E+0	-13,444186E-3	-85,359375E+0
76,900000E+0	0,000000E+0	-85,274815E+0	3,487572E+0	-17,245991E-3	-85,345313E+0
77,000000E+0	0,000000E+0	-85,268327E+0	3,269738E+0	-22,315064E-3	-85,345313E+0
77,100000E+0	0,000000E+0	-85,378630E+0	3,533072E+0	-12,176917E-3	-85,345313E+0
77,200000E+0	0,000000E+0	-85,404584E+0	2,867935E+0	-41,324089E-3	-85,345313E+0
77,300000E+0	0,000000E+0	-85,411072E+0	3,224910E+0	-28,651406E-3	-85,345313E+0
77,400000E+0	0,000000E+0	-85,346188E+0	3,522921E+0	-9,642381E-3	-85,345313E+0
77,500000E+0	0,000000E+0	-85,391607E+0	2,980627E+0	-42,591357E-3	-85,345313E+0
77,600000E+0	0,000000E+0	-85,398095E+0	2,952711E+0	-37,522284E-3	-85,345313E+0
77,700000E+0	0,000000E+0	-85,398095E+0	3,024549E+0	-28,651406E-3	-85,345313E+0
77,800000E+0	0,000000E+0	-85,261838E+0	3,484467E+0	-19,780527E-3	-85,345313E+0
77,900000E+0	0,000000E+0	-85,378630E+0	2,925275E+0	-43,858626E-3	-85,345313E+0
78,000000E+0	0,000000E+0	-85,404584E+0	3,597451E+0	-38,789552E-3	-85,345313E+0
78,100000E+0	0,000000E+0	-85,359165E+0	2,475939E+0	-43,858626E-3	-85,345313E+0
78,200000E+0	0,000000E+0	-85,274815E+0	3,007530E+0	-21,047796E-3	-85,359375E+0
78,300000E+0	0,000000E+0	-85,417561E+0	3,195761E+0	-23,582332E-3	-85,345313E+0
78,400000E+0	0,000000E+0	-85,294280E+0	2,560428E+0	-59,065846E-3	-85,345313E+0
78,500000E+0	0,000000E+0	-85,378630E+0	3,047673E+0	-36,255016E-3	-85,345313E+0
78,600000E+0	0,000000E+0	-85,300769E+0	2,676213E+0	-33,720479E-3	-85,359375E+0
78,700000E+0	0,000000E+0	-85,300769E+0	2,674716E+0	-33,720479E-3	-85,359375E+0
78,800000E+0	0,000000E+0	-85,255350E+0	3,225100E+0	-19,780527E-3	-85,345313E+0
78,900000E+0	0,000000E+0	-85,391607E+0	3,275198E+0	-32,453211E-3	-85,345313E+0
79,000000E+0	0,000000E+0	-85,404584E+0	3,191213E+0	-38,789552E-3	-85,345313E+0
79,100000E+0	0,000000E+0	-85,398095E+0	3,927149E+0	-37,522284E-3	-85,345313E+0
79,200000E+0	0,000000E+0	-85,274815E+0	3,339579E+0	-12,176917E-3	-85,359375E+0
79,300000E+0	0,000000E+0	-85,365653E+0	3,015043E+0	-45,125894E-3	-85,345313E+0
79,400000E+0	0,000000E+0	-85,274815E+0	3,641999E+0	-29,918674E-3	-85,359375E+0
79,500000E+0	0,000000E+0	-85,372142E+0	3,283211E+0	-34,987747E-3	-85,345313E+0
79,600000E+0	0,000000E+0	-85,404584E+0	2,542889E+0	-38,789552E-3	-85,359375E+0
79,700000E+0	0,000000E+0	-85,359165E+0	2,850949E+0	-47,660431E-3	-85,345313E+0
79,800000E+0	0,000000E+0	-85,372142E+0	3,742201E+0	-42,591357E-3	-85,359375E+0
79,900000E+0	0,000000E+0	-85,287792E+0	3,068979E+0	-38,789552E-3	-85,345313E+0
80,000000E+0	0,000000E+0	-85,372142E+0	2,931688E+0	-46,393162E-3	-85,345313E+0
80,100000E+0	0,000000E+0	-85,378630E+0	2,998672E+0	-31,185942E-3	-85,345313E+0
80,200000E+0	0,000000E+0	-85,346188E+0	2,732193E+0	-43,858626E-3	-85,359375E+0
80,300000E+0	0,000000E+0	-85,313746E+0	2,949831E+0	-46,393162E-3	-85,345313E+0
80,400000E+0	0,000000E+0	-85,404584E+0	3,374227E+0	-22,315064E-3	-85,345313E+0
80,500000E+0	0,000000E+0	-85,398095E+0	3,378276E+0	-34,987747E-3	-85,345313E+0
80,600000E+0	0,000000E+0	-85,268327E+0	3,710243E+0	-23,582332E-3	-85,345313E+0
80,700000E+0	0,000000E+0	-85,372142E+0	3,266559E+0	-34,987747E-3	-85,345313E+0
80,800000E+0	0,000000E+0	-85,385118E+0	3,731302E+0	-9,642381E-3	-85,345313E+0
80,900000E+0	0,000000E+0	-85,372142E+0	2,741249E+0	-33,720479E-3	-85,359375E+0
81,000000E+0	0,000000E+0	-85,372142E+0	3,206489E+0	-36,255016E-3	-85,359375E+0
81,100000E+0	0,000000E+0	-85,300769E+0	3,081750E+0	-40,056821E-3	-85,345313E+0
81,200000E+0	0,000000E+0	-85,398095E+0	3,173742E+0	-40,056821E-3	-85,345313E+0
81,300000E+0	0,000000E+0	-85,411072E+0	3,157236E+0	-41,324089E-3	-85,345313E+0
81,400000E+0	0,000000E+0	-85,391607E+0	3,063328E+0	-43,858626E-3	-85,345313E+0
81,500000E+0	0,000000E+0	-85,287792E+0	3,811879E+0	-12,176917E-3	-85,345313E+0
81,600000E+0	0,000000E+0	-85,255350E+0	3,198816E+0	-15,978722E-3	-85,345313E+0
81,700000E+0	0,000000E+0	-85,339699E+0	3,992599E+0	-3,306039E-3	-85,345313E+0
81,800000E+0	0,000000E+0	-85,404584E+0	2,542211E+0	-34,987747E-3	-85,359375E+0
81,900000E+0	0,000000E+0	-85,346188E+0	2,902196E+0	-42,591357E-3	-85,345313E+0
82,000000E+0	0,000000E+0	-85,411072E+0	2,877947E+0	-42,591357E-3	-85,345313E+0
82,100000E+0	0,000000E+0	-85,287792E+0	3,017208E+0	-36,255016E-3	-85,345313E+0
82,200000E+0	0,000000E+0	-85,281303E+0	3,069018E+0	-31,185942E-3	-85,345313E+0
82,300000E+0	0,000000E+0	-85,391607E+0	3,560654E+0	-40,056821E-3	-85,345313E+0
82,400000E+0	0,000000E+0	-85,333211E+0	2,887902E+0	-45,125894E-3	-85,345313E+0
82,500000E+0	0,000000E+0	-85,372142E+0	2,649887E+0	-42,591357E-3	-85,345313E+0
82,600000E+0	0,000000E+0	-85,398095E+0	2,814340E+0	-40,056821E-3	-85,345313E+0
82,700000E+0	0,000000E+0	-85,398095E+0	2,881382E+0	-14,711454E-3	-85,345313E+0
82,800000E+0	0,000000E+0	-85,411072E+0	2,803986E+0	-22,315064E-3	-85,345313E+0
82,900000E+0	0,000000E+0	-85,320234E+0	2,821918E+0	-40,056821E-3	-85,345313E+0
83,000000E+0	0,000000E+0	-85,372142E+0	2,928693E+0	-8,375112E-3	-85,345313E+0
83,100000E+0	0,000000E+0	-85,398095E+0	2,229664E+0	-38,789552E-3	-85,345313E+0
83,200000E+0	0,000000E+0	-85,287792E+0	3,498369E+0	-28,651406E-3	-85,345313E+0
83,300000E+0	0,000000E+0	-85,294280E+0	3,054102E+0	-38,789552E-3	-85,345313E+0
83,400000E+0	0,000000E+0	-85,339699E+0	2,843148E+0	-45,125894E-3	-85,345313E+0
83,500000E+0	0,000000E+0	-85,261838E+0	3,198146E+0	-17,245991E-3	-85,345313E+0
83,600000E+0	0,000000E+0	-85,385118E+0	2,937898E+0	-41,324089E-3	-85,345313E+0
83,700000E+0	0,000000E+0	-85,261838E+0	3,150328E+0	-13,444186E-3	-85,359375E+0
83,800000E+0	0,000000E+0	-85,287792E+0	3,187786E+0	-31,185942E-3	-85,345313E+0
83,900000E+0	0,000000E+0	-85,404584E+0	3,748561E+0	-34,987747E-3	-85,345313E+0
84,000000E+0	0,000000E+0	-85,378630E+0	2,451077E+0	-61,600382E-3	-85,345313E+0
84,100000E+0	0,000000E+0	-85,391607E+0	3,104650E+0	-15,978722E-3	-85,359375E+0
84,200000E+0	0,000000E+0	-85,398095E+0	3,746109E+0	-12,176917E-3	-85,345313E+0
84,300000E+0	0,000000E+0	-85,391607E+0	2,516502E+0	-36,255016E-3	-85,359375E+0
84,400000E+0	0,000000E+0	-85,404584E+0	3,596246E+0	-19,780527E-3	-85,345313E+0
84,500000E+0	0,000000E+0	-85,385118E+0	3,186365E+0	-43,858626E-3	-85,345313E+0
84,600000E+0	0,000000E+0	-85,404584E+0	3,439295E+0	-34,987747E-3	-85,345313E+0
84,700000E+0	0,000000E+0	-85,404584E+0	2,739588E+0	-36,255016E-3	-85,359375E+0
84,800000E+0	0,000000E+0	-85,274815E+0	3,709763E+0	-21,047796E-3	-85,345313E+0
84,900000E+0	0,000000E+0	-85,274815E+0	3,906517E+0	-13,444186E-3	-85,345313E+0
85,000000E+0	0,000000E+0	-85,411072E+0	3,203939E+0	-23,582332E-3	-85,345313E+0
85,100000E+0	0,000000E+0	-85,255350E+0	3,954417E+0	-14,711454E-3	-85,345313E+0
85,200000E+0	0,000000E+0	-85,385118E+0	3,205624E+0	-37,522284E-3	-85,345313E+0
85,300000E+0	0,000000E+0	-85,385118E+0	3,285186E+0	-36,255016E-3	-85,345313E+0
85,400000E+0	0,000000E+0	-85,307257E+0	3,674474E+0	-40,056821E-3	-85,359375E+0
85,500000E+0	0,000000E+0	-85,385118E+0	3,079078E+0	-41,324089E-3	-85,345313E+0
85,600000E+0	0,000000E+0	-85,372142E+0	3,416949E+0	-38,789552E-3	-85,345313E+0
85,700000E+0	0,000000E+0	-85,261838E+0	3,901018E+0	-12,176917E-3	-85,345313E+0
85,800000E+0	0,000000E+0	-85,391607E+0	3,318667E+0	-37,522284E-3	-85,345313E+0
85,900000E+0	0,000000E+0	-85,300769E+0	3,355581E+0	-36,255016E-3	-85,345313E+0
86,000000E+0	0,000000E+0	-85,274815E+0	2,456090E+0	-33,720479E-3	-85,359375E+0
86,100000E+0	0,000000E+0	-85,352676E+0	3,379796E+0	-10,909649E-3	-85,359375E+0
86,200000E+0	0,000000E+0	-85,391607E+0	3,756589E+0	-37,522284E-3	-85,345313E+0
86,300000E+0	0,000000E+0	-85,261838E+0	3,818575E+0	-14,711454E-3	-85,345313E+0
86,400000E+0	0,000000E+0	-85,385118E+0	3,634707E+0	-64,134919E-3	-85,345313E+0
86,500000E+0	0,000000E+0	-85,365653E+0	2,493146E+0	-42,591357E-3	-85,359375E+0
86,600000E+0	0,000000E+0	-85,326722E+0	3,787164E+0	-42,591357E-3	-85,345313E+0
86,700000E+0	0,000000E+0	-85,287792E+0	3,128586E+0	-40,056821E-3	-85,345313E+0
86,800000E+0	0,000000E+0	-85,268327E+0	3,092134E+0	-19,780527E-3	-85,345313E+0
86,900000E+0	0,000000E+0	-85,391607E+0	3,258456E+0	-37,522284E-3	-85,345313E+0
87,000000E+0	0,000000E+0	-85,398095E+0	3,279207E+0	-37,522284E-3	-85,345313E+0
87,100000E+0	0,000000E+0	-85,268327E+0	2,904814E+0	-28,651406E-3	-85,359375E+0
87,200000E+0	0,000000E+0	-85,281303E+0	3,815194E+0	-10,909649E-3	-85,359375E+0
87,300000E+0	0,000000E+0	-85,326722E+0	3,205598E+0	-10,909649E-3	-85,345313E+0
87,400000E+0	0,000000E+0	-85,281303E+0	3,214480E+0	-32,453211E-3	-85,345313E+0
87,500000E+0	0,000000E+0	-85,378630E+0	2,359342E+0	-38,789552E-3	-85,359375E+0
87,600000E+0	0,000000E+0	-85,333211E+0	2,913964E+0	-43,858626E-3	-85,345313E+0
87,700000E+0	0,000000E+0	-85,261838E+0	3,359308E+0	-22,315064E-3	-85,345313E+0
87,800000E+0	0,000000E+0	-85,398095E+0	3,182189E+0	-36,255016E-3	-85,345313E+0
87,900000E+0	0,000000E+0	-85,404584E+0	3,845723E+0	-36,255016E-3	-85,345313E+0
88,000000E+0	0,000000E+0	-85,404584E+0	2,691585E+0	-37,522284E-3	-85,359375E+0
88,100000E+0	0,000000E+0	-85,391607E+0	4,009407E+0	-41,324089E-3	-85,359375E+0
88,200000E+0	0,000000E+0	-85,398095E+0	3,362848E+0	-36,255016E-3	-85,345313E+0
88,300000E+0	0,000000E+0	-85,268327E+0	3,703436E+0	-22,315064E-3	-85,345313E+0
88,400000E+0	0,000000E+0	-85,339699E+0	3,305161E+0	-7,107844E-3	-85,345313E+0
88,500000E+0	0,000000E+0	-85,287792E+0	3,200658E+0	-34,987747E-3	-85,345313E+0
88,600000E+0	0,000000E+0	-85,307257E+0	2,567473E+0	-37,522284E-3	-85,359375E+0
88,700000E+0	0,000000E+0	-85,378630E+0	2,463390E+0	-41,324089E-3	-85,359375E+0
88,800000E+0	0,000000E+0	-85,320234E+0	3,228959E+0	-43,858626E-3	-85,359375E+0
88,900000E+0	0,000000E+0	-85,378630E+0	3,415392E+0	-48,927699E-3	-85,359375E+0
89,000000E+0	0,000000E+0	-85,391607E+0	3,068478E+0	-40,056821E-3	-85,345313E+0
89,100000E+0	0,000000E+0	-85,404584E+0	2,933481E+0	-38,789552E-3	-85,345313E+0
89,200000E+0	0,000000E+0	-85,313746E+0	3,143015E+0	-9,642381E-3	-85,345313E+0
89,300000E+0	0,000000E+0	-85,307257E+0	2,664963E+0	-41,324089E-3	-85,345313E+0
89,400000E+0	0,000000E+0	-85,313746E+0	3,840364E+0	-43,858626E-3	-85,359375E+0
89,500000E+0	0,000000E+0	-85,378630E+0	2,722596E+0	-45,125894E-3	-85,345313E+0
89,600000E+0	0,000000E+0	-85,307257E+0	3,224116E+0	-29,918674E-3	-85,345313E+0
89,700000E+0	0,000000E+0	-85,372142E+0	3,171222E+0	-9,642381E-3	-85,345313E+0
89,800000E+0	0,000000E+0	-85,385118E+0	3,221029E+0	-38,789552E-3	-85,345313E+0
89,900000E+0	0,000000E+0	-85,417561E+0	2,480074E+0	-36,255016E-3	-85,345313E+0
90,000000E+0	0,000000E+0	-85,359165E+0	2,394340E+0	-40,056821E-3	-85,359375E+0
90,100000E+0	0,000000E+0	-85,411072E+0	2,242210E+0	-36,255016E-3	-85,359375E+0
90,200000E+0	0,000000E+0	-85,398095E+0	3,536816E+0	-37,522284E-3	-85,345313E+0
90,300000E+0	0,000000E+0	-85,391607E+0	2,999016E+0	-38,789552E-3	-85,345313E+0
90,400000E+0	0,000000E+0	-85,404584E+0	3,870487E+0	-43,858626E-3	-85,345313E+0
90,500000E+0	0,000000E+0	-85,398095E+0	2,985184E+0	-42,591357E-3	-85,345313E+0
90,600000E+0	0,000000E+0	-85,339699E+0	3,198596E+0	-42,591357E-3	-85,345313E+0
90,700000E+0	0,000000E+0	-85,261838E+0	3,953793E+0	-23,582332E-3	-85,345313E+0
90,800000E+0	0,000000E+0	-85,404584E+0	3,234826E+0	-37,522284E-3	-85,345313E+0
90,900000E+0	0,000000E+0	-85,417561E+0	3,643731E+0	-21,047796E-3	-85,345313E+0
91,000000E+0	0,000000E+0	-85,404584E+0	3,829391E+0	-18,513259E-3	-85,345313E+0
91,100000E+0	0,000000E+0	-85,268327E+0	3,723065E+0	-17,245991E-3	-85,345313E+0
91,200000E+0	0,000000E+0	-85,398095E+0	3,148002E+0	-36,255016E-3	-85,345313E+0
91,300000E+0	0,000000E+0	-85,365653E+0	3,068737E+0	-42,591357E-3	-85,345313E+0
91,400000E+0	0,000000E+0	-85,385118E+0	3,052757E+0	-43,858626E-3	-85,345313E+0
91,500000E+0	0,000000E+0	-85,359165E+0	3,302944E+0	-41,324089E-3	-85,345313E+0
91,600000E+0	0,000000E+0	-85,404584E+0	3,283562E+0	-38,789552E-3	-85,345313E+0
91,700000E+0	0,000000E+0	-85,274815E+0	2,914257E+0	-28,651406E-3	-85,345313E+0
91,800000E+0	0,000000E+0	-85,391607E+0	3,046010E+0	-22,315064E-3	-85,345313E+0
91,900000E+0	0,000000E+0	-85,274815E+0	3,429679E+0	-26,116869E-3	-85,345313E+0
92,000000E+0	0,000000E+0	-85,333211E+0	3,035105E+0	-41,324089E-3	-85,345313E+0
92,100000E+0	0,000000E+0	-85,417561E+0	3,092479E+0	-40,056821E-3	-85,345313E+0
92,200000E+0	0,000000E+0	-85,287792E+0	3,211267E+0	-34,987747E-3	-85,345313E+0
92,300000E+0	0,000000E+0	-85,404584E+0	3,014013E+0	-41,324089E-3	-85,345313E+0
92,400000E+0	0,000000E+0	-85,274815E+0	3,729293E+0	-14,711454E-3	-85,345313E+0
92,500000E+0	0,000000E+0	-85,255350E+0	3,481134E+0	-14,711454E-3	-85,345313E+0
92,600000E+0	5,000000E+0	0,000000E+0	100,000000E-3	-18,513259E-3	-85,345313E+0
