t [s] || setpoint speed [rot. s^-1] || setpoint pos [°] || duty cycle [%] || Ang Speed [rot. s^-1] ||
Ang Pos [°]
0.000000E+0	0.000000E+0	0.000000E+0	25.000000E+0	-3.306039E-3	165.644522E+3
100.000000E-3	0.000000E+0	0.000000E+0	25.000000E+0	520.075760E-3	165.645211E+3
200.000000E-3	0.000000E+0	0.000000E+0	25.000000E+0	626.526290E-3	165.645675E+3
300.000000E-3	0.000000E+0	0.000000E+0	25.000000E+0	953.481482E-3	165.646870E+3
400.000000E-3	0.000000E+0	0.000000E+0	25.000000E+0	1.029518E+0	165.648375E+3
500.000000E-3	0.000000E+0	0.000000E+0	25.000000E+0	1.261428E+0	165.650189E+3
600.000000E-3	0.000000E+0	0.000000E+0	25.000000E+0	1.476863E+0	165.652242E+3
700.000000E-3	0.000000E+0	0.000000E+0	25.000000E+0	1.639074E+0	165.654520E+3
800.000000E-3	0.000000E+0	0.000000E+0	25.000000E+0	1.789878E+0	165.656995E+3
900.000000E-3	0.000000E+0	0.000000E+0	25.000000E+0	1.816491E+0	165.659611E+3
1.000000E+0	0.000000E+0	0.000000E+0	25.000000E+0	1.906467E+0	165.662339E+3
1.100000E+0	0.000000E+0	0.000000E+0	25.000000E+0	1.621332E+0	165.665250E+3
1.200000E+0	0.000000E+0	0.000000E+0	25.000000E+0	2.076281E+0	165.668203E+3
1.300000E+0	0.000000E+0	0.000000E+0	25.000000E+0	2.189068E+0	165.671269E+3
1.400000E+0	0.000000E+0	0.000000E+0	25.000000E+0	2.049668E+0	165.674391E+3
1.500000E+0	0.000000E+0	0.000000E+0	25.000000E+0	2.190335E+0	165.677583E+3
1.600000E+0	0.000000E+0	0.000000E+0	25.000000E+0	2.376623E+0	165.680845E+3
1.700000E+0	0.000000E+0	0.000000E+0	25.000000E+0	2.035728E+0	165.684192E+3
1.800000E+0	0.000000E+0	0.000000E+0	25.000000E+0	2.386762E+0	165.687567E+3
1.900000E+0	0.000000E+0	0.000000E+0	25.000000E+0	2.408305E+0	165.691027E+3
2.000000E+0	0.000000E+0	0.000000E+0	25.000000E+0	2.306924E+0	165.694472E+3
2.100000E+0	0.000000E+0	0.000000E+0	25.000000E+0	2.418443E+0	165.698030E+3
2.200000E+0	0.000000E+0	0.000000E+0	25.000000E+0	2.389296E+0	165.701587E+3
2.300000E+0	0.000000E+0	0.000000E+0	25.000000E+0	2.575585E+0	165.705173E+3
2.400000E+0	0.000000E+0	0.000000E+0	25.000000E+0	2.352545E+0	165.708773E+3
2.500000E+0	0.000000E+0	0.000000E+0	25.000000E+0	2.448858E+0	165.712458E+3
2.600000E+0	0.000000E+0	0.000000E+0	25.000000E+0	2.475470E+0	165.716114E+3
2.700000E+0	0.000000E+0	0.000000E+0	25.000000E+0	2.565446E+0	165.719756E+3
2.800000E+0	0.000000E+0	0.000000E+0	25.000000E+0	2.522359E+0	165.723427E+3
2.900000E+0	0.000000E+0	0.000000E+0	25.000000E+0	2.390563E+0	165.727195E+3
3.000000E+0	0.000000E+0	0.000000E+0	25.000000E+0	2.593326E+0	165.730894E+3
3.100000E+0	0.000000E+0	0.000000E+0	25.000000E+0	2.461530E+0	165.734592E+3
3.200000E+0	0.000000E+0	0.000000E+0	25.000000E+0	2.644017E+0	165.738333E+3
3.300000E+0	0.000000E+0	0.000000E+0	25.000000E+0	2.159921E+0	165.742130E+3
3.400000E+0	0.000000E+0	0.000000E+0	25.000000E+0	2.593326E+0	165.745927E+3
3.500000E+0	0.000000E+0	0.000000E+0	25.000000E+0	2.625008E+0	165.749681E+3
3.600000E+0	0.000000E+0	0.000000E+0	25.000000E+0	2.573050E+0	165.753464E+3
3.700000E+0	0.000000E+0	0.000000E+0	25.000000E+0	2.642750E+0	165.757289E+3
3.800000E+0	0.000000E+0	0.000000E+0	25.000000E+0	2.276509E+0	165.761100E+3
3.900000E+0	0.000000E+0	0.000000E+0	25.000000E+0	2.722588E+0	165.764883E+3
4.000000E+0	0.000000E+0	0.000000E+0	25.000000E+0	2.569248E+0	165.768722E+3
4.100000E+0	0.000000E+0	0.000000E+0	25.000000E+0	2.670630E+0	165.772561E+3
4.200000E+0	0.000000E+0	0.000000E+0	25.000000E+0	2.666828E+0	165.776386E+3
4.300000E+0	0.000000E+0	0.000000E+0	25.000000E+0	2.333536E+0	165.780197E+3
4.400000E+0	0.000000E+0	0.000000E+0	25.000000E+0	2.730191E+0	165.784092E+3
4.500000E+0	0.000000E+0	0.000000E+0	25.000000E+0	2.548972E+0	165.787959E+3
4.600000E+0	0.000000E+0	0.000000E+0	25.000000E+0	2.714984E+0	165.791770E+3
4.700000E+0	0.000000E+0	0.000000E+0	25.000000E+0	2.663026E+0	165.795623E+3
4.800000E+0	0.000000E+0	0.000000E+0	25.000000E+0	2.285380E+0	165.799519E+3
4.900000E+0	0.000000E+0	0.000000E+0	25.000000E+0	2.693440E+0	165.803400E+3
5.000000E+0	0.000000E+0	0.000000E+0	25.000000E+0	2.703579E+0	165.807267E+3
5.100000E+0	0.000000E+0	0.000000E+0	25.000000E+0	2.589524E+0	165.811177E+3
5.200000E+0	0.000000E+0	0.000000E+0	25.000000E+0	2.761873E+0	165.815114E+3
5.300000E+0	0.000000E+0	0.000000E+0	25.000000E+0	2.493212E+0	165.819023E+3
5.400000E+0	0.000000E+0	0.000000E+0	25.000000E+0	2.646552E+0	165.822905E+3
5.500000E+0	0.000000E+0	0.000000E+0	25.000000E+0	2.756804E+0	165.826856E+3
5.600000E+0	0.000000E+0	0.000000E+0	25.000000E+0	2.437452E+0	165.830780E+3
5.700000E+0	0.000000E+0	0.000000E+0	25.000000E+0	2.808762E+0	165.834675E+3
5.800000E+0	0.000000E+0	0.000000E+0	25.000000E+0	2.598395E+0	165.838584E+3
5.900000E+0	0.000000E+0	0.000000E+0	25.000000E+0	2.441254E+0	165.842550E+3
6.000000E+0	0.000000E+0	0.000000E+0	25.000000E+0	2.717519E+0	165.846473E+3
6.100000E+0	0.000000E+0	0.000000E+0	25.000000E+0	2.693440E+0	165.850369E+3
6.200000E+0	0.000000E+0	0.000000E+0	25.000000E+0	2.642750E+0	165.854306E+3
6.300000E+0	0.000000E+0	0.000000E+0	25.000000E+0	2.761873E+0	165.858258E+3
6.400000E+0	0.000000E+0	0.000000E+0	25.000000E+0	2.503350E+0	165.862167E+3
6.500000E+0	0.000000E+0	0.000000E+0	25.000000E+0	2.646552E+0	165.866062E+3
6.600000E+0	0.000000E+0	0.000000E+0	25.000000E+0	2.766942E+0	165.870014E+3
6.700000E+0	0.000000E+0	0.000000E+0	25.000000E+0	2.433651E+0	165.873994E+3
6.800000E+0	0.000000E+0	0.000000E+0	25.000000E+0	2.815098E+0	165.877889E+3
6.900000E+0	0.000000E+0	0.000000E+0	25.000000E+0	2.675699E+0	165.881827E+3
7.000000E+0	0.000000E+0	0.000000E+0	25.000000E+0	2.410840E+0	165.885806E+3
7.100000E+0	0.000000E+0	0.000000E+0	25.000000E+0	2.704846E+0	165.889758E+3
7.200000E+0	0.000000E+0	0.000000E+0	25.000000E+0	2.726389E+0	165.893639E+3
7.300000E+0	0.000000E+0	0.000000E+0	25.000000E+0	2.623741E+0	165.897605E+3
7.400000E+0	0.000000E+0	0.000000E+0	25.000000E+0	2.792287E+0	165.901584E+3
7.500000E+0	0.000000E+0	0.000000E+0	25.000000E+0	2.540101E+0	165.905508E+3
7.600000E+0	0.000000E+0	0.000000E+0	25.000000E+0	2.597128E+0	165.909403E+3
7.700000E+0	0.000000E+0	0.000000E+0	25.000000E+0	2.766942E+0	165.913383E+3
7.800000E+0	0.000000E+0	0.000000E+0	25.000000E+0	2.401969E+0	165.917334E+3
7.900000E+0	0.000000E+0	0.000000E+0	25.000000E+0	2.802426E+0	165.921272E+3
8.000000E+0	0.000000E+0	0.000000E+0	25.000000E+0	2.699777E+0	165.925195E+3
8.100000E+0	0.000000E+0	0.000000E+0	25.000000E+0	2.353813E+0	165.929189E+3
8.200000E+0	0.000000E+0	0.000000E+0	25.000000E+0	2.730191E+0	165.933141E+3
8.300000E+0	0.000000E+0	0.000000E+0	25.000000E+0	2.788486E+0	165.937064E+3
8.400000E+0	0.000000E+0	0.000000E+0	25.000000E+0	2.550239E+0	165.941030E+3
8.500000E+0	0.000000E+0	0.000000E+0	25.000000E+0	2.789753E+0	165.945009E+3
8.600000E+0	0.000000E+0	0.000000E+0	25.000000E+0	2.665561E+0	165.948947E+3
8.700000E+0	0.000000E+0	0.000000E+0	25.000000E+0	2.472936E+0	165.952870E+3
8.800000E+0	0.000000E+0	0.000000E+0	25.000000E+0	2.770744E+0	165.956864E+3
8.900000E+0	0.000000E+0	0.000000E+0	25.000000E+0	2.668095E+0	165.960858E+3
9.000000E+0	0.000000E+0	0.000000E+0	25.000000E+0	2.687104E+0	165.964725E+3
9.100000E+0	0.000000E+0	0.000000E+0	25.000000E+0	2.764407E+0	165.968705E+3
9.200000E+0	0.000000E+0	0.000000E+0	25.000000E+0	2.523627E+0	165.972698E+3
9.300000E+0	0.000000E+0	0.000000E+0	25.000000E+0	2.612335E+0	165.976664E+3
9.400000E+0	0.000000E+0	0.000000E+0	25.000000E+0	2.830305E+0	165.980602E+3
9.500000E+0	0.000000E+0	0.000000E+0	25.000000E+0	2.439987E+0	165.984567E+3
9.600000E+0	0.000000E+0	0.000000E+0	25.000000E+0	2.775813E+0	165.988547E+3
9.700000E+0	0.000000E+0	0.000000E+0	25.000000E+0	2.789753E+0	165.992498E+3
9.800000E+0	0.000000E+0	0.000000E+0	25.000000E+0	2.294251E+0	165.996478E+3
9.900000E+0	0.000000E+0	0.000000E+0	25.000000E+0	2.699777E+0	166.000472E+3
10.000000E+0	0.000000E+0	0.000000E+0	25.000000E+0	2.802426E+0	166.004480E+3
10.100000E+0	0.000000E+0	0.000000E+0	25.000000E+0	2.460263E+0	166.008403E+3
10.200000E+0	0.000000E+0	0.000000E+0	25.000000E+0	2.749200E+0	166.012397E+3
10.300000E+0	0.000000E+0	0.000000E+0	25.000000E+0	2.756804E+0	166.016405E+3
10.400000E+0	0.000000E+0	0.000000E+0	25.000000E+0	2.338605E+0	166.020384E+3
10.500000E+0	0.000000E+0	0.000000E+0	25.000000E+0	2.751735E+0	166.024392E+3
10.600000E+0	0.000000E+0	0.000000E+0	25.000000E+0	2.813831E+0	166.028414E+3
10.700000E+0	0.000000E+0	0.000000E+0	25.000000E+0	2.471669E+0	166.032436E+3
10.800000E+0	0.000000E+0	0.000000E+0	25.000000E+0	2.850582E+0	166.036402E+3
10.900000E+0	0.000000E+0	0.000000E+0	25.000000E+0	2.750468E+0	166.040409E+3
11.000000E+0	0.000000E+0	0.000000E+0	25.000000E+0	2.298053E+0	166.044473E+3
11.100000E+0	0.000000E+0	0.000000E+0	25.000000E+0	2.697242E+0	166.048467E+3
11.200000E+0	0.000000E+0	0.000000E+0	25.000000E+0	2.851849E+0	166.052461E+3
11.300000E+0	0.000000E+0	0.000000E+0	25.000000E+0	2.407038E+0	166.056497E+3
11.400000E+0	0.000000E+0	0.000000E+0	25.000000E+0	2.820167E+0	166.060519E+3
11.500000E+0	0.000000E+0	0.000000E+0	25.000000E+0	2.834107E+0	166.064498E+3
11.600000E+0	0.000000E+0	0.000000E+0	25.000000E+0	2.448858E+0	166.068506E+3
11.700000E+0	0.000000E+0	0.000000E+0	25.000000E+0	2.664293E+0	166.072556E+3
11.800000E+0	0.000000E+0	0.000000E+0	25.000000E+0	2.817633E+0	166.076522E+3
11.900000E+0	0.000000E+0	0.000000E+0	25.000000E+0	2.464065E+0	166.080516E+3
12.000000E+0	0.000000E+0	0.000000E+0	25.000000E+0	2.741597E+0	166.084495E+3
12.100000E+0	0.000000E+0	0.000000E+0	25.000000E+0	2.820167E+0	166.088545E+3
12.200000E+0	0.000000E+0	0.000000E+0	25.000000E+0	2.229620E+0	166.092497E+3
12.300000E+0	0.000000E+0	0.000000E+0	25.000000E+0	2.713717E+0	166.096462E+3
12.400000E+0	0.000000E+0	0.000000E+0	25.000000E+0	2.820167E+0	166.100484E+3
12.500000E+0	0.000000E+0	0.000000E+0	25.000000E+0	2.424780E+0	166.104478E+3
12.600000E+0	0.000000E+0	0.000000E+0	25.000000E+0	2.766942E+0	166.108430E+3
12.700000E+0	0.000000E+0	0.000000E+0	25.000000E+0	2.753002E+0	166.112409E+3
12.800000E+0	0.000000E+0	0.000000E+0	25.000000E+0	2.285380E+0	166.116417E+3
12.900000E+0	0.000000E+0	0.000000E+0	25.000000E+0	2.692173E+0	166.120383E+3
13.000000E+0	0.000000E+0	0.000000E+0	25.000000E+0	2.787218E+0	166.124334E+3
13.100000E+0	0.000000E+0	0.000000E+0	25.000000E+0	2.446323E+0	166.128328E+3
13.200000E+0	0.000000E+0	0.000000E+0	25.000000E+0	2.831573E+0	166.132322E+3
13.300000E+0	0.000000E+0	0.000000E+0	25.000000E+0	2.765675E+0	166.136288E+3
13.400000E+0	0.000000E+0	0.000000E+0	25.000000E+0	2.344942E+0	166.140253E+3
13.500000E+0	0.000000E+0	0.000000E+0	25.000000E+0	2.760606E+0	166.144261E+3
13.600000E+0	0.000000E+0	0.000000E+0	25.000000E+0	2.732726E+0	166.148269E+3
13.700000E+0	0.000000E+0	0.000000E+0	25.000000E+0	2.599663E+0	166.152206E+3
13.800000E+0	0.000000E+0	0.000000E+0	25.000000E+0	2.822702E+0	166.156200E+3
13.900000E+0	0.000000E+0	0.000000E+0	25.000000E+0	2.704846E+0	166.160208E+3
14.000000E+0	0.000000E+0	0.000000E+0	25.000000E+0	2.453927E+0	166.164173E+3
14.100000E+0	0.000000E+0	0.000000E+0	25.000000E+0	2.779615E+0	166.168153E+3
14.200000E+0	0.000000E+0	0.000000E+0	25.000000E+0	2.746666E+0	166.172175E+3
14.300000E+0	0.000000E+0	0.000000E+0	25.000000E+0	2.588257E+0	166.176183E+3
14.400000E+0	0.000000E+0	0.000000E+0	25.000000E+0	2.837909E+0	166.180163E+3
14.500000E+0	0.000000E+0	0.000000E+0	25.000000E+0	2.678233E+0	166.184156E+3
14.600000E+0	0.000000E+0	0.000000E+0	25.000000E+0	2.428581E+0	166.188220E+3
14.700000E+0	0.000000E+0	0.000000E+0	25.000000E+0	2.751735E+0	166.192186E+3
14.800000E+0	0.000000E+0	0.000000E+0	25.000000E+0	2.825236E+0	166.196152E+3
14.900000E+0	0.000000E+0	0.000000E+0	25.000000E+0	2.574317E+0	166.200202E+3
15.000000E+0	0.000000E+0	0.000000E+0	25.000000E+0	2.840444E+0	166.204195E+3
15.100000E+0	0.000000E+0	0.000000E+0	25.000000E+0	2.709915E+0	166.208175E+3
15.200000E+0	0.000000E+0	0.000000E+0	25.000000E+0	2.434918E+0	166.212155E+3
15.300000E+0	0.000000E+0	0.000000E+0	25.000000E+0	2.760606E+0	166.216191E+3
15.400000E+0	0.000000E+0	0.000000E+0	25.000000E+0	2.741597E+0	166.220198E+3
15.500000E+0	0.000000E+0	0.000000E+0	25.000000E+0	2.642750E+0	166.224192E+3
15.600000E+0	0.000000E+0	0.000000E+0	25.000000E+0	2.815098E+0	166.228158E+3
15.700000E+0	0.000000E+0	0.000000E+0	25.000000E+0	2.749200E+0	166.232208E+3
15.800000E+0	0.000000E+0	0.000000E+0	25.000000E+0	2.417176E+0	166.236216E+3
15.900000E+0	0.000000E+0	0.000000E+0	25.000000E+0	2.766942E+0	166.240181E+3
16.000000E+0	0.000000E+0	0.000000E+0	25.000000E+0	2.798624E+0	166.244203E+3
16.100000E+0	0.000000E+0	0.000000E+0	25.000000E+0	2.585723E+0	166.248253E+3
16.200000E+0	0.000000E+0	0.000000E+0	25.000000E+0	2.878462E+0	166.252219E+3
16.300000E+0	0.000000E+0	0.000000E+0	25.000000E+0	2.680768E+0	166.256212E+3
16.400000E+0	0.000000E+0	0.000000E+0	25.000000E+0	2.424780E+0	166.260291E+3
16.500000E+0	0.000000E+0	0.000000E+0	25.000000E+0	2.731458E+0	166.264284E+3
16.600000E+0	0.000000E+0	0.000000E+0	25.000000E+0	2.793555E+0	166.268222E+3
16.700000E+0	0.000000E+0	0.000000E+0	25.000000E+0	2.554041E+0	166.272272E+3
16.800000E+0	0.000000E+0	0.000000E+0	25.000000E+0	2.849314E+0	166.276280E+3
16.900000E+0	0.000000E+0	0.000000E+0	25.000000E+0	2.756804E+0	166.280259E+3
17.000000E+0	0.000000E+0	0.000000E+0	25.000000E+0	2.371554E+0	166.284253E+3
17.100000E+0	0.000000E+0	0.000000E+0	25.000000E+0	2.731458E+0	166.288289E+3
17.200000E+0	0.000000E+0	0.000000E+0	25.000000E+0	2.779615E+0	166.292353E+3
17.300000E+0	0.000000E+0	0.000000E+0	25.000000E+0	2.585723E+0	166.296305E+3
17.400000E+0	0.000000E+0	0.000000E+0	25.000000E+0	2.810029E+0	166.300312E+3
17.500000E+0	0.000000E+0	0.000000E+0	25.000000E+0	2.759338E+0	166.304348E+3
17.600000E+0	0.000000E+0	0.000000E+0	25.000000E+0	2.310726E+0	166.308384E+3
17.700000E+0	0.000000E+0	0.000000E+0	25.000000E+0	2.751735E+0	166.312350E+3
17.800000E+0	0.000000E+0	0.000000E+0	25.000000E+0	2.803693E+0	166.316414E+3
17.900000E+0	0.000000E+0	0.000000E+0	25.000000E+0	2.476738E+0	166.320436E+3
18.000000E+0	0.000000E+0	0.000000E+0	25.000000E+0	2.872125E+0	166.324402E+3
18.100000E+0	0.000000E+0	0.000000E+0	25.000000E+0	2.747933E+0	166.328423E+3
18.200000E+0	0.000000E+0	0.000000E+0	25.000000E+0	2.265104E+0	166.332459E+3
18.300000E+0	0.000000E+0	0.000000E+0	25.000000E+0	2.678233E+0	166.336495E+3
18.400000E+0	0.000000E+0	0.000000E+0	25.000000E+0	2.865789E+0	166.340461E+3
18.500000E+0	0.000000E+0	0.000000E+0	25.000000E+0	2.386762E+0	166.344511E+3
18.600000E+0	0.000000E+0	0.000000E+0	25.000000E+0	2.846780E+0	166.348533E+3
18.700000E+0	0.000000E+0	0.000000E+0	25.000000E+0	2.858185E+0	166.352527E+3
18.800000E+0	0.000000E+0	0.000000E+0	25.000000E+0	2.460263E+0	166.356520E+3
18.900000E+0	0.000000E+0	0.000000E+0	75.000000E+0	2.868323E+0	166.360584E+3
19.000000E+0	0.000000E+0	0.000000E+0	75.000000E+0	3.782023E+0	166.365998E+3
19.100000E+0	0.000000E+0	0.000000E+0	75.000000E+0	5.800781E+0	166.373536E+3
19.200000E+0	0.000000E+0	0.000000E+0	75.000000E+0	6.936252E+0	166.383028E+3
19.300000E+0	0.000000E+0	0.000000E+0	75.000000E+0	7.964006E+0	166.394250E+3
19.400000E+0	0.000000E+0	0.000000E+0	75.000000E+0	8.269417E+0	166.406920E+3
19.500000E+0	0.000000E+0	0.000000E+0	75.000000E+0	9.757189E+0	166.421011E+3
19.600000E+0	0.000000E+0	0.000000E+0	75.000000E+0	10.496006E+0	166.436128E+3
19.700000E+0	0.000000E+0	0.000000E+0	75.000000E+0	10.497273E+0	166.452117E+3
19.800000E+0	0.000000E+0	0.000000E+0	75.000000E+0	11.455327E+0	166.469020E+3
19.900000E+0	0.000000E+0	0.000000E+0	75.000000E+0	11.898870E+0	166.486570E+3
20.000000E+0	0.000000E+0	0.000000E+0	75.000000E+0	12.299326E+0	166.504823E+3
20.100000E+0	0.000000E+0	0.000000E+0	75.000000E+0	13.024203E+0	166.523695E+3
20.200000E+0	0.000000E+0	0.000000E+0	75.000000E+0	12.981116E+0	166.543172E+3
20.300000E+0	0.000000E+0	0.000000E+0	75.000000E+0	12.538840E+0	166.563098E+3
20.400000E+0	0.000000E+0	0.000000E+0	75.000000E+0	14.679253E+0	166.583194E+3
20.500000E+0	0.000000E+0	0.000000E+0	75.000000E+0	12.687110E+0	166.603767E+3
20.600000E+0	0.000000E+0	0.000000E+0	75.000000E+0	13.883410E+0	166.624748E+3
20.700000E+0	0.000000E+0	0.000000E+0	75.000000E+0	15.040424E+0	166.646095E+3
20.800000E+0	0.000000E+0	0.000000E+0	75.000000E+0	14.835127E+0	166.667583E+3
20.900000E+0	0.000000E+0	0.000000E+0	75.000000E+0	15.359776E+0	166.689239E+3
21.000000E+0	0.000000E+0	0.000000E+0	75.000000E+0	14.590545E+0	166.711120E+3
21.100000E+0	0.000000E+0	0.000000E+0	75.000000E+0	14.396653E+0	166.733058E+3
21.200000E+0	0.000000E+0	0.000000E+0	75.000000E+0	14.582941E+0	166.755277E+3
21.300000E+0	0.000000E+0	0.000000E+0	75.000000E+0	15.954124E+0	166.777622E+3
21.400000E+0	0.000000E+0	0.000000E+0	75.000000E+0	15.343301E+0	166.800108E+3
21.500000E+0	0.000000E+0	0.000000E+0	75.000000E+0	15.846406E+0	166.822917E+3
21.600000E+0	0.000000E+0	0.000000E+0	75.000000E+0	15.533391E+0	166.845417E+3
21.700000E+0	0.000000E+0	0.000000E+0	75.000000E+0	15.617031E+0	166.868297E+3
21.800000E+0	0.000000E+0	0.000000E+0	75.000000E+0	15.741223E+0	166.891148E+3
21.900000E+0	0.000000E+0	0.000000E+0	75.000000E+0	16.211379E+0	166.914127E+3
22.000000E+0	0.000000E+0	0.000000E+0	75.000000E+0	13.598275E+0	166.937344E+3
22.100000E+0	0.000000E+0	0.000000E+0	75.000000E+0	16.269673E+0	166.960252E+3
22.200000E+0	0.000000E+0	0.000000E+0	75.000000E+0	15.617031E+0	166.983413E+3
22.300000E+0	0.000000E+0	0.000000E+0	75.000000E+0	15.376250E+0	167.006587E+3
22.400000E+0	0.000000E+0	0.000000E+0	75.000000E+0	16.685337E+0	167.029791E+3
22.500000E+0	0.000000E+0	0.000000E+0	75.000000E+0	15.895829E+0	167.053092E+3
22.600000E+0	0.000000E+0	0.000000E+0	75.000000E+0	13.633758E+0	167.076534E+3
22.700000E+0	0.000000E+0	0.000000E+0	75.000000E+0	15.859079E+0	167.099738E+3
22.800000E+0	0.000000E+0	0.000000E+0	75.000000E+0	16.634646E+0	167.123250E+3
22.900000E+0	0.000000E+0	0.000000E+0	75.000000E+0	16.060574E+0	167.146495E+3
23.000000E+0	0.000000E+0	0.000000E+0	75.000000E+0	15.055632E+0	167.170050E+3
23.100000E+0	0.000000E+0	0.000000E+0	75.000000E+0	16.492712E+0	167.193225E+3
23.200000E+0	0.000000E+0	0.000000E+0	75.000000E+0	16.666328E+0	167.216667E+3
23.300000E+0	0.000000E+0	0.000000E+0	75.000000E+0	15.560004E+0	167.240152E+3
23.400000E+0	0.000000E+0	0.000000E+0	75.000000E+0	14.209098E+0	167.263552E+3
23.500000E+0	0.000000E+0	0.000000E+0	75.000000E+0	15.800784E+0	167.287036E+3
23.600000E+0	0.000000E+0	0.000000E+0	75.000000E+0	16.502850E+0	167.310717E+3
23.700000E+0	0.000000E+0	0.000000E+0	75.000000E+0	16.714484E+0	167.334019E+3
23.800000E+0	0.000000E+0	0.000000E+0	75.000000E+0	15.745025E+0	167.357742E+3
23.900000E+0	0.000000E+0	0.000000E+0	75.000000E+0	15.376250E+0	167.381058E+3
24.000000E+0	0.000000E+0	0.000000E+0	75.000000E+0	16.781649E+0	167.404627E+3
24.100000E+0	0.000000E+0	0.000000E+0	75.000000E+0	16.917246E+0	167.428181E+3
24.200000E+0	0.000000E+0	0.000000E+0	75.000000E+0	16.308958E+0	167.451722E+3
24.300000E+0	0.000000E+0	0.000000E+0	75.000000E+0	15.362310E+0	167.475277E+3
24.400000E+0	0.000000E+0	0.000000E+0	75.000000E+0	14.285134E+0	167.499042E+3
24.500000E+0	0.000000E+0	0.000000E+0	75.000000E+0	15.192496E+0	167.522555E+3
24.600000E+0	0.000000E+0	0.000000E+0	75.000000E+0	16.065643E+0	167.546081E+3
24.700000E+0	0.000000E+0	0.000000E+0	75.000000E+0	16.806994E+0	167.569650E+3
24.800000E+0	0.000000E+0	0.000000E+0	75.000000E+0	16.662526E+0	167.593134E+3
24.900000E+0	0.000000E+0	0.000000E+0	75.000000E+0	15.705739E+0	167.616928E+3
25.000000E+0	0.000000E+0	0.000000E+0	75.000000E+0	14.854136E+0	167.640441E+3
25.100000E+0	0.000000E+0	0.000000E+0	75.000000E+0	16.624508E+0	167.663925E+3
25.200000E+0	0.000000E+0	0.000000E+0	75.000000E+0	16.942592E+0	167.687536E+3
25.300000E+0	0.000000E+0	0.000000E+0	75.000000E+0	16.538334E+0	167.711217E+3
25.400000E+0	0.000000E+0	0.000000E+0	75.000000E+0	16.161956E+0	167.734744E+3
25.500000E+0	0.000000E+0	0.000000E+0	75.000000E+0	14.964388E+0	167.758369E+3
25.600000E+0	0.000000E+0	0.000000E+0	75.000000E+0	14.664046E+0	167.781867E+3
25.700000E+0	0.000000E+0	0.000000E+0	75.000000E+0	15.353439E+0	167.805675E+3
25.800000E+0	0.000000E+0	0.000000E+0	75.000000E+0	16.414142E+0	167.829216E+3
25.900000E+0	0.000000E+0	0.000000E+0	75.000000E+0	16.915979E+0	167.852616E+3
26.000000E+0	0.000000E+0	0.000000E+0	75.000000E+0	16.226586E+0	167.876409E+3
26.100000E+0	0.000000E+0	0.000000E+0	75.000000E+0	15.606893E+0	167.899964E+3
26.200000E+0	0.000000E+0	0.000000E+0	75.000000E+0	15.739956E+0	167.923420E+3
26.300000E+0	0.000000E+0	0.000000E+0	75.000000E+0	16.717018E+0	167.947059E+3
26.400000E+0	0.000000E+0	0.000000E+0	75.000000E+0	16.668862E+0	167.970572E+3
26.500000E+0	0.000000E+0	0.000000E+0	75.000000E+0	16.135343E+0	167.993902E+3
26.600000E+0	0.000000E+0	0.000000E+0	75.000000E+0	14.747686E+0	168.017513E+3
26.700000E+0	0.000000E+0	0.000000E+0	75.000000E+0	14.214167E+0	168.041194E+3
26.800000E+0	0.000000E+0	0.000000E+0	75.000000E+0	15.952856E+0	168.064594E+3
26.900000E+0	0.000000E+0	0.000000E+0	75.000000E+0	16.407805E+0	168.088373E+3
27.000000E+0	0.000000E+0	0.000000E+0	75.000000E+0	16.921048E+0	168.111886E+3
27.100000E+0	0.000000E+0	0.000000E+0	75.000000E+0	15.790646E+0	168.135328E+3
27.200000E+0	0.000000E+0	0.000000E+0	75.000000E+0	14.481560E+0	168.159023E+3
27.300000E+0	0.000000E+0	0.000000E+0	75.000000E+0	16.341907E+0	168.182437E+3
27.400000E+0	0.000000E+0	0.000000E+0	75.000000E+0	16.862754E+0	168.206048E+3
27.500000E+0	0.000000E+0	0.000000E+0	75.000000E+0	16.478772E+0	168.229561E+3
27.600000E+0	0.000000E+0	0.000000E+0	75.000000E+0	15.978202E+0	168.253073E+3
27.700000E+0	0.000000E+0	0.000000E+0	75.000000E+0	14.731211E+0	168.276712E+3
27.800000E+0	0.000000E+0	0.000000E+0	75.000000E+0	14.525914E+0	168.300309E+3
27.900000E+0	0.000000E+0	0.000000E+0	75.000000E+0	15.979469E+0	168.323780E+3
28.000000E+0	0.000000E+0	0.000000E+0	75.000000E+0	16.587757E+0	168.347461E+3
28.100000E+0	0.000000E+0	0.000000E+0	75.000000E+0	16.771511E+0	168.370875E+3
28.200000E+0	0.000000E+0	0.000000E+0	75.000000E+0	15.651247E+0	168.394472E+3
28.300000E+0	0.000000E+0	0.000000E+0	75.000000E+0	14.582941E+0	168.418125E+3
28.400000E+0	0.000000E+0	0.000000E+0	75.000000E+0	16.493979E+0	168.441581E+3
28.500000E+0	0.000000E+0	0.000000E+0	75.000000E+0	16.902039E+0	168.465178E+3
28.600000E+0	0.000000E+0	0.000000E+0	75.000000E+0	16.493979E+0	168.488719E+3
28.700000E+0	0.000000E+0	0.000000E+0	75.000000E+0	16.039031E+0	168.512302E+3
28.800000E+0	0.000000E+0	0.000000E+0	75.000000E+0	14.766695E+0	168.535927E+3
28.900000E+0	0.000000E+0	0.000000E+0	75.000000E+0	14.594347E+0	168.559495E+3
29.000000E+0	0.000000E+0	0.000000E+0	75.000000E+0	15.799517E+0	168.583078E+3
29.100000E+0	0.000000E+0	0.000000E+0	75.000000E+0	16.597895E+0	168.606661E+3
29.200000E+0	0.000000E+0	0.000000E+0	75.000000E+0	16.886832E+0	168.630159E+3
29.300000E+0	0.000000E+0	0.000000E+0	75.000000E+0	15.876820E+0	168.653784E+3
29.400000E+0	0.000000E+0	0.000000E+0	75.000000E+0	14.397920E+0	168.677367E+3
29.500000E+0	0.000000E+0	0.000000E+0	75.000000E+0	15.959193E+0	168.700950E+3
29.600000E+0	0.000000E+0	0.000000E+0	75.000000E+0	16.729691E+0	168.724645E+3
29.700000E+0	0.000000E+0	0.000000E+0	75.000000E+0	16.728424E+0	168.748200E+3
29.800000E+0	0.000000E+0	0.000000E+0	75.000000E+0	16.864021E+0	168.771867E+3
29.900000E+0	0.000000E+0	0.000000E+0	75.000000E+0	16.237992E+0	168.795548E+3
30.000000E+0	0.000000E+0	0.000000E+0	75.000000E+0	15.326827E+0	168.819314E+3
30.100000E+0	0.000000E+0	0.000000E+0	75.000000E+0	14.141932E+0	168.842798E+3
30.200000E+0	0.000000E+0	0.000000E+0	75.000000E+0	15.542262E+0	168.866480E+3
30.300000E+0	0.000000E+0	0.000000E+0	75.000000E+0	16.483841E+0	168.890034E+3
30.400000E+0	0.000000E+0	0.000000E+0	75.000000E+0	16.301355E+0	168.913955E+3
30.500000E+0	0.000000E+0	0.000000E+0	75.000000E+0	16.864021E+0	168.937580E+3
30.600000E+0	0.000000E+0	0.000000E+0	75.000000E+0	16.673931E+0	168.961106E+3
30.700000E+0	0.000000E+0	0.000000E+0	75.000000E+0	15.539728E+0	168.984788E+3
30.800000E+0	0.000000E+0	0.000000E+0	75.000000E+0	15.016346E+0	169.008398E+3
30.900000E+0	0.000000E+0	0.000000E+0	75.000000E+0	15.712076E+0	169.032263E+3
31.000000E+0	0.000000E+0	0.000000E+0	75.000000E+0	16.843745E+0	169.055761E+3
31.100000E+0	0.000000E+0	0.000000E+0	75.000000E+0	16.722087E+0	169.079527E+3
31.200000E+0	0.000000E+0	0.000000E+0	75.000000E+0	16.801925E+0	169.102997E+3
31.300000E+0	0.000000E+0	0.000000E+0	75.000000E+0	16.435685E+0	169.126861E+3
31.400000E+0	0.000000E+0	0.000000E+0	75.000000E+0	14.983397E+0	169.150388E+3
31.500000E+0	0.000000E+0	0.000000E+0	75.000000E+0	14.106449E+0	169.174013E+3
31.600000E+0	0.000000E+0	0.000000E+0	75.000000E+0	15.722214E+0	169.197609E+3
31.700000E+0	0.000000E+0	0.000000E+0	75.000000E+0	16.221517E+0	169.221389E+3
31.800000E+0	0.000000E+0	0.000000E+0	75.000000E+0	16.396400E+0	169.245070E+3
31.900000E+0	0.000000E+0	0.000000E+0	75.000000E+0	16.795589E+0	169.268513E+3
32.000000E+0	0.000000E+0	0.000000E+0	75.000000E+0	16.666328E+0	169.292334E+3
32.100000E+0	0.000000E+0	0.000000E+0	75.000000E+0	14.800911E+0	169.315791E+3
32.200000E+0	0.000000E+0	0.000000E+0	75.000000E+0	15.069572E+0	169.339584E+3
32.300000E+0	0.000000E+0	0.000000E+0	75.000000E+0	16.505385E+0	169.363223E+3
32.400000E+0	0.000000E+0	0.000000E+0	75.000000E+0	16.957799E+0	169.386764E+3
32.500000E+0	0.000000E+0	0.000000E+0	75.000000E+0	16.542136E+0	169.410347E+3
32.600000E+0	0.000000E+0	0.000000E+0	75.000000E+0	16.723355E+0	169.434197E+3
32.700000E+0	0.000000E+0	0.000000E+0	75.000000E+0	15.538460E+0	169.457723E+3
32.800000E+0	0.000000E+0	0.000000E+0	75.000000E+0	13.807374E+0	169.481306E+3
32.900000E+0	0.000000E+0	0.000000E+0	75.000000E+0	14.300341E+0	169.505170E+3
33.000000E+0	0.000000E+0	0.000000E+0	75.000000E+0	15.774172E+0	169.528837E+3
33.100000E+0	0.000000E+0	0.000000E+0	75.000000E+0	16.701811E+0	169.552280E+3
33.200000E+0	0.000000E+0	0.000000E+0	75.000000E+0	16.619439E+0	169.576017E+3
33.300000E+0	0.000000E+0	0.000000E+0	75.000000E+0	16.742364E+0	169.599642E+3
33.400000E+0	0.000000E+0	0.000000E+0	75.000000E+0	16.524394E+0	169.623436E+3
33.500000E+0	0.000000E+0	0.000000E+0	75.000000E+0	14.760359E+0	169.646962E+3
33.600000E+0	0.000000E+0	0.000000E+0	75.000000E+0	15.653782E+0	169.670573E+3
33.700000E+0	0.000000E+0	0.000000E+0	75.000000E+0	16.467367E+0	169.694437E+3
33.800000E+0	0.000000E+0	0.000000E+0	75.000000E+0	16.923583E+0	169.718133E+3
33.900000E+0	0.000000E+0	0.000000E+0	75.000000E+0	16.632111E+0	169.741617E+3
34.000000E+0	0.000000E+0	0.000000E+0	75.000000E+0	16.444556E+0	169.765228E+3
34.100000E+0	0.000000E+0	0.000000E+0	75.000000E+0	16.113799E+0	169.789120E+3
34.200000E+0	0.000000E+0	0.000000E+0	75.000000E+0	13.883410E+0	169.812520E+3
34.300000E+0	0.000000E+0	0.000000E+0	75.000000E+0	14.219236E+0	169.836398E+3
34.400000E+0	0.000000E+0	0.000000E+0	75.000000E+0	16.069445E+0	169.859897E+3
34.500000E+0	0.000000E+0	0.000000E+0	75.000000E+0	16.386262E+0	169.883705E+3
34.600000E+0	0.000000E+0	0.000000E+0	75.000000E+0	16.444556E+0	169.907428E+3
34.700000E+0	0.000000E+0	0.000000E+0	75.000000E+0	16.793054E+0	169.930927E+3
34.800000E+0	0.000000E+0	0.000000E+0	75.000000E+0	16.384994E+0	169.954552E+3
34.900000E+0	0.000000E+0	0.000000E+0	75.000000E+0	15.720947E+0	169.978514E+3
35.000000E+0	0.000000E+0	0.000000E+0	75.000000E+0	14.690659E+0	170.002111E+3
35.100000E+0	0.000000E+0	0.000000E+0	75.000000E+0	16.120136E+0	170.025764E+3
35.200000E+0	0.000000E+0	0.000000E+0	75.000000E+0	16.883030E+0	170.049347E+3
35.300000E+0	0.000000E+0	0.000000E+0	75.000000E+0	16.751234E+0	170.073127E+3
35.400000E+0	0.000000E+0	0.000000E+0	75.000000E+0	16.894436E+0	170.096639E+3
35.500000E+0	0.000000E+0	0.000000E+0	75.000000E+0	16.453427E+0	170.120447E+3
35.600000E+0	0.000000E+0	0.000000E+0	75.000000E+0	15.087313E+0	170.143988E+3
35.700000E+0	0.000000E+0	0.000000E+0	75.000000E+0	14.461284E+0	170.167880E+3
35.800000E+0	0.000000E+0	0.000000E+0	75.000000E+0	15.138004E+0	170.191392E+3
35.900000E+0	0.000000E+0	0.000000E+0	75.000000E+0	15.907235E+0	170.215130E+3
36.000000E+0	0.000000E+0	0.000000E+0	75.000000E+0	16.232922E+0	170.238797E+3
36.100000E+0	0.000000E+0	0.000000E+0	75.000000E+0	16.864021E+0	170.262450E+3
36.200000E+0	0.000000E+0	0.000000E+0	75.000000E+0	17.008490E+0	170.286300E+3
36.300000E+0	0.000000E+0	0.000000E+0	75.000000E+0	16.108730E+0	170.309855E+3
36.400000E+0	0.000000E+0	0.000000E+0	75.000000E+0	15.913571E+0	170.333620E+3
36.500000E+0	0.000000E+0	0.000000E+0	75.000000E+0	15.364845E+0	170.357442E+3
36.600000E+0	0.000000E+0	0.000000E+0	75.000000E+0	15.942718E+0	170.381039E+3
36.700000E+0	0.000000E+0	0.000000E+0	75.000000E+0	15.927511E+0	170.404903E+3
36.800000E+0	0.000000E+0	0.000000E+0	75.000000E+0	16.861487E+0	170.428472E+3
36.900000E+0	0.000000E+0	0.000000E+0	75.000000E+0	17.038904E+0	170.452252E+3
37.000000E+0	0.000000E+0	0.000000E+0	75.000000E+0	16.687871E+0	170.476073E+3
37.100000E+0	0.000000E+0	0.000000E+0	75.000000E+0	16.893168E+0	170.499825E+3
37.200000E+0	0.000000E+0	0.000000E+0	75.000000E+0	16.044100E+0	170.523464E+3
37.300000E+0	0.000000E+0	0.000000E+0	75.000000E+0	15.369914E+0	170.547300E+3
37.400000E+0	0.000000E+0	0.000000E+0	75.000000E+0	13.736407E+0	170.570911E+3
37.500000E+0	0.000000E+0	0.000000E+0	75.000000E+0	14.939043E+0	170.594677E+3
37.600000E+0	0.000000E+0	0.000000E+0	75.000000E+0	15.826130E+0	170.618372E+3
37.700000E+0	0.000000E+0	0.000000E+0	75.000000E+0	16.047901E+0	170.642194E+3
37.800000E+0	0.000000E+0	0.000000E+0	75.000000E+0	16.472436E+0	170.666114E+3
37.900000E+0	0.000000E+0	0.000000E+0	75.000000E+0	16.799391E+0	170.689866E+3
38.000000E+0	0.000000E+0	0.000000E+0	75.000000E+0	16.692940E+0	170.713673E+3
38.100000E+0	0.000000E+0	0.000000E+0	75.000000E+0	16.928652E+0	170.737425E+3
38.200000E+0	0.000000E+0	0.000000E+0	75.000000E+0	16.856418E+0	170.761177E+3
38.300000E+0	0.000000E+0	0.000000E+0	75.000000E+0	15.805854E+0	170.784858E+3
38.400000E+0	0.000000E+0	0.000000E+0	75.000000E+0	14.928905E+0	170.808623E+3
38.500000E+0	0.000000E+0	0.000000E+0	75.000000E+0	14.917500E+0	170.832544E+3
38.600000E+0	0.000000E+0	0.000000E+0	75.000000E+0	15.601824E+0	170.856380E+3
38.700000E+0	0.000000E+0	0.000000E+0	75.000000E+0	15.903433E+0	170.880131E+3
38.800000E+0	0.000000E+0	0.000000E+0	75.000000E+0	16.774045E+0	170.903897E+3
38.900000E+0	0.000000E+0	0.000000E+0	75.000000E+0	17.081991E+0	170.927536E+3
39.000000E+0	0.000000E+0	0.000000E+0	75.000000E+0	16.815865E+0	170.951442E+3
39.100000E+0	0.000000E+0	0.000000E+0	75.000000E+0	17.150423E+0	170.975250E+3
39.200000E+0	0.000000E+0	0.000000E+0	75.000000E+0	16.869090E+0	170.999058E+3
39.300000E+0	0.000000E+0	0.000000E+0	75.000000E+0	15.809655E+0	171.022613E+3
39.400000E+0	0.000000E+0	0.000000E+0	75.000000E+0	15.214040E+0	171.046406E+3
39.500000E+0	0.000000E+0	0.000000E+0	75.000000E+0	14.980863E+0	171.070355E+3
39.600000E+0	0.000000E+0	0.000000E+0	75.000000E+0	14.646305E+0	171.093895E+3
39.700000E+0	0.000000E+0	0.000000E+0	75.000000E+0	14.724875E+0	171.117872E+3
39.800000E+0	0.000000E+0	0.000000E+0	75.000000E+0	16.183499E+0	171.141469E+3
39.900000E+0	0.000000E+0	0.000000E+0	75.000000E+0	16.563679E+0	171.165206E+3
40.000000E+0	0.000000E+0	0.000000E+0	75.000000E+0	16.534532E+0	171.189000E+3
40.100000E+0	0.000000E+0	0.000000E+0	75.000000E+0	16.932454E+0	171.212794E+3
40.200000E+0	0.000000E+0	0.000000E+0	75.000000E+0	16.967937E+0	171.236489E+3
40.300000E+0	0.000000E+0	0.000000E+0	75.000000E+0	16.292484E+0	171.260339E+3
40.400000E+0	0.000000E+0	0.000000E+0	75.000000E+0	16.476238E+0	171.284245E+3
40.500000E+0	0.000000E+0	0.000000E+0	75.000000E+0	15.229247E+0	171.307786E+3
40.600000E+0	0.000000E+0	0.000000E+0	75.000000E+0	15.414268E+0	171.331608E+3
40.700000E+0	0.000000E+0	0.000000E+0	75.000000E+0	15.395259E+0	171.355514E+3
40.800000E+0	0.000000E+0	0.000000E+0	75.000000E+0	16.703078E+0	171.379139E+3
40.900000E+0	0.000000E+0	0.000000E+0	75.000000E+0	16.937523E+0	171.402933E+3
41.000000E+0	0.000000E+0	0.000000E+0	75.000000E+0	16.822201E+0	171.426769E+3
41.100000E+0	0.000000E+0	0.000000E+0	75.000000E+0	17.127613E+0	171.450506E+3
41.200000E+0	0.000000E+0	0.000000E+0	75.000000E+0	16.625775E+0	171.474103E+3
41.300000E+0	0.000000E+0	0.000000E+0	75.000000E+0	15.690532E+0	171.497784E+3
41.400000E+0	0.000000E+0	0.000000E+0	75.000000E+0	15.672791E+0	171.521733E+3
41.500000E+0	0.000000E+0	0.000000E+0	75.000000E+0	13.954377E+0	171.545344E+3
41.600000E+0	0.000000E+0	0.000000E+0	75.000000E+0	14.998605E+0	171.569011E+3
41.700000E+0	0.000000E+0	0.000000E+0	75.000000E+0	15.576478E+0	171.592805E+3
41.800000E+0	0.000000E+0	0.000000E+0	75.000000E+0	16.417943E+0	171.616542E+3
41.900000E+0	0.000000E+0	0.000000E+0	75.000000E+0	16.506652E+0	171.640477E+3
42.000000E+0	0.000000E+0	0.000000E+0	75.000000E+0	16.502850E+0	171.664256E+3
42.100000E+0	0.000000E+0	0.000000E+0	75.000000E+0	16.926117E+0	171.687839E+3
42.200000E+0	0.000000E+0	0.000000E+0	75.000000E+0	16.841210E+0	171.711577E+3
42.300000E+0	0.000000E+0	0.000000E+0	75.000000E+0	16.187301E+0	171.735511E+3
42.400000E+0	0.000000E+0	0.000000E+0	75.000000E+0	15.918640E+0	171.759234E+3
42.500000E+0	0.000000E+0	0.000000E+0	75.000000E+0	14.914965E+0	171.782972E+3
42.600000E+0	0.000000E+0	0.000000E+0	75.000000E+0	16.102394E+0	171.806597E+3
42.700000E+0	0.000000E+0	0.000000E+0	75.000000E+0	16.326700E+0	171.830320E+3
42.800000E+0	0.000000E+0	0.000000E+0	75.000000E+0	16.938790E+0	171.854002E+3
42.900000E+0	0.000000E+0	0.000000E+0	75.000000E+0	17.055378E+0	171.877781E+3
43.000000E+0	0.000000E+0	0.000000E+0	75.000000E+0	16.629577E+0	171.901505E+3
43.100000E+0	0.000000E+0	0.000000E+0	75.000000E+0	16.940057E+0	171.925453E+3
43.200000E+0	0.000000E+0	0.000000E+0	75.000000E+0	16.082118E+0	171.949064E+3
43.300000E+0	0.000000E+0	0.000000E+0	75.000000E+0	14.884551E+0	171.972731E+3
43.400000E+0	0.000000E+0	0.000000E+0	75.000000E+0	13.754149E+0	171.996511E+3
43.500000E+0	0.000000E+0	0.000000E+0	75.000000E+0	14.337091E+0	172.020459E+3
43.600000E+0	0.000000E+0	0.000000E+0	75.000000E+0	15.235584E+0	172.044169E+3
43.700000E+0	0.000000E+0	0.000000E+0	75.000000E+0	15.921175E+0	172.067864E+3
43.800000E+0	0.000000E+0	0.000000E+0	75.000000E+0	16.589024E+0	172.091545E+3
43.900000E+0	0.000000E+0	0.000000E+0	75.000000E+0	16.945126E+0	172.115297E+3
44.000000E+0	0.000000E+0	0.000000E+0	75.000000E+0	16.639715E+0	172.139048E+3
44.100000E+0	0.000000E+0	0.000000E+0	75.000000E+0	16.424280E+0	172.162603E+3
44.200000E+0	0.000000E+0	0.000000E+0	75.000000E+0	16.007349E+0	172.186369E+3
44.300000E+0	0.000000E+0	0.000000E+0	75.000000E+0	15.451019E+0	172.210373E+3
44.400000E+0	0.000000E+0	0.000000E+0	75.000000E+0	15.295145E+0	172.233928E+3
44.500000E+0	0.000000E+0	0.000000E+0	75.000000E+0	15.617031E+0	172.257905E+3
44.600000E+0	0.000000E+0	0.000000E+0	75.000000E+0	16.397667E+0	172.281727E+3
44.700000E+0	0.000000E+0	0.000000E+0	75.000000E+0	16.694207E+0	172.305309E+3
44.800000E+0	0.000000E+0	0.000000E+0	75.000000E+0	17.061715E+0	172.329103E+3
44.900000E+0	0.000000E+0	0.000000E+0	75.000000E+0	17.128880E+0	172.353122E+3
45.000000E+0	0.000000E+0	0.000000E+0	75.000000E+0	16.684069E+0	172.376831E+3
45.100000E+0	0.000000E+0	0.000000E+0	75.000000E+0	16.931186E+0	172.400625E+3
45.200000E+0	0.000000E+0	0.000000E+0	75.000000E+0	16.561145E+0	172.424489E+3
45.300000E+0	0.000000E+0	0.000000E+0	75.000000E+0	15.371181E+0	172.448058E+3
45.400000E+0	0.000000E+0	0.000000E+0	75.000000E+0	14.714737E+0	172.471894E+3
45.500000E+0	0.000000E+0	0.000000E+0	75.000000E+0	14.214167E+0	172.495687E+3
45.600000E+0	0.000000E+0	0.000000E+0	75.000000E+0	14.145734E+0	172.519650E+3
45.700000E+0	0.000000E+0	0.000000E+0	75.000000E+0	15.224178E+0	172.543317E+3
45.800000E+0	0.000000E+0	0.000000E+0	75.000000E+0	16.075781E+0	172.567139E+3
45.900000E+0	0.000000E+0	0.000000E+0	75.000000E+0	16.367253E+0	172.590975E+3
46.000000E+0	0.000000E+0	0.000000E+0	75.000000E+0	16.135343E+0	172.614952E+3
46.100000E+0	0.000000E+0	0.000000E+0	75.000000E+0	16.799391E+0	172.638619E+3
46.200000E+0	0.000000E+0	0.000000E+0	75.000000E+0	17.071853E+0	172.662356E+3
46.300000E+0	0.000000E+0	0.000000E+0	75.000000E+0	16.743631E+0	172.686277E+3
46.400000E+0	0.000000E+0	0.000000E+0	75.000000E+0	16.947661E+0	172.710239E+3
46.500000E+0	0.000000E+0	0.000000E+0	75.000000E+0	16.751234E+0	172.733864E+3
46.600000E+0	0.000000E+0	0.000000E+0	75.000000E+0	15.966796E+0	172.757742E+3
46.700000E+0	0.000000E+0	0.000000E+0	75.000000E+0	15.914838E+0	172.781592E+3
46.800000E+0	0.000000E+0	0.000000E+0	75.000000E+0	15.751361E+0	172.805513E+3
46.900000E+0	0.000000E+0	0.000000E+0	75.000000E+0	14.843998E+0	172.829447E+3
47.000000E+0	0.000000E+0	0.000000E+0	75.000000E+0	15.429475E+0	172.853114E+3
47.100000E+0	0.000000E+0	0.000000E+0	75.000000E+0	16.363451E+0	172.876894E+3
47.200000E+0	0.000000E+0	0.000000E+0	75.000000E+0	16.960333E+0	172.900547E+3
47.300000E+0	0.000000E+0	0.000000E+0	75.000000E+0	16.795589E+0	172.924439E+3
47.400000E+0	0.000000E+0	0.000000E+0	75.000000E+0	17.131414E+0	172.948219E+3
47.500000E+0	0.000000E+0	0.000000E+0	75.000000E+0	16.950195E+0	172.971900E+3
47.600000E+0	0.000000E+0	0.000000E+0	75.000000E+0	16.267139E+0	172.995595E+3
47.700000E+0	0.000000E+0	0.000000E+0	75.000000E+0	15.930046E+0	173.019403E+3
47.800000E+0	0.000000E+0	0.000000E+0	75.000000E+0	15.041692E+0	173.043155E+3
47.900000E+0	0.000000E+0	0.000000E+0	75.000000E+0	13.888479E+0	173.066878E+3
48.000000E+0	0.000000E+0	0.000000E+0	75.000000E+0	14.240779E+0	173.090812E+3
48.100000E+0	0.000000E+0	0.000000E+0	75.000000E+0	15.143073E+0	173.114620E+3
48.200000E+0	0.000000E+0	0.000000E+0	75.000000E+0	16.250664E+0	173.138189E+3
48.300000E+0	0.000000E+0	0.000000E+0	75.000000E+0	16.149283E+0	173.162138E+3
48.400000E+0	0.000000E+0	0.000000E+0	75.000000E+0	16.714484E+0	173.185889E+3
48.500000E+0	0.000000E+0	0.000000E+0	75.000000E+0	17.005955E+0	173.209627E+3
48.600000E+0	0.000000E+0	0.000000E+0	75.000000E+0	16.426814E+0	173.233238E+3
48.700000E+0	0.000000E+0	0.000000E+0	75.000000E+0	16.524394E+0	173.257045E+3
48.800000E+0	0.000000E+0	0.000000E+0	75.000000E+0	16.404003E+0	173.280937E+3
48.900000E+0	0.000000E+0	0.000000E+0	75.000000E+0	14.838929E+0	173.304605E+3
49.000000E+0	0.000000E+0	0.000000E+0	75.000000E+0	15.382586E+0	173.328300E+3
49.100000E+0	0.000000E+0	0.000000E+0	75.000000E+0	16.340640E+0	173.352094E+3
49.200000E+0	0.000000E+0	0.000000E+0	75.000000E+0	16.749967E+0	173.375930E+3
49.300000E+0	0.000000E+0	0.000000E+0	75.000000E+0	16.743631E+0	173.399653E+3
49.400000E+0	0.000000E+0	0.000000E+0	75.000000E+0	16.999619E+0	173.423616E+3
49.500000E+0	0.000000E+0	0.000000E+0	75.000000E+0	17.052844E+0	173.447437E+3
49.600000E+0	0.000000E+0	0.000000E+0	75.000000E+0	16.623241E+0	173.471006E+3
49.700000E+0	0.000000E+0	0.000000E+0	75.000000E+0	16.861487E+0	173.495025E+3
49.800000E+0	0.000000E+0	0.000000E+0	75.000000E+0	16.477505E+0	173.518847E+3
49.900000E+0	0.000000E+0	0.000000E+0	75.000000E+0	15.695601E+0	173.542598E+3
50.000000E+0	0.000000E+0	0.000000E+0	75.000000E+0	14.281332E+0	173.566223E+3
50.100000E+0	0.000000E+0	0.000000E+0	75.000000E+0	14.481560E+0	173.590003E+3
50.200000E+0	0.000000E+0	0.000000E+0	75.000000E+0	14.598148E+0	173.613923E+3
50.300000E+0	0.000000E+0	0.000000E+0	75.000000E+0	15.238118E+0	173.637745E+3
50.400000E+0	0.000000E+0	0.000000E+0	75.000000E+0	16.386262E+0	173.661342E+3
50.500000E+0	0.000000E+0	0.000000E+0	75.000000E+0	16.556075E+0	173.685263E+3
50.600000E+0	0.000000E+0	0.000000E+0	75.000000E+0	16.551006E+0	173.709070E+3
50.700000E+0	0.000000E+0	0.000000E+0	75.000000E+0	16.898237E+0	173.732836E+3
50.800000E+0	0.000000E+0	0.000000E+0	75.000000E+0	16.947661E+0	173.756447E+3
50.900000E+0	0.000000E+0	0.000000E+0	75.000000E+0	16.218983E+0	173.780297E+3
51.000000E+0	0.000000E+0	0.000000E+0	75.000000E+0	16.099859E+0	173.804062E+3
51.100000E+0	0.000000E+0	0.000000E+0	75.000000E+0	15.594220E+0	173.827856E+3
51.200000E+0	0.000000E+0	0.000000E+0	75.000000E+0	15.135469E+0	173.851861E+3
51.300000E+0	0.000000E+0	0.000000E+0	75.000000E+0	15.106322E+0	173.875627E+3
51.400000E+0	0.000000E+0	0.000000E+0	75.000000E+0	16.396400E+0	173.899280E+3
51.500000E+0	0.000000E+0	0.000000E+0	75.000000E+0	16.700544E+0	173.923158E+3
51.600000E+0	0.000000E+0	0.000000E+0	75.000000E+0	16.476238E+0	173.947092E+3
51.700000E+0	0.000000E+0	0.000000E+0	75.000000E+0	16.899505E+0	173.970928E+3
51.800000E+0	0.000000E+0	0.000000E+0	75.000000E+0	17.117475E+0	173.994595E+3
51.900000E+0	0.000000E+0	0.000000E+0	75.000000E+0	16.723355E+0	174.018417E+3
52.000000E+0	0.000000E+0	0.000000E+0	75.000000E+0	17.156760E+0	174.042422E+3
52.100000E+0	0.000000E+0	0.000000E+0	75.000000E+0	16.986946E+0	174.066300E+3
52.200000E+0	0.000000E+0	0.000000E+0	75.000000E+0	16.442021E+0	174.090080E+3
52.300000E+0	0.000000E+0	0.000000E+0	75.000000E+0	16.388796E+0	174.113972E+3
52.400000E+0	0.000000E+0	0.000000E+0	75.000000E+0	16.009883E+0	174.137836E+3
52.500000E+0	0.000000E+0	0.000000E+0	75.000000E+0	15.124064E+0	174.161602E+3
52.600000E+0	0.000000E+0	0.000000E+0	75.000000E+0	14.524647E+0	174.185480E+3
52.700000E+0	0.000000E+0	0.000000E+0	75.000000E+0	14.016473E+0	174.209372E+3
52.800000E+0	0.000000E+0	0.000000E+0	75.000000E+0	15.314154E+0	174.232941E+3
52.900000E+0	0.000000E+0	0.000000E+0	75.000000E+0	15.601824E+0	174.256833E+3
53.000000E+0	0.000000E+0	0.000000E+0	75.000000E+0	15.790646E+0	174.280852E+3
53.100000E+0	0.000000E+0	0.000000E+0	75.000000E+0	16.507919E+0	174.304505E+3
53.200000E+0	0.000000E+0	0.000000E+0	75.000000E+0	16.179697E+0	174.328538E+3
53.300000E+0	0.000000E+0	0.000000E+0	75.000000E+0	16.661259E+0	174.352388E+3
53.400000E+0	0.000000E+0	0.000000E+0	75.000000E+0	16.940057E+0	174.376181E+3
53.500000E+0	0.000000E+0	0.000000E+0	75.000000E+0	16.711949E+0	174.400087E+3
53.600000E+0	0.000000E+0	0.000000E+0	75.000000E+0	16.961601E+0	174.423783E+3
53.700000E+0	0.000000E+0	0.000000E+0	75.000000E+0	16.956532E+0	174.447577E+3
53.800000E+0	0.000000E+0	0.000000E+0	75.000000E+0	16.554808E+0	174.471666E+3
53.900000E+0	0.000000E+0	0.000000E+0	75.000000E+0	16.695475E+0	174.495544E+3
54.000000E+0	0.000000E+0	0.000000E+0	75.000000E+0	16.033962E+0	174.519155E+3
54.100000E+0	0.000000E+0	0.000000E+0	75.000000E+0	15.225445E+0	174.543061E+3
54.200000E+0	0.000000E+0	0.000000E+0	75.000000E+0	15.387656E+0	174.567094E+3
54.300000E+0	0.000000E+0	0.000000E+0	75.000000E+0	15.499175E+0	174.590733E+3
54.400000E+0	0.000000E+0	0.000000E+0	75.000000E+0	15.979469E+0	174.614667E+3
54.500000E+0	0.000000E+0	0.000000E+0	75.000000E+0	15.563806E+0	174.638686E+3
54.600000E+0	0.000000E+0	0.000000E+0	75.000000E+0	16.752502E+0	174.662353E+3
54.700000E+0	0.000000E+0	0.000000E+0	75.000000E+0	16.826003E+0	174.686288E+3
54.800000E+0	0.000000E+0	0.000000E+0	75.000000E+0	16.491445E+0	174.710278E+3
54.900000E+0	0.000000E+0	0.000000E+0	75.000000E+0	16.896970E+0	174.734184E+3
55.000000E+0	0.000000E+0	0.000000E+0	75.000000E+0	17.121276E+0	174.757852E+3
55.100000E+0	0.000000E+0	0.000000E+0	75.000000E+0	16.886832E+0	174.781884E+3
55.200000E+0	0.000000E+0	0.000000E+0	75.000000E+0	17.273348E+0	174.805734E+3
55.300000E+0	0.000000E+0	0.000000E+0	75.000000E+0	17.114940E+0	174.829655E+3
55.400000E+0	0.000000E+0	0.000000E+0	75.000000E+0	16.520592E+0	174.853294E+3
55.500000E+0	0.000000E+0	0.000000E+0	75.000000E+0	16.838676E+0	174.877369E+3
55.600000E+0	0.000000E+0	0.000000E+0	75.000000E+0	16.684069E+0	174.901317E+3
55.700000E+0	0.000000E+0	0.000000E+0	75.000000E+0	16.459763E+0	174.927375E+3
55.800000E+0	0.000000E+0	0.000000E+0	75.000000E+0	16.106196E+0	174.949059E+3
55.900000E+0	0.000000E+0	0.000000E+0	75.000000E+0	15.568875E+0	174.972867E+3
56.000000E+0	0.000000E+0	0.000000E+0	75.000000E+0	15.340767E+0	174.996858E+3
56.100000E+0	0.000000E+0	0.000000E+0	75.000000E+0	14.295272E+0	175.020609E+3
56.200000E+0	0.000000E+0	0.000000E+0	75.000000E+0	14.253452E+0	175.044586E+3
56.300000E+0	0.000000E+0	0.000000E+0	75.000000E+0	13.997464E+0	175.068478E+3
56.400000E+0	0.000000E+0	0.000000E+0	75.000000E+0	14.206563E+0	175.092427E+3
56.500000E+0	0.000000E+0	0.000000E+0	75.000000E+0	14.600683E+0	175.116403E+3
56.600000E+0	0.000000E+0	0.000000E+0	75.000000E+0	14.139398E+0	175.140464E+3
56.700000E+0	0.000000E+0	0.000000E+0	75.000000E+0	14.217968E+0	175.164441E+3
56.800000E+0	0.000000E+0	0.000000E+0	75.000000E+0	15.160815E+0	175.188248E+3
56.900000E+0	0.000000E+0	0.000000E+0	75.000000E+0	15.160815E+0	175.212197E+3
57.000000E+0	0.000000E+0	0.000000E+0	75.000000E+0	15.177289E+0	175.236187E+3
57.100000E+0	0.000000E+0	0.000000E+0	75.000000E+0	15.070839E+0	175.260305E+3
57.200000E+0	0.000000E+0	0.000000E+0	75.000000E+0	15.160815E+0	175.284225E+3
57.300000E+0	0.000000E+0	0.000000E+0	75.000000E+0	15.570142E+0	175.308061E+3
57.400000E+0	0.000000E+0	0.000000E+0	75.000000E+0	15.755163E+0	175.332066E+3
57.500000E+0	0.000000E+0	0.000000E+0	75.000000E+0	15.349638E+0	175.356169E+3
57.600000E+0	0.000000E+0	0.000000E+0	75.000000E+0	15.167151E+0	175.380202E+3
57.700000E+0	0.000000E+0	0.000000E+0	75.000000E+0	15.941451E+0	175.404023E+3
57.800000E+0	0.000000E+0	0.000000E+0	75.000000E+0	15.604358E+0	175.428113E+3
57.900000E+0	0.000000E+0	0.000000E+0	75.000000E+0	15.374983E+0	175.452145E+3
58.000000E+0	0.000000E+0	0.000000E+0	75.000000E+0	16.093523E+0	175.475967E+3
58.100000E+0	0.000000E+0	0.000000E+0	75.000000E+0	15.667721E+0	175.500084E+3
58.200000E+0	0.000000E+0	0.000000E+0	75.000000E+0	15.867950E+0	175.523962E+3
58.300000E+0	0.000000E+0	0.000000E+0	75.000000E+0	15.627169E+0	175.548136E+3
58.400000E+0	0.000000E+0	0.000000E+0	75.000000E+0	15.691800E+0	175.572070E+3
58.500000E+0	0.000000E+0	0.000000E+0	75.000000E+0	15.933847E+0	175.595934E+3
58.600000E+0	0.000000E+0	0.000000E+0	75.000000E+0	16.207577E+0	175.619925E+3
58.700000E+0	0.000000E+0	0.000000E+0	75.000000E+0	15.889493E+0	175.644028E+3
58.800000E+0	0.000000E+0	0.000000E+0	75.000000E+0	15.997211E+0	175.667920E+3
58.900000E+0	0.000000E+0	0.000000E+0	75.000000E+0	16.295019E+0	175.691883E+3
59.000000E+0	0.000000E+0	0.000000E+0	75.000000E+0	16.017487E+0	175.715972E+3
59.100000E+0	0.000000E+0	0.000000E+0	75.000000E+0	16.150550E+0	175.739836E+3
59.200000E+0	0.000000E+0	0.000000E+0	75.000000E+0	16.080850E+0	175.763995E+3
59.300000E+0	0.000000E+0	0.000000E+0	75.000000E+0	16.415409E+0	175.787789E+3
59.400000E+0	0.000000E+0	0.000000E+0	75.000000E+0	16.201241E+0	175.811794E+3
59.500000E+0	0.000000E+0	0.000000E+0	75.000000E+0	16.462298E+0	175.835798E+3
59.600000E+0	0.000000E+0	0.000000E+0	75.000000E+0	16.581421E+0	175.859719E+3
59.700000E+0	0.000000E+0	0.000000E+0	75.000000E+0	16.244328E+0	175.883752E+3
59.800000E+0	0.000000E+0	0.000000E+0	75.000000E+0	16.501583E+0	175.907770E+3
59.900000E+0	0.000000E+0	0.000000E+0	75.000000E+0	16.197439E+0	175.931916E+3
60.000000E+0	0.000000E+0	0.000000E+0	75.000000E+0	16.168292E+0	175.955808E+3
60.100000E+0	0.000000E+0	0.000000E+0	75.000000E+0	16.469901E+0	175.979784E+3
60.200000E+0	0.000000E+0	0.000000E+0	75.000000E+0	16.572550E+0	176.003719E+3
60.300000E+0	0.000000E+0	0.000000E+0	75.000000E+0	15.968064E+0	176.027948E+3
60.400000E+0	0.000000E+0	0.000000E+0	75.000000E+0	16.450892E+0	176.051798E+3
60.500000E+0	0.000000E+0	0.000000E+0	75.000000E+0	16.131541E+0	176.075944E+3
60.600000E+0	0.000000E+0	0.000000E+0	75.000000E+0	16.198706E+0	176.099794E+3
60.700000E+0	0.000000E+0	0.000000E+0	75.000000E+0	16.488910E+0	176.123798E+3
60.800000E+0	0.000000E+0	0.000000E+0	75.000000E+0	16.458496E+0	176.147789E+3
60.900000E+0	0.000000E+0	0.000000E+0	75.000000E+0	16.165757E+0	176.171808E+3
61.000000E+0	0.000000E+0	0.000000E+0	75.000000E+0	16.457229E+0	176.195812E+3
61.100000E+0	0.000000E+0	0.000000E+0	75.000000E+0	16.329235E+0	176.219845E+3
61.200000E+0	0.000000E+0	0.000000E+0	75.000000E+0	16.016220E+0	176.243906E+3
61.300000E+0	0.000000E+0	0.000000E+0	75.000000E+0	16.434418E+0	176.267827E+3
61.400000E+0	0.000000E+0	0.000000E+0	75.000000E+0	15.966796E+0	176.292000E+3
61.500000E+0	0.000000E+0	0.000000E+0	75.000000E+0	16.383727E+0	176.315639E+3
61.600000E+0	0.000000E+0	0.000000E+0	75.000000E+0	16.459763E+0	176.339841E+3
61.700000E+0	0.000000E+0	0.000000E+0	75.000000E+0	16.671397E+0	176.363663E+3
61.800000E+0	0.000000E+0	0.000000E+0	75.000000E+0	16.259535E+0	176.387738E+3
61.900000E+0	0.000000E+0	0.000000E+0	75.000000E+0	16.583955E+0	176.411756E+3
62.000000E+0	0.000000E+0	0.000000E+0	75.000000E+0	16.174628E+0	176.435930E+3
62.100000E+0	0.000000E+0	0.000000E+0	75.000000E+0	15.942718E+0	176.459962E+3
62.200000E+0	0.000000E+0	0.000000E+0	75.000000E+0	16.357115E+0	176.483869E+3
62.300000E+0	0.000000E+0	0.000000E+0	75.000000E+0	16.023823E+0	176.508000E+3
62.400000E+0	0.000000E+0	0.000000E+0	75.000000E+0	16.079583E+0	176.531892E+3
62.500000E+0	0.000000E+0	0.000000E+0	75.000000E+0	15.857811E+0	176.556080E+3
62.600000E+0	0.000000E+0	0.000000E+0	75.000000E+0	15.662652E+0	176.580098E+3
62.700000E+0	0.000000E+0	0.000000E+0	75.000000E+0	15.354707E+0	176.604159E+3
62.800000E+0	0.000000E+0	0.000000E+0	75.000000E+0	15.435812E+0	176.628206E+3
62.900000E+0	0.000000E+0	0.000000E+0	75.000000E+0	15.214040E+0	176.652239E+3
63.000000E+0	0.000000E+0	0.000000E+0	75.000000E+0	15.508046E+0	176.676103E+3
63.100000E+0	0.000000E+0	0.000000E+0	75.000000E+0	15.590418E+0	176.700122E+3
63.200000E+0	0.000000E+0	0.000000E+0	75.000000E+0	14.828791E+0	176.724323E+3
63.300000E+0	0.000000E+0	0.000000E+0	75.000000E+0	15.210238E+0	176.748173E+3
63.400000E+0	0.000000E+0	0.000000E+0	75.000000E+0	15.164617E+0	176.772263E+3
63.500000E+0	0.000000E+0	0.000000E+0	75.000000E+0	14.629830E+0	176.796366E+3
63.600000E+0	0.000000E+0	0.000000E+0	75.000000E+0	14.941578E+0	176.820244E+3
63.700000E+0	0.000000E+0	0.000000E+0	75.000000E+0	14.579139E+0	176.844445E+3
63.800000E+0	0.000000E+0	0.000000E+0	75.000000E+0	14.435938E+0	176.868408E+3
63.900000E+0	0.000000E+0	0.000000E+0	75.000000E+0	14.833860E+0	176.892286E+3
64.000000E+0	0.000000E+0	0.000000E+0	75.000000E+0	14.968190E+0	176.916305E+3
64.100000E+0	0.000000E+0	0.000000E+0	75.000000E+0	14.416929E+0	176.940408E+3
64.200000E+0	0.000000E+0	0.000000E+0	75.000000E+0	14.738815E+0	176.964300E+3
64.300000E+0	0.000000E+0	0.000000E+0	75.000000E+0	14.907361E+0	176.988319E+3
64.400000E+0	0.000000E+0	0.000000E+0	75.000000E+0	14.861740E+0	177.012281E+3
64.500000E+0	0.000000E+0	0.000000E+0	75.000000E+0	14.574070E+0	177.036342E+3
64.600000E+0	0.000000E+0	0.000000E+0	75.000000E+0	14.807247E+0	177.060347E+3
64.700000E+0	0.000000E+0	0.000000E+0	75.000000E+0	14.591812E+0	177.084352E+3
64.800000E+0	0.000000E+0	0.000000E+0	75.000000E+0	13.766821E+0	177.108567E+3
64.900000E+0	0.000000E+0	0.000000E+0	75.000000E+0	14.699530E+0	177.132656E+3
65.000000E+0	0.000000E+0	0.000000E+0	75.000000E+0	14.296539E+0	177.156422E+3
65.100000E+0	0.000000E+0	0.000000E+0	75.000000E+0	13.956911E+0	177.180511E+3
65.200000E+0	0.000000E+0	0.000000E+0	75.000000E+0	14.836395E+0	177.204684E+3
65.300000E+0	0.000000E+0	0.000000E+0	75.000000E+0	14.843998E+0	177.228689E+3
65.400000E+0	0.000000E+0	0.000000E+0	75.000000E+0	14.916232E+0	177.252722E+3
65.500000E+0	0.000000E+0	0.000000E+0	75.000000E+0	14.674184E+0	177.276642E+3
65.600000E+0	0.000000E+0	0.000000E+0	75.000000E+0	15.188695E+0	177.300773E+3
65.700000E+0	0.000000E+0	0.000000E+0	75.000000E+0	15.655049E+0	177.324891E+3
65.800000E+0	0.000000E+0	0.000000E+0	75.000000E+0	15.350905E+0	177.348783E+3
65.900000E+0	0.000000E+0	0.000000E+0	75.000000E+0	15.795715E+0	177.372970E+3
66.000000E+0	0.000000E+0	0.000000E+0	75.000000E+0	15.644911E+0	177.396863E+3
66.100000E+0	0.000000E+0	0.000000E+0	75.000000E+0	15.913571E+0	177.420952E+3
66.200000E+0	0.000000E+0	0.000000E+0	75.000000E+0	15.874286E+0	177.444970E+3
66.300000E+0	0.000000E+0	0.000000E+0	75.000000E+0	16.628310E+0	177.469214E+3
66.400000E+0	0.000000E+0	0.000000E+0	75.000000E+0	16.578886E+0	177.493177E+3
66.500000E+0	0.000000E+0	0.000000E+0	75.000000E+0	16.681535E+0	177.517336E+3
66.600000E+0	0.000000E+0	0.000000E+0	75.000000E+0	16.810796E+0	177.541270E+3
66.700000E+0	0.000000E+0	0.000000E+0	75.000000E+0	17.180838E+0	177.565556E+3
66.800000E+0	0.000000E+0	0.000000E+0	75.000000E+0	16.857685E+0	177.589589E+3
66.900000E+0	0.000000E+0	0.000000E+0	75.000000E+0	17.221390E+0	177.613509E+3
67.000000E+0	0.000000E+0	0.000000E+0	75.000000E+0	17.282219E+0	177.637641E+3
67.100000E+0	0.000000E+0	0.000000E+0	75.000000E+0	17.037637E+0	177.661828E+3
67.200000E+0	0.000000E+0	0.000000E+0	75.000000E+0	17.368393E+0	177.685720E+3
67.300000E+0	0.000000E+0	0.000000E+0	75.000000E+0	17.330375E+0	177.709852E+3
67.400000E+0	0.000000E+0	0.000000E+0	75.000000E+0	16.998351E+0	177.734081E+3
67.500000E+0	0.000000E+0	0.000000E+0	75.000000E+0	17.201114E+0	177.757988E+3
67.600000E+0	0.000000E+0	0.000000E+0	75.000000E+0	17.018628E+0	177.782273E+3
67.700000E+0	0.000000E+0	0.000000E+0	75.000000E+0	16.986946E+0	177.806152E+3
67.800000E+0	0.000000E+0	0.000000E+0	75.000000E+0	17.026231E+0	177.830212E+3
67.900000E+0	0.000000E+0	0.000000E+0	75.000000E+0	16.478772E+0	177.854569E+3
68.000000E+0	0.000000E+0	0.000000E+0	75.000000E+0	16.047901E+0	177.878559E+3
68.100000E+0	0.000000E+0	0.000000E+0	75.000000E+0	16.615637E+0	177.902466E+3
68.200000E+0	0.000000E+0	0.000000E+0	75.000000E+0	16.270940E+0	177.926611E+3
68.300000E+0	0.000000E+0	0.000000E+0	75.000000E+0	15.698136E+0	177.950658E+3
68.400000E+0	0.000000E+0	0.000000E+0	75.000000E+0	15.652514E+0	177.974747E+3
68.500000E+0	0.000000E+0	0.000000E+0	75.000000E+0	15.470028E+0	177.998850E+3
68.600000E+0	0.000000E+0	0.000000E+0	75.000000E+0	14.931440E+0	178.022883E+3
68.700000E+0	0.000000E+0	0.000000E+0	75.000000E+0	15.121530E+0	178.046944E+3
68.800000E+0	0.000000E+0	0.000000E+0	75.000000E+0	15.515649E+0	178.071103E+3
68.900000E+0	0.000000E+0	0.000000E+0	75.000000E+0	16.134076E+0	178.095206E+3
69.000000E+0	0.000000E+0	0.000000E+0	75.000000E+0	16.346976E+0	178.119211E+3
69.100000E+0	0.000000E+0	0.000000E+0	75.000000E+0	16.144214E+0	178.143342E+3
69.200000E+0	0.000000E+0	0.000000E+0	75.000000E+0	16.571283E+0	178.167347E+3
69.300000E+0	0.000000E+0	0.000000E+0	75.000000E+0	16.822201E+0	178.191408E+3
69.400000E+0	0.000000E+0	0.000000E+0	75.000000E+0	16.526928E+0	178.215553E+3
69.500000E+0	0.000000E+0	0.000000E+0	75.000000E+0	16.999619E+0	178.239600E+3
69.600000E+0	0.000000E+0	0.000000E+0	75.000000E+0	17.235330E+0	178.263816E+3
69.700000E+0	0.000000E+0	0.000000E+0	75.000000E+0	16.824736E+0	178.287778E+3
69.800000E+0	0.000000E+0	0.000000E+0	75.000000E+0	17.120009E+0	178.312008E+3
69.900000E+0	0.000000E+0	0.000000E+0	75.000000E+0	17.183372E+0	178.336083E+3
70.000000E+0	0.000000E+0	0.000000E+0	75.000000E+0	16.871625E+0	178.360130E+3
70.100000E+0	0.000000E+0	0.000000E+0	75.000000E+0	17.031300E+0	178.384205E+3
70.200000E+0	0.000000E+0	0.000000E+0	75.000000E+0	17.071853E+0	178.408209E+3
70.300000E+0	0.000000E+0	0.000000E+0	75.000000E+0	16.809529E+0	178.432144E+3
70.400000E+0	0.000000E+0	0.000000E+0	75.000000E+0	16.774045E+0	178.456402E+3
70.500000E+0	0.000000E+0	0.000000E+0	75.000000E+0	17.036369E+0	178.480238E+3
70.600000E+0	0.000000E+0	0.000000E+0	75.000000E+0	16.353313E+0	178.504523E+3
70.700000E+0	0.000000E+0	0.000000E+0	75.000000E+0	16.538334E+0	178.528627E+3
70.800000E+0	0.000000E+0	0.000000E+0	75.000000E+0	16.445823E+0	178.552631E+3
70.900000E+0	0.000000E+0	0.000000E+0	75.000000E+0	16.230388E+0	178.576622E+3
71.000000E+0	0.000000E+0	0.000000E+0	75.000000E+0	16.439487E+0	178.600641E+3
71.100000E+0	0.000000E+0	0.000000E+0	75.000000E+0	16.379925E+0	178.624645E+3
71.200000E+0	0.000000E+0	0.000000E+0	75.000000E+0	15.508046E+0	178.648931E+3
71.300000E+0	0.000000E+0	0.000000E+0	75.000000E+0	15.378785E+0	178.673020E+3
71.400000E+0	0.000000E+0	0.000000E+0	75.000000E+0	15.202635E+0	178.697039E+3
71.500000E+0	0.000000E+0	0.000000E+0	75.000000E+0	15.287541E+0	178.720973E+3
71.600000E+0	0.000000E+0	0.000000E+0	75.000000E+0	14.539854E+0	178.745259E+3
71.700000E+0	0.000000E+0	0.000000E+0	75.000000E+0	14.144467E+0	178.769292E+3
71.800000E+0	0.000000E+0	0.000000E+0	75.000000E+0	14.290203E+0	178.793227E+3
71.900000E+0	0.000000E+0	0.000000E+0	75.000000E+0	14.941578E+0	178.817513E+3
72.000000E+0	0.000000E+0	0.000000E+0	75.000000E+0	14.926370E+0	178.841503E+3
72.100000E+0	0.000000E+0	0.000000E+0	75.000000E+0	15.439613E+0	178.865620E+3
72.200000E+0	0.000000E+0	0.000000E+0	75.000000E+0	15.385121E+0	178.889583E+3
72.300000E+0	0.000000E+0	0.000000E+0	75.000000E+0	15.363577E+0	178.913616E+3
72.400000E+0	0.000000E+0	0.000000E+0	75.000000E+0	15.840070E+0	178.937705E+3
72.500000E+0	0.000000E+0	0.000000E+0	75.000000E+0	16.170826E+0	178.961822E+3
72.600000E+0	0.000000E+0	0.000000E+0	75.000000E+0	16.202508E+0	178.985883E+3
72.700000E+0	0.000000E+0	0.000000E+0	75.000000E+0	16.658724E+0	179.010000E+3
72.800000E+0	0.000000E+0	0.000000E+0	75.000000E+0	17.054111E+0	179.034258E+3
72.900000E+0	0.000000E+0	0.000000E+0	75.000000E+0	16.711949E+0	179.058164E+3
73.000000E+0	0.000000E+0	0.000000E+0	75.000000E+0	17.141553E+0	179.082225E+3
73.100000E+0	0.000000E+0	0.000000E+0	75.000000E+0	17.212520E+0	179.106356E+3
73.200000E+0	0.000000E+0	0.000000E+0	75.000000E+0	17.055378E+0	179.130572E+3
73.300000E+0	0.000000E+0	0.000000E+0	75.000000E+0	17.405144E+0	179.154478E+3
73.400000E+0	0.000000E+0	0.000000E+0	75.000000E+0	17.267012E+0	179.178792E+3
73.500000E+0	0.000000E+0	0.000000E+0	75.000000E+0	17.049042E+0	179.202670E+3
73.600000E+0	0.000000E+0	0.000000E+0	75.000000E+0	17.208718E+0	179.226773E+3
73.700000E+0	0.000000E+0	0.000000E+0	75.000000E+0	17.196045E+0	179.250933E+3
73.800000E+0	0.000000E+0	0.000000E+0	75.000000E+0	16.590292E+0	179.275134E+3
73.900000E+0	0.000000E+0	0.000000E+0	75.000000E+0	16.752502E+0	179.299223E+3
74.000000E+0	0.000000E+0	0.000000E+0	75.000000E+0	16.852616E+0	179.323172E+3
74.100000E+0	0.000000E+0	0.000000E+0	75.000000E+0	16.262070E+0	179.347247E+3
74.200000E+0	0.000000E+0	0.000000E+0	75.000000E+0	15.951589E+0	179.371477E+3
74.300000E+0	0.000000E+0	0.000000E+0	75.000000E+0	16.156886E+0	179.395467E+3
74.400000E+0	0.000000E+0	0.000000E+0	75.000000E+0	15.609427E+0	179.419486E+3
74.500000E+0	0.000000E+0	0.000000E+0	75.000000E+0	15.592953E+0	179.443547E+3
74.600000E+0	0.000000E+0	0.000000E+0	75.000000E+0	15.348370E+0	179.467875E+3
74.700000E+0	0.000000E+0	0.000000E+0	75.000000E+0	14.748953E+0	179.491753E+3
74.800000E+0	0.000000E+0	0.000000E+0	75.000000E+0	15.698136E+0	179.515828E+3
74.900000E+0	0.000000E+0	0.000000E+0	75.000000E+0	15.769103E+0	179.539959E+3
75.000000E+0	0.000000E+0	0.000000E+0	75.000000E+0	16.134076E+0	179.564006E+3
75.100000E+0	0.000000E+0	0.000000E+0	75.000000E+0	16.472436E+0	179.588053E+3
75.200000E+0	0.000000E+0	0.000000E+0	75.000000E+0	16.462298E+0	179.612353E+3
75.300000E+0	0.000000E+0	0.000000E+0	75.000000E+0	16.637181E+0	179.636217E+3
75.400000E+0	0.000000E+0	0.000000E+0	75.000000E+0	16.862754E+0	179.660264E+3
75.500000E+0	0.000000E+0	0.000000E+0	75.000000E+0	16.421745E+0	179.684311E+3
75.600000E+0	0.000000E+0	0.000000E+0	75.000000E+0	16.997084E+0	179.708498E+3
75.700000E+0	0.000000E+0	0.000000E+0	75.000000E+0	17.022430E+0	179.732363E+3
75.800000E+0	0.000000E+0	0.000000E+0	75.000000E+0	16.718286E+0	179.756564E+3
75.900000E+0	0.000000E+0	0.000000E+0	75.000000E+0	16.945126E+0	179.780400E+3
76.000000E+0	0.000000E+0	0.000000E+0	75.000000E+0	17.102267E+0	179.804517E+3
76.100000E+0	0.000000E+0	0.000000E+0	75.000000E+0	16.531997E+0	179.828381E+3
76.200000E+0	0.000000E+0	0.000000E+0	75.000000E+0	16.866556E+0	179.852372E+3
76.300000E+0	0.000000E+0	0.000000E+0	75.000000E+0	17.002153E+0	179.876363E+3
76.400000E+0	0.000000E+0	0.000000E+0	75.000000E+0	16.443289E+0	179.900353E+3
76.500000E+0	0.000000E+0	0.000000E+0	75.000000E+0	17.002153E+0	179.924527E+3
76.600000E+0	0.000000E+0	0.000000E+0	75.000000E+0	16.926117E+0	179.948292E+3
76.700000E+0	0.000000E+0	0.000000E+0	75.000000E+0	16.488910E+0	179.972381E+3
76.800000E+0	0.000000E+0	0.000000E+0	75.000000E+0	16.723355E+0	179.996288E+3
76.900000E+0	0.000000E+0	0.000000E+0	75.000000E+0	16.905841E+0	180.020306E+3
77.000000E+0	0.000000E+0	0.000000E+0	75.000000E+0	16.573817E+0	180.044437E+3
77.100000E+0	0.000000E+0	0.000000E+0	75.000000E+0	16.700544E+0	180.068259E+3
77.200000E+0	0.000000E+0	0.000000E+0	75.000000E+0	16.763907E+0	180.092222E+3
77.300000E+0	0.000000E+0	0.000000E+0	75.000000E+0	16.409073E+0	180.116297E+3
77.400000E+0	0.000000E+0	0.000000E+0	75.000000E+0	16.685337E+0	180.140245E+3
77.500000E+0	0.000000E+0	0.000000E+0	75.000000E+0	16.803192E+0	180.164250E+3
77.600000E+0	0.000000E+0	0.000000E+0	75.000000E+0	16.540868E+0	180.188452E+3
77.700000E+0	0.000000E+0	0.000000E+0	75.000000E+0	16.913445E+0	180.212414E+3
77.800000E+0	0.000000E+0	0.000000E+0	75.000000E+0	16.700544E+0	180.236180E+3
77.900000E+0	0.000000E+0	0.000000E+0	75.000000E+0	16.297553E+0	180.260227E+3
78.000000E+0	0.000000E+0	0.000000E+0	75.000000E+0	16.761373E+0	180.284316E+3
78.100000E+0	0.000000E+0	0.000000E+0	75.000000E+0	16.640982E+0	180.308152E+3
78.200000E+0	0.000000E+0	0.000000E+0	75.000000E+0	16.416676E+0	180.332367E+3
78.300000E+0	0.000000E+0	0.000000E+0	75.000000E+0	16.417943E+0	180.356133E+3
78.400000E+0	0.000000E+0	0.000000E+0	75.000000E+0	16.386262E+0	180.380067E+3
78.500000E+0	0.000000E+0	0.000000E+0	75.000000E+0	15.890760E+0	180.404058E+3
78.600000E+0	0.000000E+0	0.000000E+0	75.000000E+0	16.028892E+0	180.428006E+3
78.700000E+0	0.000000E+0	0.000000E+0	75.000000E+0	15.889493E+0	180.451884E+3
78.800000E+0	0.000000E+0	0.000000E+0	75.000000E+0	15.815992E+0	180.476058E+3
78.900000E+0	0.000000E+0	0.000000E+0	75.000000E+0	15.224178E+0	180.499584E+3
79.000000E+0	0.000000E+0	0.000000E+0	75.000000E+0	15.189962E+0	180.523687E+3
79.100000E+0	0.000000E+0	0.000000E+0	75.000000E+0	15.361043E+0	180.547678E+3
79.200000E+0	0.000000E+0	0.000000E+0	75.000000E+0	15.762766E+0	180.571416E+3
79.300000E+0	0.000000E+0	0.000000E+0	75.000000E+0	16.287415E+0	180.595322E+3
79.400000E+0	0.000000E+0	0.000000E+0	75.000000E+0	15.945253E+0	180.619509E+3
79.500000E+0	0.000000E+0	0.000000E+0	75.000000E+0	15.815992E+0	180.643402E+3
79.600000E+0	0.000000E+0	0.000000E+0	75.000000E+0	16.703078E+0	180.667195E+3
79.700000E+0	0.000000E+0	0.000000E+0	75.000000E+0	16.353313E+0	180.691369E+3
79.800000E+0	0.000000E+0	0.000000E+0	75.000000E+0	16.159421E+0	180.715275E+3
79.900000E+0	0.000000E+0	0.000000E+0	75.000000E+0	16.628310E+0	180.739252E+3
80.000000E+0	0.000000E+0	0.000000E+0	75.000000E+0	16.659991E+0	180.763270E+3
80.100000E+0	0.000000E+0	0.000000E+0	75.000000E+0	16.748700E+0	180.786966E+3
80.200000E+0	0.000000E+0	0.000000E+0	75.000000E+0	16.895703E+0	180.811111E+3
80.300000E+0	0.000000E+0	0.000000E+0	75.000000E+0	17.079457E+0	180.834919E+3
80.400000E+0	0.000000E+0	0.000000E+0	75.000000E+0	16.852616E+0	180.858853E+3
80.500000E+0	0.000000E+0	0.000000E+0	75.000000E+0	17.097198E+0	180.882788E+3
