t [s] || setpoint speed [rot. s^-1] || setpoint pos [°] || duty cycle [%] || Ang Speed [rot. s^-1] ||
Ang Pos [°]
0,000000E+0	5,000000E+0	0,000000E+0	100,000000E-3	-10,909649E-3	12,753183E+3
100,000000E-3	5,000000E+0	0,000000E+0	100,000000E-3	-43,858626E-3	12,753183E+3
200,000000E-3	5,000000E+0	0,000000E+0	100,000000E-3	-37,522284E-3	12,753183E+3
300,000000E-3	5,000000E+0	0,000000E+0	100,000000E-3	-33,720479E-3	12,753183E+3
400,000000E-3	5,000000E+0	0,000000E+0	100,000000E-3	-33,720479E-3	12,753183E+3
500,000000E-3	5,000000E+0	0,000000E+0	100,000000E-3	-24,849601E-3	12,753183E+3
600,000000E-3	5,000000E+0	0,000000E+0	100,000000E-3	-32,453211E-3	12,753183E+3
700,000000E-3	5,000000E+0	0,000000E+0	100,000000E-3	-41,324089E-3	12,753183E+3
800,000000E-3	5,000000E+0	0,000000E+0	100,000000E-3	-15,978722E-3	12,753183E+3
900,000000E-3	5,000000E+0	0,000000E+0	100,000000E-3	-46,393162E-3	12,753183E+3
1,000000E+0	5,000000E+0	0,000000E+0	100,000000E-3	-40,056821E-3	12,753183E+3
1,100000E+0	5,000000E+0	0,000000E+0	100,000000E-3	-36,255016E-3	12,753183E+3
1,200000E+0	5,000000E+0	0,000000E+0	100,000000E-3	-38,789552E-3	12,753183E+3
1,300000E+0	5,000000E+0	0,000000E+0	100,000000E-3	-38,789552E-3	12,753183E+3
1,400000E+0	5,000000E+0	0,000000E+0	100,000000E-3	-40,056821E-3	12,753183E+3
1,500000E+0	5,000000E+0	0,000000E+0	100,000000E-3	-37,522284E-3	12,753183E+3
1,600000E+0	5,000000E+0	0,000000E+0	100,000000E-3	42,315620E-3	12,753183E+3
1,700000E+0	5,000000E+0	0,000000E+0	100,000000E-3	-14,711454E-3	12,753183E+3
1,800000E+0	5,000000E+0	0,000000E+0	100,000000E-3	-43,858626E-3	12,753183E+3
1,900000E+0	5,000000E+0	0,000000E+0	100,000000E-3	-40,056821E-3	12,753183E+3
2,000000E+0	5,000000E+0	0,000000E+0	100,000000E-3	-18,513259E-3	12,753183E+3
2,100000E+0	5,000000E+0	0,000000E+0	100,000000E-3	-26,116869E-3	12,753183E+3
2,200000E+0	5,000000E+0	0,000000E+0	100,000000E-3	-42,591357E-3	12,753183E+3
2,300000E+0	5,000000E+0	0,000000E+0	100,000000E-3	-18,513259E-3	12,753183E+3
2,400000E+0	5,000000E+0	0,000000E+0	100,000000E-3	-36,255016E-3	12,753183E+3
2,500000E+0	5,000000E+0	0,000000E+0	100,000000E-3	-40,056821E-3	12,753183E+3
2,600000E+0	5,000000E+0	0,000000E+0	100,000000E-3	-22,315064E-3	12,753183E+3
2,700000E+0	5,000000E+0	0,000000E+0	100,000000E-3	-18,513259E-3	12,753183E+3
2,800000E+0	5,000000E+0	0,000000E+0	100,000000E-3	-45,125894E-3	12,753183E+3
2,900000E+0	5,000000E+0	0,000000E+0	100,000000E-3	-29,918674E-3	12,753183E+3
3,000000E+0	5,000000E+0	0,000000E+0	100,000000E-3	-47,660431E-3	12,753183E+3
3,100000E+0	5,000000E+0	0,000000E+0	100,000000E-3	-15,978722E-3	12,753183E+3
3,200000E+0	5,000000E+0	0,000000E+0	100,000000E-3	-17,245991E-3	12,753183E+3
3,300000E+0	5,000000E+0	0,000000E+0	100,000000E-3	-14,711454E-3	12,753183E+3
3,400000E+0	5,000000E+0	0,000000E+0	100,000000E-3	-36,255016E-3	12,753183E+3
3,500000E+0	5,000000E+0	0,000000E+0	100,000000E-3	-38,789552E-3	12,753183E+3
3,600000E+0	5,000000E+0	0,000000E+0	100,000000E-3	-43,858626E-3	12,753183E+3
3,700000E+0	5,000000E+0	0,000000E+0	100,000000E-3	-26,116869E-3	12,753183E+3
3,800000E+0	5,000000E+0	0,000000E+0	100,000000E-3	-46,393162E-3	12,753183E+3
3,900000E+0	5,000000E+0	0,000000E+0	100,000000E-3	-43,858626E-3	12,753183E+3
4,000000E+0	5,000000E+0	0,000000E+0	100,000000E-3	-10,909649E-3	12,753183E+3
4,100000E+0	5,000000E+0	0,000000E+0	100,000000E-3	-10,909649E-3	12,753183E+3
4,200000E+0	5,000000E+0	0,000000E+0	100,000000E-3	-24,849601E-3	12,753183E+3
4,300000E+0	5,000000E+0	0,000000E+0	100,000000E-3	-9,642381E-3	12,753183E+3
4,400000E+0	5,000000E+0	0,000000E+0	100,000000E-3	-24,849601E-3	12,753183E+3
4,500000E+0	5,000000E+0	0,000000E+0	100,000000E-3	-38,789552E-3	12,753183E+3
4,600000E+0	5,000000E+0	0,000000E+0	100,000000E-3	-38,789552E-3	12,753183E+3
4,700000E+0	5,000000E+0	0,000000E+0	100,000000E-3	-12,176917E-3	12,753183E+3
4,800000E+0	5,000000E+0	0,000000E+0	100,000000E-3	-26,116869E-3	12,753183E+3
4,900000E+0	5,000000E+0	0,000000E+0	100,000000E-3	-26,116869E-3	12,753183E+3
5,000000E+0	5,000000E+0	0,000000E+0	100,000000E-3	-38,789552E-3	12,753183E+3
5,100000E+0	5,000000E+0	0,000000E+0	100,000000E-3	-22,315064E-3	12,753183E+3
5,200000E+0	5,000000E+0	0,000000E+0	100,000000E-3	-12,176917E-3	12,753183E+3
5,300000E+0	5,000000E+0	0,000000E+0	100,000000E-3	-40,056821E-3	12,753183E+3
5,400000E+0	5,000000E+0	0,000000E+0	100,000000E-3	-10,909649E-3	12,753183E+3
5,500000E+0	5,000000E+0	0,000000E+0	100,000000E-3	-38,789552E-3	12,753183E+3
5,600000E+0	5,000000E+0	0,000000E+0	100,000000E-3	-43,858626E-3	12,753183E+3
5,700000E+0	5,000000E+0	0,000000E+0	100,000000E-3	-17,245991E-3	12,753183E+3
5,800000E+0	5,000000E+0	0,000000E+0	100,000000E-3	-32,453211E-3	12,753183E+3
5,900000E+0	5,000000E+0	0,000000E+0	100,000000E-3	-8,375112E-3	12,753183E+3
6,000000E+0	5,000000E+0	0,000000E+0	100,000000E-3	-15,978722E-3	12,753183E+3
6,100000E+0	5,000000E+0	0,000000E+0	100,000000E-3	-9,642381E-3	12,753183E+3
6,200000E+0	5,000000E+0	0,000000E+0	100,000000E-3	-23,582332E-3	12,753183E+3
6,300000E+0	5,000000E+0	0,000000E+0	100,000000E-3	-15,978722E-3	12,753183E+3
6,400000E+0	5,000000E+0	0,000000E+0	100,000000E-3	-34,987747E-3	12,753183E+3
6,500000E+0	5,000000E+0	0,000000E+0	100,000000E-3	-10,909649E-3	12,753183E+3
6,600000E+0	5,000000E+0	0,000000E+0	100,000000E-3	-45,125894E-3	12,753183E+3
6,700000E+0	5,000000E+0	0,000000E+0	100,000000E-3	-17,245991E-3	12,753183E+3
6,800000E+0	5,000000E+0	0,000000E+0	100,000000E-3	-27,384137E-3	12,753183E+3
6,900000E+0	5,000000E+0	0,000000E+0	100,000000E-3	-46,393162E-3	12,753183E+3
7,000000E+0	5,000000E+0	0,000000E+0	100,000000E-3	-17,245991E-3	12,753183E+3
7,100000E+0	5,000000E+0	0,000000E+0	100,000000E-3	-13,444186E-3	12,753183E+3
7,200000E+0	5,000000E+0	0,000000E+0	100,000000E-3	-38,789552E-3	12,753183E+3
7,300000E+0	5,000000E+0	0,000000E+0	100,000000E-3	-40,056821E-3	12,753183E+3
7,400000E+0	5,000000E+0	0,000000E+0	100,000000E-3	-19,780527E-3	12,753183E+3
7,500000E+0	5,000000E+0	0,000000E+0	100,000000E-3	-28,651406E-3	12,753183E+3
7,600000E+0	5,000000E+0	0,000000E+0	100,000000E-3	-37,522284E-3	12,753183E+3
7,700000E+0	5,000000E+0	0,000000E+0	100,000000E-3	-46,393162E-3	12,753183E+3
7,800000E+0	5,000000E+0	0,000000E+0	100,000000E-3	-33,720479E-3	12,753183E+3
7,900000E+0	5,000000E+0	0,000000E+0	100,000000E-3	-40,056821E-3	12,753183E+3
8,000000E+0	5,000000E+0	0,000000E+0	100,000000E-3	-34,987747E-3	12,753183E+3
8,100000E+0	5,000000E+0	0,000000E+0	100,000000E-3	-41,324089E-3	12,753183E+3
8,200000E+0	5,000000E+0	0,000000E+0	100,000000E-3	-42,591357E-3	12,753183E+3
8,300000E+0	5,000000E+0	0,000000E+0	100,000000E-3	-37,522284E-3	12,753183E+3
8,400000E+0	5,000000E+0	0,000000E+0	100,000000E-3	-38,789552E-3	12,753183E+3
8,500000E+0	5,000000E+0	0,000000E+0	100,000000E-3	-27,384137E-3	12,753183E+3
8,600000E+0	5,000000E+0	0,000000E+0	100,000000E-3	-36,255016E-3	12,753183E+3
8,700000E+0	5,000000E+0	0,000000E+0	100,000000E-3	-38,789552E-3	12,753183E+3
8,800000E+0	5,000000E+0	0,000000E+0	100,000000E-3	-43,858626E-3	12,753183E+3
8,900000E+0	5,000000E+0	0,000000E+0	100,000000E-3	-9,642381E-3	12,753183E+3
9,000000E+0	5,000000E+0	0,000000E+0	100,000000E-3	-37,522284E-3	12,753183E+3
9,100000E+0	5,000000E+0	0,000000E+0	100,000000E-3	-41,324089E-3	12,753183E+3
9,200000E+0	5,000000E+0	0,000000E+0	100,000000E-3	-13,444186E-3	12,753183E+3
9,300000E+0	5,000000E+0	0,000000E+0	100,000000E-3	-42,591357E-3	12,753183E+3
9,400000E+0	5,000000E+0	0,000000E+0	100,000000E-3	-40,056821E-3	12,753183E+3
9,500000E+0	5,000000E+0	0,000000E+0	100,000000E-3	-23,582332E-3	12,753183E+3
9,600000E+0	5,000000E+0	0,000000E+0	100,000000E-3	-26,116869E-3	12,753183E+3
9,700000E+0	5,000000E+0	0,000000E+0	100,000000E-3	-26,116869E-3	12,753183E+3
9,800000E+0	5,000000E+0	0,000000E+0	100,000000E-3	-40,056821E-3	12,753183E+3
9,900000E+0	5,000000E+0	0,000000E+0	100,000000E-3	-23,582332E-3	12,753183E+3
10,000000E+0	5,000000E+0	0,000000E+0	100,000000E-3	-15,978722E-3	12,753183E+3
10,100000E+0	5,000000E+0	0,000000E+0	100,000000E-3	-34,987747E-3	12,753183E+3
10,200000E+0	5,000000E+0	0,000000E+0	100,000000E-3	-10,909649E-3	12,753183E+3
10,300000E+0	5,000000E+0	0,000000E+0	3,080837E+0	-32,453211E-3	12,753183E+3
10,400000E+0	5,000000E+0	0,000000E+0	4,599287E+0	-34,987747E-3	12,753197E+3
10,500000E+0	5,000000E+0	0,000000E+0	6,097403E+0	-26,116869E-3	12,753197E+3
10,600000E+0	5,000000E+0	0,000000E+0	7,637387E+0	-41,324089E-3	12,753211E+3
10,700000E+0	5,000000E+0	0,000000E+0	9,149129E+0	-38,789552E-3	12,753211E+3
10,800000E+0	5,000000E+0	0,000000E+0	10,646045E+0	-28,651406E-3	12,753225E+3
10,900000E+0	5,000000E+0	0,000000E+0	12,020371E+0	46,117425E-3	12,753281E+3
11,000000E+0	5,000000E+0	0,000000E+0	13,299545E+0	160,171573E-3	12,753492E+3
11,100000E+0	5,000000E+0	0,000000E+0	14,455341E+0	322,381913E-3	12,753886E+3
11,200000E+0	5,000000E+0	0,000000E+0	15,761579E+0	376,874448E-3	12,754434E+3
11,300000E+0	5,000000E+0	0,000000E+0	16,948292E+0	487,126785E-3	12,755166E+3
11,400000E+0	5,000000E+0	0,000000E+0	17,872136E+0	721,571405E-3	12,756066E+3
11,500000E+0	5,000000E+0	0,000000E+0	19,048922E+0	781,133010E-3	12,757148E+3
11,600000E+0	5,000000E+0	0,000000E+0	19,978086E+0	964,886895E-3	12,758456E+3
11,700000E+0	5,000000E+0	0,000000E+0	21,023085E+0	1,056130E+0	12,759989E+3
11,800000E+0	5,000000E+0	0,000000E+0	21,923440E+0	1,210737E+0	12,761747E+3
11,900000E+0	5,000000E+0	0,000000E+0	22,683532E+0	1,416034E+0	12,763772E+3
12,000000E+0	5,000000E+0	0,000000E+0	23,316241E+0	1,656815E+0	12,766022E+3
12,100000E+0	5,000000E+0	0,000000E+0	24,188266E+0	1,729050E+0	12,768441E+3
12,200000E+0	5,000000E+0	0,000000E+0	24,822921E+0	1,917872E+0	12,771070E+3
12,300000E+0	5,000000E+0	0,000000E+0	25,949260E+0	1,810155E+0	12,773925E+3
12,400000E+0	5,000000E+0	0,000000E+0	26,189176E+0	2,199206E+0	12,777061E+3
12,500000E+0	5,000000E+0	0,000000E+0	26,574587E+0	2,446323E+0	12,780436E+3
12,600000E+0	5,000000E+0	0,000000E+0	27,523216E+0	2,348744E+0	12,783980E+3
12,700000E+0	5,000000E+0	0,000000E+0	27,711290E+0	2,678233E+0	12,787734E+3
12,800000E+0	5,000000E+0	0,000000E+0	28,116685E+0	2,836642E+0	12,791700E+3
12,900000E+0	5,000000E+0	0,000000E+0	29,147141E+0	2,631344E+0	12,795919E+3
13,000000E+0	5,000000E+0	0,000000E+0	29,224426E+0	2,974774E+0	12,800194E+3
13,100000E+0	5,000000E+0	0,000000E+0	29,547653E+0	3,129381E+0	12,804750E+3
13,200000E+0	5,000000E+0	0,000000E+0	29,676707E+0	3,363825E+0	12,809531E+3
13,300000E+0	5,000000E+0	0,000000E+0	30,004792E+0	3,452534E+0	12,814397E+3
13,400000E+0	5,000000E+0	0,000000E+0	30,739823E+0	3,306798E+0	12,819473E+3
13,500000E+0	5,000000E+0	0,000000E+0	31,178820E+0	3,344816E+0	12,824733E+3
13,600000E+0	5,000000E+0	0,000000E+0	30,807098E+0	3,814972E+0	12,830077E+3
13,700000E+0	5,000000E+0	0,000000E+0	30,969008E+0	3,920156E+0	12,835659E+3
13,800000E+0	5,000000E+0	0,000000E+0	32,383756E+0	3,330876E+0	12,841327E+3
13,900000E+0	5,000000E+0	0,000000E+0	31,444307E+0	4,110246E+0	12,847106E+3
14,000000E+0	5,000000E+0	0,000000E+0	31,868989E+0	4,025339E+0	12,853125E+3
14,100000E+0	5,000000E+0	0,000000E+0	31,519928E+0	4,372570E+0	12,859144E+3
14,200000E+0	5,000000E+0	0,000000E+0	33,025952E+0	3,660366E+0	12,865359E+3
14,300000E+0	5,000000E+0	0,000000E+0	31,795189E+0	4,543651E+0	12,871617E+3
14,400000E+0	5,000000E+0	0,000000E+0	32,026216E+0	4,492961E+0	12,878016E+3
14,500000E+0	5,000000E+0	0,000000E+0	33,500715E+0	3,778222E+0	12,884498E+3
14,600000E+0	5,000000E+0	0,000000E+0	32,363417E+0	4,591808E+0	12,891038E+3
14,700000E+0	5,000000E+0	0,000000E+0	32,429947E+0	4,622222E+0	12,897773E+3
14,800000E+0	5,000000E+0	0,000000E+0	32,672499E+0	4,552522E+0	12,904411E+3
14,900000E+0	5,000000E+0	0,000000E+0	32,896170E+0	4,504366E+0	12,911231E+3
15,000000E+0	5,000000E+0	0,000000E+0	33,767190E+0	4,114048E+0	12,918038E+3
15,100000E+0	5,000000E+0	0,000000E+0	32,908594E+0	4,722336E+0	12,925013E+3
15,200000E+0	5,000000E+0	0,000000E+0	33,003835E+0	4,716000E+0	12,931945E+3
15,300000E+0	5,000000E+0	0,000000E+0	32,540781E+0	5,012540E+0	12,939061E+3
15,400000E+0	5,000000E+0	0,000000E+0	32,642486E+0	4,955513E+0	12,946078E+3
15,500000E+0	5,000000E+0	0,000000E+0	32,393346E+0	5,097447E+0	12,953292E+3
15,600000E+0	5,000000E+0	0,000000E+0	32,478887E+0	5,035351E+0	12,960309E+3
15,700000E+0	5,000000E+0	0,000000E+0	32,322929E+0	5,113922E+0	12,967481E+3
15,800000E+0	5,000000E+0	0,000000E+0	32,422266E+0	5,041688E+0	12,974569E+3
15,900000E+0	5,000000E+0	0,000000E+0	32,334720E+0	5,082240E+0	12,981769E+3
16,000000E+0	5,000000E+0	0,000000E+0	32,314670E+0	5,079706E+0	12,988870E+3
16,100000E+0	5,000000E+0	0,000000E+0	32,229753E+0	5,112654E+0	12,996098E+3
16,200000E+0	5,000000E+0	0,000000E+0	32,170083E+0	5,126594E+0	13,003242E+3
16,300000E+0	5,000000E+0	0,000000E+0	32,199977E+0	5,089844E+0	13,010414E+3
16,400000E+0	5,000000E+0	0,000000E+0	32,168265E+0	5,092378E+0	13,017516E+3
16,500000E+0	5,000000E+0	0,000000E+0	32,145165E+0	5,089844E+0	13,024730E+3
16,600000E+0	5,000000E+0	0,000000E+0	32,092357E+0	5,103784E+0	13,031817E+3
16,700000E+0	5,000000E+0	0,000000E+0	32,258030E+0	4,997333E+0	13,039017E+3
16,800000E+0	5,000000E+0	0,000000E+0	32,134603E+0	5,064498E+0	13,046161E+3
16,900000E+0	5,000000E+0	0,000000E+0	32,342564E+0	4,941573E+0	13,053291E+3
17,000000E+0	5,000000E+0	0,000000E+0	32,221846E+0	5,016342E+0	13,060364E+3
17,100000E+0	5,000000E+0	0,000000E+0	32,495859E+0	4,865537E+0	13,067564E+3
17,200000E+0	5,000000E+0	0,000000E+0	32,402701E+0	4,937772E+0	13,074623E+3
17,300000E+0	5,000000E+0	0,000000E+0	32,784730E+0	4,741345E+0	13,081823E+3
17,400000E+0	5,000000E+0	0,000000E+0	32,595324E+0	4,885814E+0	13,088925E+3
17,500000E+0	5,000000E+0	0,000000E+0	33,028141E+0	4,670378E+0	13,096125E+3
17,600000E+0	5,000000E+0	0,000000E+0	32,775701E+0	4,860468E+0	13,103255E+3
17,700000E+0	5,000000E+0	0,000000E+0	33,190358E+0	4,658973E+0	13,110511E+3
17,800000E+0	5,000000E+0	0,000000E+0	32,852278E+0	4,897219E+0	13,117669E+3
17,900000E+0	5,000000E+0	0,000000E+0	33,183219E+0	4,735009E+0	13,124953E+3
18,000000E+0	5,000000E+0	0,000000E+0	32,742574E+0	5,016342E+0	13,132195E+3
18,100000E+0	5,000000E+0	0,000000E+0	33,042370E+0	4,851597E+0	13,139466E+3
18,200000E+0	5,000000E+0	0,000000E+0	32,672133E+0	5,075904E+0	13,146666E+3
18,300000E+0	5,000000E+0	0,000000E+0	32,867287E+0	4,958048E+0	13,153992E+3
18,400000E+0	5,000000E+0	0,000000E+0	32,586914E+0	5,116456E+0	13,161192E+3
18,500000E+0	5,000000E+0	0,000000E+0	32,640954E+0	5,068300E+0	13,168547E+3
18,600000E+0	5,000000E+0	0,000000E+0	32,468053E+0	5,150673E+0	13,175719E+3
18,700000E+0	5,000000E+0	0,000000E+0	32,556335E+0	5,078438E+0	13,183003E+3
18,800000E+0	5,000000E+0	0,000000E+0	32,415544E+0	5,141802E+0	13,190203E+3
18,900000E+0	5,000000E+0	0,000000E+0	32,459616E+0	5,094913E+0	13,197473E+3
19,000000E+0	5,000000E+0	0,000000E+0	32,332621E+0	5,148138E+0	13,204645E+3
19,100000E+0	5,000000E+0	0,000000E+0	32,393538E+0	5,091111E+0	13,211916E+3
19,200000E+0	5,000000E+0	0,000000E+0	32,272374E+0	5,141802E+0	13,219116E+3
19,300000E+0	5,000000E+0	0,000000E+0	32,278943E+0	5,115189E+0	13,226302E+3
19,400000E+0	5,000000E+0	0,000000E+0	32,272422E+0	5,099982E+0	13,233431E+3
19,500000E+0	5,000000E+0	0,000000E+0	32,336105E+0	5,049291E+0	13,240659E+3
19,600000E+0	5,000000E+0	0,000000E+0	32,192361E+0	5,118991E+0	13,247789E+3
19,700000E+0	5,000000E+0	0,000000E+0	32,344084E+0	5,017609E+0	13,255031E+3
19,800000E+0	5,000000E+0	0,000000E+0	32,259093E+0	5,060697E+0	13,262077E+3
19,900000E+0	5,000000E+0	0,000000E+0	32,501013E+0	4,920030E+0	13,269263E+3
20,000000E+0	5,000000E+0	0,000000E+0	32,386775E+0	4,994799E+0	13,276322E+3
20,100000E+0	5,000000E+0	0,000000E+0	32,735243E+0	4,807243E+0	13,283550E+3
20,200000E+0	5,000000E+0	0,000000E+0	32,659620E+0	4,879477E+0	13,290567E+3
20,300000E+0	5,000000E+0	0,000000E+0	33,089654E+0	4,666576E+0	13,297739E+3
20,400000E+0	5,000000E+0	0,000000E+0	32,911020E+0	4,817381E+0	13,304827E+3
20,500000E+0	5,000000E+0	0,000000E+0	33,387860E+0	4,589273E+0	13,312041E+3
20,600000E+0	5,000000E+0	0,000000E+0	33,108250E+0	4,807243E+0	13,319184E+3
20,700000E+0	5,000000E+0	0,000000E+0	33,405312E+0	4,677982E+0	13,326497E+3
20,800000E+0	5,000000E+0	0,000000E+0	33,063859E+0	4,914961E+0	13,333641E+3
20,900000E+0	5,000000E+0	0,000000E+0	33,410558E+0	4,741345E+0	13,340939E+3
21,000000E+0	5,000000E+0	0,000000E+0	32,970352E+0	5,021411E+0	13,348167E+3
21,100000E+0	5,000000E+0	0,000000E+0	33,153770E+0	4,918763E+0	13,355508E+3
21,200000E+0	5,000000E+0	0,000000E+0	32,810208E+0	5,117724E+0	13,362736E+3
21,300000E+0	5,000000E+0	0,000000E+0	32,849803E+0	5,077171E+0	13,370091E+3
21,400000E+0	5,000000E+0	0,000000E+0	32,648450E+0	5,173483E+0	13,377319E+3
21,500000E+0	5,000000E+0	0,000000E+0	32,725183E+0	5,103784E+0	13,384645E+3
21,600000E+0	5,000000E+0	0,000000E+0	32,588488E+0	5,160811E+0	13,391859E+3
21,700000E+0	5,000000E+0	0,000000E+0	32,608090E+0	5,124060E+0	13,399172E+3
21,800000E+0	5,000000E+0	0,000000E+0	32,512175E+0	5,155742E+0	13,406372E+3
21,900000E+0	5,000000E+0	0,000000E+0	32,479391E+0	5,148138E+0	13,413670E+3
22,000000E+0	5,000000E+0	0,000000E+0	32,406704E+0	5,163345E+0	13,420828E+3
22,100000E+0	5,000000E+0	0,000000E+0	32,439608E+0	5,118991E+0	13,428098E+3
22,200000E+0	5,000000E+0	0,000000E+0	32,392095E+0	5,125327E+0	13,435284E+3
22,300000E+0	5,000000E+0	0,000000E+0	32,417683E+0	5,091111E+0	13,442470E+3
22,400000E+0	5,000000E+0	0,000000E+0	32,385589E+0	5,093645E+0	13,449586E+3
22,500000E+0	5,000000E+0	0,000000E+0	32,437115E+0	5,050558E+0	13,456800E+3
22,600000E+0	5,000000E+0	0,000000E+0	32,365652E+0	5,080973E+0	13,463888E+3
22,700000E+0	5,000000E+0	0,000000E+0	32,383486E+0	5,058162E+0	13,471087E+3
22,800000E+0	5,000000E+0	0,000000E+0	32,293329E+0	5,097447E+0	13,478175E+3
22,900000E+0	5,000000E+0	0,000000E+0	32,507787E+0	4,965651E+0	13,485361E+3
23,000000E+0	5,000000E+0	0,000000E+0	32,337635E+0	5,063231E+0	13,492462E+3
23,100000E+0	5,000000E+0	0,000000E+0	32,548321E+0	4,939039E+0	13,499663E+3
23,200000E+0	5,000000E+0	0,000000E+0	32,374456E+0	5,042955E+0	13,506750E+3
23,300000E+0	5,000000E+0	0,000000E+0	32,706094E+0	4,856666E+0	13,513964E+3
23,400000E+0	5,000000E+0	0,000000E+0	32,477312E+0	5,003669E+0	13,521066E+3
23,500000E+0	5,000000E+0	0,000000E+0	32,865302E+0	4,793303E+0	13,528280E+3
23,600000E+0	5,000000E+0	0,000000E+0	32,643860E+0	4,946642E+0	13,535409E+3
23,700000E+0	5,000000E+0	0,000000E+0	32,943526E+0	4,793303E+0	13,542638E+3
23,800000E+0	5,000000E+0	0,000000E+0	32,663485E+0	4,978324E+0	13,549837E+3
23,900000E+0	5,000000E+0	0,000000E+0	32,977061E+0	4,812312E+0	13,557023E+3
24,000000E+0	5,000000E+0	0,000000E+0	32,759277E+0	4,960582E+0	13,564195E+3
24,100000E+0	5,000000E+0	0,000000E+0	32,960993E+0	4,857934E+0	13,571466E+3
24,200000E+0	5,000000E+0	0,000000E+0	32,701359E+0	5,021411E+0	13,578652E+3
24,300000E+0	5,000000E+0	0,000000E+0	32,917592E+0	4,901021E+0	13,585936E+3
24,400000E+0	5,000000E+0	0,000000E+0	32,546552E+0	5,117724E+0	13,593136E+3
24,500000E+0	5,000000E+0	0,000000E+0	32,736159E+0	4,996066E+0	13,600420E+3
24,600000E+0	5,000000E+0	0,000000E+0	32,484197E+0	5,132931E+0	13,607620E+3
24,700000E+0	5,000000E+0	0,000000E+0	32,666885E+0	5,012540E+0	13,614905E+3
24,800000E+0	5,000000E+0	0,000000E+0	32,454502E+0	5,125327E+0	13,622091E+3
24,900000E+0	5,000000E+0	0,000000E+0	32,583224E+0	5,035351E+0	13,629361E+3
25,000000E+0	5,000000E+0	0,000000E+0	32,410858E+0	5,122793E+0	13,636533E+3
25,100000E+0	5,000000E+0	0,000000E+0	32,495807E+0	5,056895E+0	13,643817E+3
25,200000E+0	5,000000E+0	0,000000E+0	32,300554E+0	5,153207E+0	13,650961E+3
25,300000E+0	5,000000E+0	0,000000E+0	32,467768E+0	5,037886E+0	13,658217E+3
25,400000E+0	5,000000E+0	0,000000E+0	32,339175E+0	5,101249E+0	13,665347E+3
25,500000E+0	5,000000E+0	0,000000E+0	32,536081E+0	4,978324E+0	13,672589E+3
25,600000E+0	5,000000E+0	0,000000E+0	32,319927E+0	5,098715E+0	13,679705E+3
25,700000E+0	5,000000E+0	0,000000E+0	32,498844E+0	4,985928E+0	13,686947E+3
25,800000E+0	5,000000E+0	0,000000E+0	32,331969E+0	5,078438E+0	13,694062E+3
25,900000E+0	5,000000E+0	0,000000E+0	32,519330E+0	4,964384E+0	13,701277E+3
26,000000E+0	5,000000E+0	0,000000E+0	32,361279E+0	5,055627E+0	13,708406E+3
26,100000E+0	5,000000E+0	0,000000E+0	32,588316E+0	4,923832E+0	13,715620E+3
26,200000E+0	5,000000E+0	0,000000E+0	32,402617E+0	5,036618E+0	13,722750E+3
26,300000E+0	5,000000E+0	0,000000E+0	32,689282E+0	4,875675E+0	13,729964E+3
26,400000E+0	5,000000E+0	0,000000E+0	32,450095E+0	5,025213E+0	13,737094E+3
26,500000E+0	5,000000E+0	0,000000E+0	32,768318E+0	4,849063E+0	13,744322E+3
26,600000E+0	5,000000E+0	0,000000E+0	32,473849E+0	5,032817E+0	13,751466E+3
26,700000E+0	5,000000E+0	0,000000E+0	32,803849E+0	4,849063E+0	13,758708E+3
26,800000E+0	5,000000E+0	0,000000E+0	32,549226E+0	5,011273E+0	13,765852E+3
26,900000E+0	5,000000E+0	0,000000E+0	32,855235E+0	4,843994E+0	13,773080E+3
27,000000E+0	5,000000E+0	0,000000E+0	32,559947E+0	5,029015E+0	13,780238E+3
27,100000E+0	5,000000E+0	0,000000E+0	32,898122E+0	4,841459E+0	13,787508E+3
27,200000E+0	5,000000E+0	0,000000E+0	32,655163E+0	4,998600E+0	13,794652E+3
27,300000E+0	5,000000E+0	0,000000E+0	32,873570E+0	4,880745E+0	13,801922E+3
27,400000E+0	5,000000E+0	0,000000E+0	32,618794E+0	5,037886E+0	13,809066E+3
27,500000E+0	5,000000E+0	0,000000E+0	32,907422E+0	4,875675E+0	13,816336E+3
27,600000E+0	5,000000E+0	0,000000E+0	32,604948E+0	5,059429E+0	13,823522E+3
27,700000E+0	5,000000E+0	0,000000E+0	32,842561E+0	4,921297E+0	13,830778E+3
27,800000E+0	5,000000E+0	0,000000E+0	32,538083E+0	5,098715E+0	13,837950E+3
27,900000E+0	5,000000E+0	0,000000E+0	32,777943E+0	4,952979E+0	13,845220E+3
28,000000E+0	5,000000E+0	0,000000E+0	32,510814E+0	5,105051E+0	13,852378E+3
28,100000E+0	5,000000E+0	0,000000E+0	32,739392E+0	4,964384E+0	13,859634E+3
28,200000E+0	5,000000E+0	0,000000E+0	32,560246E+0	5,067033E+0	13,866778E+3
28,300000E+0	5,000000E+0	0,000000E+0	32,718222E+0	4,970721E+0	13,874020E+3
28,400000E+0	5,000000E+0	0,000000E+0	32,539514E+0	5,072102E+0	13,881164E+3
28,500000E+0	5,000000E+0	0,000000E+0	32,808474E+0	4,914961E+0	13,888406E+3
28,600000E+0	5,000000E+0	0,000000E+0	32,571533E+0	5,056895E+0	13,895550E+3
28,700000E+0	5,000000E+0	0,000000E+0	32,798189E+0	4,925099E+0	13,902792E+3
28,800000E+0	5,000000E+0	0,000000E+0	32,518351E+0	5,088576E+0	13,909936E+3
28,900000E+0	5,000000E+0	0,000000E+0	32,838610E+0	4,901021E+0	13,917178E+3
29,000000E+0	5,000000E+0	0,000000E+0	32,838610E+0	5,031549E+0	13,924252E+3
29,100000E+0	5,000000E+0	0,000000E+0	32,626957E+0	4,842727E+0	13,931494E+3
29,200000E+0	5,000000E+0	0,000000E+0	32,966714E+0	5,021411E+0	13,938652E+3
29,300000E+0	5,000000E+0	0,000000E+0	32,683526E+0	4,850330E+0	13,945894E+3
29,400000E+0	5,000000E+0	0,000000E+0	32,993518E+0	4,999868E+0	13,953052E+3
29,500000E+0	5,000000E+0	0,000000E+0	32,761954E+0	4,849063E+0	13,960308E+3
29,600000E+0	5,000000E+0	0,000000E+0	33,040922E+0	5,027748E+0	13,967466E+3
29,700000E+0	5,000000E+0	0,000000E+0	32,755829E+0	4,884546E+0	13,974736E+3
29,800000E+0	5,000000E+0	0,000000E+0	33,012347E+0	5,086042E+0	13,981908E+3
29,900000E+0	5,000000E+0	0,000000E+0	32,674389E+0	4,931435E+0	13,989192E+3
30,000000E+0	5,000000E+0	0,000000E+0	32,610534E+0	5,117724E+0	13,996378E+3
30,100000E+0	5,000000E+0	0,000000E+0	32,825924E+0	4,982126E+0	14,003663E+3
30,200000E+0	5,000000E+0	0,000000E+0	32,594563E+0	5,110120E+0	14,010834E+3
30,300000E+0	5,000000E+0	0,000000E+0	32,669260E+0	5,051826E+0	14,018119E+3
30,400000E+0	5,000000E+0	0,000000E+0	32,484907E+0	5,143069E+0	14,025305E+3
30,500000E+0	5,000000E+0	0,000000E+0	32,643451E+0	5,034084E+0	14,032617E+3
30,600000E+0	5,000000E+0	0,000000E+0	32,380053E+0	5,170949E+0	14,039747E+3
30,700000E+0	5,000000E+0	0,000000E+0	32,593497E+0	5,027748E+0	14,047031E+3
30,800000E+0	5,000000E+0	0,000000E+0	32,334349E+0	5,163345E+0	14,054189E+3
30,900000E+0	5,000000E+0	0,000000E+0	32,507889E+0	5,042955E+0	14,061431E+3
31,000000E+0	5,000000E+0	0,000000E+0	32,344956E+0	5,124060E+0	14,068575E+3
31,100000E+0	5,000000E+0	0,000000E+0	32,481090E+0	5,030282E+0	14,075845E+3
31,200000E+0	5,000000E+0	0,000000E+0	32,307905E+0	5,118991E+0	14,082947E+3
31,300000E+0	5,000000E+0	0,000000E+0	32,551042E+0	4,968186E+0	14,090175E+3
31,400000E+0	5,000000E+0	0,000000E+0	32,387160E+0	5,061964E+0	14,097277E+3
31,500000E+0	5,000000E+0	0,000000E+0	32,530253E+0	4,974522E+0	14,104477E+3
31,600000E+0	5,000000E+0	0,000000E+0	32,430095E+0	5,032817E+0	14,111550E+3
31,700000E+0	5,000000E+0	0,000000E+0	32,764783E+0	4,846528E+0	14,118750E+3
31,800000E+0	5,000000E+0	0,000000E+0	32,599993E+0	4,960582E+0	14,125852E+3
31,900000E+0	5,000000E+0	0,000000E+0	32,991568E+0	4,755285E+0	14,133052E+3
32,000000E+0	5,000000E+0	0,000000E+0	32,746402E+0	4,927633E+0	14,140167E+3
32,100000E+0	5,000000E+0	0,000000E+0	33,042411E+0	4,779363E+0	14,147395E+3
32,200000E+0	5,000000E+0	0,000000E+0	33,042411E+0	4,942841E+0	14,154525E+3
32,300000E+0	5,000000E+0	0,000000E+0	32,806411E+0	4,795838E+0	14,161795E+3
32,400000E+0	5,000000E+0	0,000000E+0	33,095501E+0	4,987195E+0	14,168967E+3
32,500000E+0	5,000000E+0	0,000000E+0	32,802978E+0	4,843994E+0	14,176252E+3
32,600000E+0	5,000000E+0	0,000000E+0	33,071695E+0	5,048024E+0	14,183452E+3
32,700000E+0	5,000000E+0	0,000000E+0	32,741248E+0	4,939039E+0	14,190764E+3
32,800000E+0	5,000000E+0	0,000000E+0	32,928381E+0	5,110120E+0	14,197992E+3
32,900000E+0	5,000000E+0	0,000000E+0	32,630286E+0	5,041688E+0	14,205305E+3
33,000000E+0	5,000000E+0	0,000000E+0	32,723735E+0	5,153207E+0	14,212505E+3
33,100000E+0	5,000000E+0	0,000000E+0	32,504929E+0	5,068300E+0	14,219831E+3
33,200000E+0	5,000000E+0	0,000000E+0	32,615888E+0	5,172216E+0	14,227017E+3
33,300000E+0	5,000000E+0	0,000000E+0	32,403140E+0	5,131664E+0	14,234316E+3
33,400000E+0	5,000000E+0	0,000000E+0	32,426344E+0	5,160811E+0	14,241488E+3
33,500000E+0	5,000000E+0	0,000000E+0	32,332829E+0	5,117724E+0	14,248772E+3
33,600000E+0	5,000000E+0	0,000000E+0	32,274829E+0	5,146871E+0	14,255986E+3
33,700000E+0	5,000000E+0	0,000000E+0	32,357223E+0	5,078438E+0	14,263228E+3
33,800000E+0	5,000000E+0	0,000000E+0	32,289094E+0	5,102516E+0	14,270344E+3
33,900000E+0	5,000000E+0	0,000000E+0	32,302792E+0	5,078438E+0	14,277558E+3
34,000000E+0	5,000000E+0	0,000000E+0	32,225287E+0	5,107585E+0	14,284687E+3
34,100000E+0	5,000000E+0	0,000000E+0	32,204645E+0	5,101249E+0	14,291916E+3
34,200000E+0	5,000000E+0	0,000000E+0	32,183565E+0	5,096180E+0	14,299017E+3
34,300000E+0	5,000000E+0	0,000000E+0	32,264799E+0	5,036618E+0	14,306231E+3
34,400000E+0	5,000000E+0	0,000000E+0	32,264799E+0	5,079706E+0	14,313333E+3
34,500000E+0	5,000000E+0	0,000000E+0	32,174090E+0	4,979591E+0	14,320533E+3
34,600000E+0	5,000000E+0	0,000000E+0	32,200789E+0	5,055627E+0	14,327620E+3
34,700000E+0	5,000000E+0	0,000000E+0	32,441889E+0	4,916228E+0	14,334806E+3
34,800000E+0	5,000000E+0	0,000000E+0	32,237382E+0	5,040420E+0	14,341936E+3
34,900000E+0	5,000000E+0	0,000000E+0	32,237382E+0	4,780630E+0	14,349066E+3
35,000000E+0	5,000000E+0	0,000000E+0	32,705731E+0	4,885814E+0	14,356167E+3
35,100000E+0	5,000000E+0	0,000000E+0	32,577170E+0	4,718534E+0	14,363367E+3
35,200000E+0	5,000000E+0	0,000000E+0	32,644616E+0	4,913693E+0	14,370525E+3
35,300000E+0	5,000000E+0	0,000000E+0	33,174523E+0	4,641231E+0	14,377697E+3
35,400000E+0	5,000000E+0	0,000000E+0	32,942570E+0	4,824985E+0	14,384827E+3
35,500000E+0	5,000000E+0	0,000000E+0	33,377277E+0	4,618420E+0	14,392069E+3
35,600000E+0	5,000000E+0	0,000000E+0	33,018580E+0	4,874408E+0	14,399241E+3
35,700000E+0	5,000000E+0	0,000000E+0	33,337631E+0	4,722336E+0	14,406539E+3
35,800000E+0	5,000000E+0	0,000000E+0	32,928925E+0	4,988462E+0	14,413753E+3
35,900000E+0	5,000000E+0	0,000000E+0	33,089440E+0	4,903555E+0	14,421108E+3
36,000000E+0	5,000000E+0	0,000000E+0	32,701229E+0	5,129129E+0	14,428322E+3
36,100000E+0	5,000000E+0	0,000000E+0	32,838183E+0	5,034084E+0	14,435663E+3
36,200000E+0	5,000000E+0	0,000000E+0	32,581817E+0	5,167147E+0	14,442877E+3
36,300000E+0	5,000000E+0	0,000000E+0	32,707334E+0	5,072102E+0	14,450203E+3
36,400000E+0	5,000000E+0	0,000000E+0	32,474691E+0	5,186156E+0	14,457431E+3
36,500000E+0	5,000000E+0	0,000000E+0	32,524173E+0	5,129129E+0	14,464772E+3
36,600000E+0	5,000000E+0	0,000000E+0	32,461892E+0	5,141802E+0	14,471944E+3
36,700000E+0	5,000000E+0	0,000000E+0	32,440333E+0	5,130396E+0	14,479242E+3
36,800000E+0	5,000000E+0	0,000000E+0	32,328448E+0	5,169682E+0	14,486414E+3
36,900000E+0	5,000000E+0	0,000000E+0	32,328974E+0	5,141802E+0	14,493712E+3
37,000000E+0	5,000000E+0	0,000000E+0	32,255849E+0	5,158276E+0	14,500856E+3
37,100000E+0	5,000000E+0	0,000000E+0	32,231679E+0	5,145603E+0	14,508127E+3
37,200000E+0	5,000000E+0	0,000000E+0	32,232416E+0	5,121525E+0	14,515298E+3
37,300000E+0	5,000000E+0	0,000000E+0	32,231021E+0	5,102516E+0	14,522484E+3
37,400000E+0	5,000000E+0	0,000000E+0	32,167369E+0	5,120258E+0	14,529586E+3
37,500000E+0	5,000000E+0	0,000000E+0	32,246048E+0	5,058162E+0	14,536800E+3
37,600000E+0	5,000000E+0	0,000000E+0	32,188706E+0	5,079706E+0	14,543888E+3
37,700000E+0	5,000000E+0	0,000000E+0	32,223329E+0	5,048024E+0	14,551087E+3
37,800000E+0	5,000000E+0	0,000000E+0	32,152629E+0	5,078438E+0	14,558175E+3
37,900000E+0	5,000000E+0	0,000000E+0	32,363428E+0	4,951712E+0	14,565375E+3
38,000000E+0	5,000000E+0	0,000000E+0	32,237317E+0	5,027748E+0	14,572434E+3
38,100000E+0	5,000000E+0	0,000000E+0	32,465708E+0	4,899754E+0	14,579634E+3
38,200000E+0	5,000000E+0	0,000000E+0	32,289596E+0	5,011273E+0	14,586736E+3
38,300000E+0	5,000000E+0	0,000000E+0	32,661235E+0	4,808510E+0	14,593936E+3
38,400000E+0	5,000000E+0	0,000000E+0	32,533664E+0	4,908624E+0	14,600939E+3
38,500000E+0	5,000000E+0	0,000000E+0	32,533664E+0	4,662775E+0	14,608139E+3
38,600000E+0	5,000000E+0	0,000000E+0	33,015874E+0	4,852865E+0	14,615241E+3
38,700000E+0	5,000000E+0	0,000000E+0	32,765721E+0	4,615886E+0	14,622469E+3
38,800000E+0	5,000000E+0	0,000000E+0	33,248295E+0	4,851597E+0	14,629627E+3
38,900000E+0	5,000000E+0	0,000000E+0	32,927864E+0	4,689387E+0	14,636897E+3
39,000000E+0	5,000000E+0	0,000000E+0	33,272528E+0	4,952979E+0	14,644097E+3
39,100000E+0	5,000000E+0	0,000000E+0	33,068361E+0	4,857934E+0	14,651423E+3
39,200000E+0	5,000000E+0	0,000000E+0	33,068361E+0	5,040420E+0	14,658638E+3
39,300000E+0	5,000000E+0	0,000000E+0	32,773567E+0	4,984660E+0	14,665964E+3
39,400000E+0	5,000000E+0	0,000000E+0	32,864542E+0	5,131664E+0	14,673206E+3
39,500000E+0	5,000000E+0	0,000000E+0	32,597259E+0	5,048024E+0	14,680533E+3
39,600000E+0	5,000000E+0	0,000000E+0	32,712355E+0	5,178552E+0	14,687761E+3
39,700000E+0	5,000000E+0	0,000000E+0	32,482469E+0	5,135465E+0	14,695073E+3
39,800000E+0	5,000000E+0	0,000000E+0	32,404218E+0	5,155742E+0	14,702288E+3
39,900000E+0	5,000000E+0	0,000000E+0	32,401906E+0	5,131664E+0	14,709586E+3
40,000000E+0	5,000000E+0	0,000000E+0	32,338862E+0	5,144336E+0	14,716744E+3
40,100000E+0	5,000000E+0	0,000000E+0	32,370452E+0	5,103784E+0	14,724028E+3
40,200000E+0	5,000000E+0	0,000000E+0	32,282979E+0	5,134198E+0	14,731172E+3
40,300000E+0	5,000000E+0	0,000000E+0	32,289491E+0	5,108853E+0	14,738428E+3
40,400000E+0	5,000000E+0	0,000000E+0	32,240341E+0	5,117724E+0	14,745586E+3
40,500000E+0	5,000000E+0	0,000000E+0	32,218993E+0	5,110120E+0	14,752856E+3
40,600000E+0	5,000000E+0	0,000000E+0	32,199932E+0	5,102516E+0	14,759916E+3
40,700000E+0	5,000000E+0	0,000000E+0	32,199567E+0	5,086042E+0	14,767116E+3
40,800000E+0	5,000000E+0	0,000000E+0	32,124463E+0	5,112654E+0	14,774273E+3
40,900000E+0	5,000000E+0	0,000000E+0	32,343721E+0	4,975790E+0	14,781403E+3
41,000000E+0	5,000000E+0	0,000000E+0	32,144737E+0	5,087309E+0	14,788477E+3
41,100000E+0	5,000000E+0	0,000000E+0	32,425531E+0	4,921297E+0	14,795677E+3
41,200000E+0	5,000000E+0	0,000000E+0	32,303880E+0	4,999868E+0	14,802722E+3
41,300000E+0	5,000000E+0	0,000000E+0	32,688326E+0	4,792036E+0	14,809894E+3
41,400000E+0	5,000000E+0	0,000000E+0	32,486017E+0	4,935237E+0	14,817023E+3
41,500000E+0	5,000000E+0	0,000000E+0	33,035227E+0	4,648835E+0	14,824139E+3
41,600000E+0	5,000000E+0	0,000000E+0	32,796299E+0	4,835123E+0	14,831255E+3
41,700000E+0	5,000000E+0	0,000000E+0	33,281867E+0	4,599411E+0	14,838469E+3
41,800000E+0	5,000000E+0	0,000000E+0	32,982799E+0	4,826252E+0	14,845584E+3
41,900000E+0	5,000000E+0	0,000000E+0	33,374933E+0	4,642498E+0	14,852841E+3
42,000000E+0	5,000000E+0	0,000000E+0	32,945708E+0	4,932703E+0	14,860097E+3
42,100000E+0	5,000000E+0	0,000000E+0	33,296446E+0	4,754018E+0	14,867353E+3
42,200000E+0	5,000000E+0	0,000000E+0	32,932121E+0	4,990997E+0	14,874567E+3
42,300000E+0	5,000000E+0	0,000000E+0	33,063746E+0	4,921297E+0	14,881922E+3
42,400000E+0	5,000000E+0	0,000000E+0	32,698326E+0	5,131664E+0	14,889178E+3
42,500000E+0	5,000000E+0	0,000000E+0	32,785294E+0	5,063231E+0	14,896533E+3
42,600000E+0	5,000000E+0	0,000000E+0	32,454531E+0	5,231778E+0	14,903789E+3
42,700000E+0	5,000000E+0	0,000000E+0	32,513729E+0	5,162078E+0	14,911144E+3
42,800000E+0	5,000000E+0	0,000000E+0	32,378250E+0	5,208967E+0	14,918372E+3
42,900000E+0	5,000000E+0	0,000000E+0	32,369303E+0	5,179820E+0	14,925712E+3
43,000000E+0	5,000000E+0	0,000000E+0	32,416003E+0	5,125327E+0	14,932927E+3
43,100000E+0	5,000000E+0	0,000000E+0	32,303298E+0	5,165880E+0	14,940239E+3
43,200000E+0	5,000000E+0	0,000000E+0	32,300280E+0	5,140534E+0	14,947481E+3
43,300000E+0	5,000000E+0	0,000000E+0	32,154874E+0	5,196294E+0	14,954723E+3
43,400000E+0	5,000000E+0	0,000000E+0	32,234122E+0	5,121525E+0	14,961881E+3
43,500000E+0	5,000000E+0	0,000000E+0	32,108497E+0	5,169682E+0	14,969138E+3
43,600000E+0	5,000000E+0	0,000000E+0	32,184030E+0	5,101249E+0	14,976281E+3
43,700000E+0	5,000000E+0	0,000000E+0	32,127790E+0	5,115189E+0	14,983509E+3
43,800000E+0	5,000000E+0	0,000000E+0	32,203307E+0	5,055627E+0	14,990625E+3
43,900000E+0	5,000000E+0	0,000000E+0	32,102192E+0	5,101249E+0	14,997853E+3
44,000000E+0	5,000000E+0	0,000000E+0	32,224092E+0	5,018877E+0	15,004941E+3
44,100000E+0	5,000000E+0	0,000000E+0	32,051995E+0	5,108853E+0	15,012155E+3
44,200000E+0	5,000000E+0	0,000000E+0	32,033315E+0	5,101249E+0	15,019228E+3
44,300000E+0	5,000000E+0	0,000000E+0	32,077866E+0	5,060697E+0	15,026400E+3
44,400000E+0	5,000000E+0	0,000000E+0	32,080704E+0	5,049291E+0	15,033459E+3
44,500000E+0	5,000000E+0	0,000000E+0	32,215889E+0	4,968186E+0	15,040603E+3
44,600000E+0	5,000000E+0	0,000000E+0	32,080134E+0	5,046757E+0	15,047648E+3
44,700000E+0	5,000000E+0	0,000000E+0	32,455164E+0	4,836390E+0	15,054792E+3
44,800000E+0	5,000000E+0	0,000000E+0	32,316863E+0	4,937772E+0	15,061823E+3
44,900000E+0	5,000000E+0	0,000000E+0	32,764522E+0	4,705862E+0	15,069038E+3
45,000000E+0	5,000000E+0	0,000000E+0	32,630324E+0	4,826252E+0	15,076083E+3
45,100000E+0	5,000000E+0	0,000000E+0	33,219349E+0	4,536048E+0	15,083212E+3
45,200000E+0	5,000000E+0	0,000000E+0	33,490167E+0	4,465081E+0	15,090286E+3
45,300000E+0	5,000000E+0	0,000000E+0	33,547937E+0	4,520841E+0	15,097570E+3
45,400000E+0	5,000000E+0	0,000000E+0	33,703788E+0	4,514504E+0	15,104686E+3
45,500000E+0	5,000000E+0	0,000000E+0	33,678718E+0	4,607015E+0	15,111970E+3
45,600000E+0	5,000000E+0	0,000000E+0	33,201567E+0	4,928901E+0	15,119227E+3
45,700000E+0	5,000000E+0	0,000000E+0	33,363590E+0	4,852865E+0	15,126609E+3
45,800000E+0	5,000000E+0	0,000000E+0	32,760922E+0	5,202630E+0	15,133964E+3
45,900000E+0	5,000000E+0	0,000000E+0	32,889830E+0	5,099982E+0	15,141305E+3
46,000000E+0	5,000000E+0	0,000000E+0	32,590202E+0	5,245718E+0	15,148617E+3
46,100000E+0	5,000000E+0	0,000000E+0	32,619424E+0	5,189958E+0	15,156000E+3
46,200000E+0	5,000000E+0	0,000000E+0	32,513062E+0	5,216570E+0	15,163284E+3
46,300000E+0	5,000000E+0	0,000000E+0	32,419790E+0	5,231778E+0	15,170667E+3
46,400000E+0	5,000000E+0	0,000000E+0	32,415701E+0	5,196294E+0	15,177923E+3
46,500000E+0	5,000000E+0	0,000000E+0	32,295714E+0	5,229243E+0	15,185208E+3
46,600000E+0	5,000000E+0	0,000000E+0	32,531469E+0	5,064498E+0	15,192436E+3
46,700000E+0	5,000000E+0	0,000000E+0	32,531469E+0	5,181087E+0	15,199763E+3
46,800000E+0	5,000000E+0	0,000000E+0	32,296426E+0	5,031549E+0	15,206962E+3
46,900000E+0	5,000000E+0	0,000000E+0	32,354350E+0	5,115189E+0	15,214275E+3
47,000000E+0	5,000000E+0	0,000000E+0	32,736922E+0	4,889615E+0	15,221489E+3
47,100000E+0	5,000000E+0	0,000000E+0	32,446662E+0	5,064498E+0	15,228745E+3
47,200000E+0	5,000000E+0	0,000000E+0	32,785884E+0	4,870606E+0	15,235903E+3
47,300000E+0	5,000000E+0	0,000000E+0	32,487278E+0	5,053093E+0	15,243202E+3
47,400000E+0	5,000000E+0	0,000000E+0	32,921344E+0	4,809778E+0	15,250430E+3
47,500000E+0	5,000000E+0	0,000000E+0	32,498055E+0	5,069567E+0	15,257658E+3
47,600000E+0	5,000000E+0	0,000000E+0	32,945917E+0	4,816114E+0	15,264844E+3
47,700000E+0	5,000000E+0	0,000000E+0	32,558226E+0	5,055627E+0	15,272128E+3
47,800000E+0	5,000000E+0	0,000000E+0	33,197796E+0	4,700793E+0	15,279314E+3
47,900000E+0	5,000000E+0	0,000000E+0	32,992461E+0	4,860468E+0	15,286598E+3
48,000000E+0	5,000000E+0	0,000000E+0	33,458685E+0	4,631093E+0	15,293812E+3
48,100000E+0	5,000000E+0	0,000000E+0	33,344634E+0	4,752751E+0	15,301153E+3
48,200000E+0	5,000000E+0	0,000000E+0	34,030775E+0	4,421994E+0	15,308409E+3
48,300000E+0	5,000000E+0	0,000000E+0	33,935086E+0	4,567729E+0	15,315806E+3
48,400000E+0	5,000000E+0	0,000000E+0	34,029954E+0	4,586738E+0	15,323133E+3
48,500000E+0	5,000000E+0	0,000000E+0	33,465145E+0	4,959315E+0	15,330614E+3
48,600000E+0	5,000000E+0	0,000000E+0	33,388314E+0	5,007471E+0	15,338011E+3
48,700000E+0	5,000000E+0	0,000000E+0	33,001661E+0	5,215303E+0	15,345492E+3
48,800000E+0	5,000000E+0	0,000000E+0	32,925178E+0	5,221640E+0	15,352917E+3
48,900000E+0	5,000000E+0	0,000000E+0	33,036648E+0	5,125327E+0	15,360384E+3
49,000000E+0	5,000000E+0	0,000000E+0	32,874721E+0	5,192492E+0	15,367781E+3
49,100000E+0	5,000000E+0	0,000000E+0	33,433275E+0	4,859201E+0	15,375263E+3
49,200000E+0	5,000000E+0	0,000000E+0	33,391245E+0	4,904823E+0	15,382617E+3
49,300000E+0	5,000000E+0	0,000000E+0	34,341042E+0	4,406786E+0	15,390056E+3
49,400000E+0	5,000000E+0	0,000000E+0	34,357749E+0	4,494228E+0	15,397495E+3
49,500000E+0	5,000000E+0	0,000000E+0	33,605125E+0	4,983393E+0	15,404991E+3
49,600000E+0	5,000000E+0	0,000000E+0	33,054607E+0	5,283736E+0	15,412528E+3
49,700000E+0	5,000000E+0	0,000000E+0	32,758305E+0	5,397790E+0	15,420038E+3
49,800000E+0	5,000000E+0	0,000000E+0	32,926954E+0	5,241916E+0	15,427575E+3
49,900000E+0	5,000000E+0	0,000000E+0	32,751053E+0	5,297676E+0	15,435042E+3
50,000000E+0	5,000000E+0	0,000000E+0	33,439700E+0	4,876943E+0	15,442552E+3
50,100000E+0	5,000000E+0	0,000000E+0	33,540002E+0	4,842727E+0	15,449991E+3
50,200000E+0	5,000000E+0	0,000000E+0	34,564732E+0	4,314276E+0	15,457486E+3
50,300000E+0	5,000000E+0	0,000000E+0	33,231030E+0	5,146871E+0	15,464939E+3
50,400000E+0	5,000000E+0	0,000000E+0	32,975897E+0	5,260925E+0	15,472519E+3
50,500000E+0	5,000000E+0	0,000000E+0	32,749743E+0	5,340763E+0	15,480000E+3
50,600000E+0	5,000000E+0	0,000000E+0	32,574579E+0	5,380048E+0	15,487566E+3
50,700000E+0	5,000000E+0	0,000000E+0	32,914985E+0	5,134198E+0	15,494991E+3
50,800000E+0	5,000000E+0	0,000000E+0	32,743357E+0	5,205165E+0	15,502500E+3
50,900000E+0	5,000000E+0	0,000000E+0	33,755167E+0	4,624756E+0	15,509883E+3
51,000000E+0	5,000000E+0	0,000000E+0	33,851633E+0	4,633627E+0	15,517364E+3
51,100000E+0	5,000000E+0	0,000000E+0	33,872768E+0	4,681784E+0	15,524775E+3
51,200000E+0	5,000000E+0	0,000000E+0	33,225459E+0	5,083507E+0	15,532298E+3
51,300000E+0	5,000000E+0	0,000000E+0	33,225459E+0	5,176018E+0	15,539780E+3
51,400000E+0	5,000000E+0	0,000000E+0	33,029233E+0	5,207700E+0	15,547303E+3
51,500000E+0	5,000000E+0	0,000000E+0	32,674729E+0	5,305279E+0	15,554742E+3
51,600000E+0	5,000000E+0	0,000000E+0	33,114975E+0	5,017609E+0	15,562238E+3
51,700000E+0	5,000000E+0	0,000000E+0	33,095615E+0	5,025213E+0	15,569648E+3
51,800000E+0	5,000000E+0	0,000000E+0	33,917785E+0	4,576600E+0	15,577116E+3
51,900000E+0	5,000000E+0	0,000000E+0	33,909195E+0	4,650102E+0	15,584541E+3
52,000000E+0	5,000000E+0	0,000000E+0	33,709732E+0	4,814847E+0	15,592036E+3
52,100000E+0	5,000000E+0	0,000000E+0	32,977863E+0	5,240649E+0	15,599531E+3
52,200000E+0	5,000000E+0	0,000000E+0	32,823438E+0	5,285003E+0	15,607069E+3
52,300000E+0	5,000000E+0	0,000000E+0	32,779900E+0	5,262192E+0	15,614508E+3
52,400000E+0	5,000000E+0	0,000000E+0	32,487734E+0	5,377513E+0	15,621933E+3
52,500000E+0	5,000000E+0	0,000000E+0	32,857030E+0	5,116456E+0	15,629400E+3
52,600000E+0	5,000000E+0	0,000000E+0	32,763401E+0	5,148138E+0	15,636797E+3
52,700000E+0	5,000000E+0	0,000000E+0	33,429055E+0	4,764156E+0	15,644208E+3
52,800000E+0	5,000000E+0	0,000000E+0	33,417959E+0	4,808510E+0	15,651562E+3
52,900000E+0	5,000000E+0	0,000000E+0	34,406102E+0	4,305405E+0	15,659002E+3
53,000000E+0	5,000000E+0	0,000000E+0	33,344622E+0	4,992264E+0	15,666384E+3
53,100000E+0	5,000000E+0	0,000000E+0	33,302414E+0	5,016342E+0	15,673894E+3
53,200000E+0	5,000000E+0	0,000000E+0	32,793552E+0	5,288805E+0	15,681291E+3
53,300000E+0	5,000000E+0	0,000000E+0	32,730118E+0	5,276132E+0	15,688814E+3
53,400000E+0	5,000000E+0	0,000000E+0	32,775975E+0	5,206432E+0	15,696183E+3
53,500000E+0	5,000000E+0	0,000000E+0	32,512301E+0	5,315417E+0	15,703636E+3
53,600000E+0	5,000000E+0	0,000000E+0	32,860428E+0	5,075904E+0	15,710991E+3
53,700000E+0	5,000000E+0	0,000000E+0	32,598514E+0	5,205165E+0	15,718402E+3
53,800000E+0	5,000000E+0	0,000000E+0	33,218887E+0	4,836390E+0	15,725700E+3
53,900000E+0	5,000000E+0	0,000000E+0	33,289196E+0	4,824985E+0	15,733083E+3
54,000000E+0	5,000000E+0	0,000000E+0	34,131748E+0	4,397916E+0	15,740452E+3
54,100000E+0	5,000000E+0	0,000000E+0	33,935481E+0	4,601946E+0	15,747820E+3
54,200000E+0	5,000000E+0	0,000000E+0	33,961458E+0	4,652636E+0	15,755175E+3
54,300000E+0	5,000000E+0	0,000000E+0	33,961458E+0	5,088576E+0	15,762712E+3
54,400000E+0	5,000000E+0	0,000000E+0	33,268145E+0	5,069567E+0	15,770081E+3
54,500000E+0	5,000000E+0	0,000000E+0	33,015170E+0	5,195027E+0	15,777591E+3
54,600000E+0	5,000000E+0	0,000000E+0	32,813525E+0	5,272330E+0	15,785002E+3
54,700000E+0	5,000000E+0	0,000000E+0	33,038664E+0	5,106318E+0	15,792469E+3
54,800000E+0	5,000000E+0	0,000000E+0	32,941054E+0	5,141802E+0	15,799866E+3
54,900000E+0	5,000000E+0	0,000000E+0	33,538295E+0	4,795838E+0	15,807305E+3
55,000000E+0	5,000000E+0	0,000000E+0	33,562204E+0	4,816114E+0	15,814702E+3
55,100000E+0	5,000000E+0	0,000000E+0	34,550404E+0	4,311741E+0	15,822141E+3
55,200000E+0	5,000000E+0	0,000000E+0	33,576087E+0	4,950444E+0	15,829594E+3
55,300000E+0	5,000000E+0	0,000000E+0	33,426918E+0	5,039153E+0	15,837089E+3
55,400000E+0	5,000000E+0	0,000000E+0	33,007296E+0	5,259658E+0	15,844584E+3
55,500000E+0	5,000000E+0	0,000000E+0	32,758083E+0	5,352168E+0	15,852066E+3
55,600000E+0	5,000000E+0	0,000000E+0	32,982646E+0	5,173483E+0	15,859547E+3
55,700000E+0	5,000000E+0	0,000000E+0	32,696069E+0	5,300210E+0	15,866972E+3
55,800000E+0	5,000000E+0	0,000000E+0	33,355826E+0	4,894684E+0	15,874467E+3
55,900000E+0	5,000000E+0	0,000000E+0	33,155455E+0	5,020144E+0	15,881794E+3
56,000000E+0	5,000000E+0	0,000000E+0	34,145569E+0	4,481555E+0	15,889247E+3
56,100000E+0	5,000000E+0	0,000000E+0	34,146817E+0	4,565195E+0	15,896630E+3
56,200000E+0	5,000000E+0	0,000000E+0	33,778348E+0	4,835123E+0	15,904111E+3
56,300000E+0	5,000000E+0	0,000000E+0	33,033348E+0	5,264727E+0	15,911536E+3
56,400000E+0	5,000000E+0	0,000000E+0	32,965438E+0	5,258390E+0	15,919059E+3
56,500000E+0	5,000000E+0	0,000000E+0	32,770517E+0	5,321754E+0	15,926442E+3
56,600000E+0	5,000000E+0	0,000000E+0	32,737020E+0	5,287537E+0	15,933937E+3
56,700000E+0	5,000000E+0	0,000000E+0	32,891954E+0	5,157009E+0	15,941292E+3
56,800000E+0	5,000000E+0	0,000000E+0	32,753313E+0	5,206432E+0	15,948717E+3
56,900000E+0	5,000000E+0	0,000000E+0	33,298298E+0	4,878210E+0	15,956044E+3
57,000000E+0	5,000000E+0	0,000000E+0	33,217735E+0	4,941573E+0	15,963469E+3
57,100000E+0	5,000000E+0	0,000000E+0	34,133038E+0	4,456210E+0	15,970781E+3
57,200000E+0	5,000000E+0	0,000000E+0	33,989554E+0	4,622222E+0	15,978206E+3
57,300000E+0	5,000000E+0	0,000000E+0	34,032872E+0	4,660240E+0	15,985575E+3
57,400000E+0	5,000000E+0	0,000000E+0	33,481113E+0	5,013808E+0	15,993070E+3
57,500000E+0	5,000000E+0	0,000000E+0	33,355075E+0	5,079706E+0	16,000481E+3
57,600000E+0	5,000000E+0	0,000000E+0	33,113113E+0	5,197561E+0	16,007977E+3
57,700000E+0	5,000000E+0	0,000000E+0	32,966961E+0	5,244450E+0	16,015373E+3
57,800000E+0	5,000000E+0	0,000000E+0	33,186423E+0	5,086042E+0	16,022855E+3
57,900000E+0	5,000000E+0	0,000000E+0	33,087879E+0	5,125327E+0	16,030252E+3
58,000000E+0	5,000000E+0	0,000000E+0	33,650229E+0	4,800907E+0	16,037691E+3
58,100000E+0	5,000000E+0	0,000000E+0	33,599951E+0	4,860468E+0	16,045073E+3
58,200000E+0	5,000000E+0	0,000000E+0	34,605281E+0	4,339621E+0	16,052527E+3
58,300000E+0	5,000000E+0	0,000000E+0	33,756182E+0	4,906090E+0	16,059966E+3
58,400000E+0	5,000000E+0	0,000000E+0	33,559412E+0	5,027748E+0	16,067447E+3
58,500000E+0	5,000000E+0	0,000000E+0	33,091654E+0	5,276132E+0	16,074942E+3
58,600000E+0	5,000000E+0	0,000000E+0	32,931244E+0	5,317952E+0	16,082395E+3
58,700000E+0	5,000000E+0	0,000000E+0	33,011399E+0	5,222907E+0	16,089877E+3
58,800000E+0	5,000000E+0	0,000000E+0	32,791993E+0	5,305279E+0	16,097302E+3
58,900000E+0	5,000000E+0	0,000000E+0	33,286149E+0	4,988462E+0	16,104755E+3
59,000000E+0	5,000000E+0	0,000000E+0	33,179455E+0	5,048024E+0	16,112123E+3
59,100000E+0	5,000000E+0	0,000000E+0	34,135400E+0	4,523375E+0	16,119633E+3
59,200000E+0	5,000000E+0	0,000000E+0	34,065470E+0	4,638696E+0	16,126945E+3
59,300000E+0	5,000000E+0	0,000000E+0	33,921005E+0	4,775561E+0	16,134441E+3
59,400000E+0	5,000000E+0	0,000000E+0	33,196265E+0	5,203898E+0	16,141866E+3
59,500000E+0	5,000000E+0	0,000000E+0	33,113837E+0	5,215303E+0	16,149389E+3
59,600000E+0	5,000000E+0	0,000000E+0	32,824056E+0	5,336961E+0	16,156814E+3
59,700000E+0	5,000000E+0	0,000000E+0	32,736762E+0	5,329357E+0	16,164323E+3
59,800000E+0	5,000000E+0	0,000000E+0	32,944747E+0	5,163345E+0	16,171706E+3
59,900000E+0	5,000000E+0	0,000000E+0	32,900300E+0	5,160811E+0	16,179159E+3
60,000000E+0	5,000000E+0	0,000000E+0	33,426193E+0	4,850330E+0	16,186514E+3
60,100000E+0	5,000000E+0	0,000000E+0	33,621226E+0	4,769225E+0	16,194023E+3
60,200000E+0	5,000000E+0	0,000000E+0	34,522741E+0	4,319345E+0	16,201308E+3
60,300000E+0	5,000000E+0	0,000000E+0	33,682086E+0	4,884546E+0	16,208803E+3
60,400000E+0	5,000000E+0	0,000000E+0	33,662904E+0	4,913693E+0	16,216214E+3
60,500000E+0	5,000000E+0	0,000000E+0	33,152103E+0	5,203898E+0	16,223738E+3
60,600000E+0	5,000000E+0	0,000000E+0	33,050924E+0	5,225441E+0	16,231177E+3
60,700000E+0	5,000000E+0	0,000000E+0	33,041709E+0	5,193760E+0	16,238672E+3
60,800000E+0	5,000000E+0	0,000000E+0	32,948267E+0	5,212769E+0	16,246083E+3
60,900000E+0	5,000000E+0	0,000000E+0	33,435092E+0	4,914961E+0	16,253536E+3
61,000000E+0	5,000000E+0	0,000000E+0	33,338787E+0	4,980859E+0	16,260905E+3
61,100000E+0	5,000000E+0	0,000000E+0	34,186018E+0	4,525910E+0	16,268344E+3
61,200000E+0	5,000000E+0	0,000000E+0	34,171581E+0	4,610817E+0	16,275727E+3
61,300000E+0	5,000000E+0	0,000000E+0	34,129260E+0	4,696991E+0	16,283180E+3
61,400000E+0	5,000000E+0	0,000000E+0	33,294549E+0	5,197561E+0	16,290717E+3
61,500000E+0	5,000000E+0	0,000000E+0	33,188244E+0	5,222907E+0	16,298142E+3
61,600000E+0	5,000000E+0	0,000000E+0	32,989933E+0	5,293874E+0	16,305623E+3
61,700000E+0	5,000000E+0	0,000000E+0	32,770275E+0	5,364841E+0	16,313062E+3
61,800000E+0	5,000000E+0	0,000000E+0	33,148070E+0	5,101249E+0	16,320530E+3
61,900000E+0	5,000000E+0	0,000000E+0	32,925412E+0	5,205165E+0	16,327913E+3
62,000000E+0	5,000000E+0	0,000000E+0	33,597351E+0	4,808510E+0	16,335352E+3
62,100000E+0	5,000000E+0	0,000000E+0	33,509627E+0	4,887081E+0	16,342734E+3
62,200000E+0	5,000000E+0	0,000000E+0	34,525703E+0	4,356096E+0	16,350173E+3
62,300000E+0	5,000000E+0	0,000000E+0	33,615394E+0	4,952979E+0	16,357570E+3
62,400000E+0	5,000000E+0	0,000000E+0	33,460775E+0	5,044222E+0	16,365080E+3
62,500000E+0	5,000000E+0	0,000000E+0	32,952902E+0	5,311615E+0	16,372519E+3
62,600000E+0	5,000000E+0	0,000000E+0	32,842760E+0	5,320486E+0	16,380042E+3
62,700000E+0	5,000000E+0	0,000000E+0	32,856523E+0	5,260925E+0	16,387453E+3
62,800000E+0	5,000000E+0	0,000000E+0	32,726470E+0	5,288805E+0	16,394934E+3
62,900000E+0	5,000000E+0	0,000000E+0	33,190423E+0	4,990997E+0	16,402317E+3
63,000000E+0	5,000000E+0	0,000000E+0	33,183756E+0	4,996066E+0	16,409770E+3
63,100000E+0	5,000000E+0	0,000000E+0	33,977190E+0	4,567729E+0	16,417125E+3
63,200000E+0	5,000000E+0	0,000000E+0	33,940798E+0	4,657705E+0	16,424578E+3
63,300000E+0	5,000000E+0	0,000000E+0	34,057823E+0	4,650102E+0	16,431989E+3
63,400000E+0	5,000000E+0	0,000000E+0	33,427076E+0	5,048024E+0	16,439498E+3
63,500000E+0	5,000000E+0	0,000000E+0	33,246211E+0	5,138000E+0	16,446909E+3
63,600000E+0	5,000000E+0	0,000000E+0	33,078128E+0	5,206432E+0	16,454461E+3
63,700000E+0	5,000000E+0	0,000000E+0	32,973842E+0	5,229243E+0	16,461858E+3
63,800000E+0	5,000000E+0	0,000000E+0	33,226005E+0	5,055627E+0	16,469339E+3
63,900000E+0	5,000000E+0	0,000000E+0	33,122547E+0	5,102516E+0	16,476750E+3
64,000000E+0	5,000000E+0	0,000000E+0	33,701134E+0	4,773027E+0	16,484133E+3
64,100000E+0	5,000000E+0	0,000000E+0	33,727217E+0	4,795838E+0	16,491530E+3
64,200000E+0	5,000000E+0	0,000000E+0	34,808242E+0	4,244576E+0	16,498983E+3
64,300000E+0	5,000000E+0	0,000000E+0	33,647862E+0	4,994799E+0	16,506436E+3
64,400000E+0	5,000000E+0	0,000000E+0	33,309555E+0	5,178552E+0	16,514002E+3
64,500000E+0	5,000000E+0	0,000000E+0	33,049580E+0	5,290072E+0	16,521455E+3
64,600000E+0	5,000000E+0	0,000000E+0	32,861537E+0	5,344564E+0	16,528936E+3
64,700000E+0	5,000000E+0	0,000000E+0	33,013382E+0	5,206432E+0	16,536417E+3
64,800000E+0	5,000000E+0	0,000000E+0	32,895032E+0	5,236847E+0	16,543842E+3
64,900000E+0	5,000000E+0	0,000000E+0	33,512907E+0	4,864270E+0	16,551295E+3
65,000000E+0	5,000000E+0	0,000000E+0	33,392002E+0	4,951712E+0	16,558664E+3
65,100000E+0	5,000000E+0	0,000000E+0	34,423797E+0	4,401717E+0	16,566117E+3
65,200000E+0	5,000000E+0	0,000000E+0	33,752911E+0	4,861736E+0	16,573514E+3
65,300000E+0	5,000000E+0	0,000000E+0	33,590578E+0	4,971988E+0	16,581023E+3
65,400000E+0	5,000000E+0	0,000000E+0	33,038803E+0	5,274865E+0	16,588448E+3
65,500000E+0	5,000000E+0	0,000000E+0	32,916277E+0	5,296408E+0	16,595972E+3
65,600000E+0	5,000000E+0	0,000000E+0	32,977129E+0	5,215303E+0	16,603369E+3
65,700000E+0	5,000000E+0	0,000000E+0	32,670940E+0	5,345832E+0	16,610850E+3
65,800000E+0	5,000000E+0	0,000000E+0	33,084924E+0	5,065766E+0	16,618205E+3
65,900000E+0	5,000000E+0	0,000000E+0	32,882315E+0	5,164612E+0	16,625644E+3
66,000000E+0	5,000000E+0	0,000000E+0	33,599267E+0	4,750216E+0	16,632970E+3
66,100000E+0	5,000000E+0	0,000000E+0	33,660339E+0	4,757820E+0	16,640381E+3
66,200000E+0	5,000000E+0	0,000000E+0	34,647322E+0	4,263585E+0	16,647736E+3
66,300000E+0	5,000000E+0	0,000000E+0	33,945324E+0	4,762889E+0	16,655147E+3
66,400000E+0	5,000000E+0	0,000000E+0	33,873667E+0	4,840192E+0	16,662544E+3
66,500000E+0	5,000000E+0	0,000000E+0	33,302938E+0	5,174751E+0	16,670081E+3
66,600000E+0	5,000000E+0	0,000000E+0	33,194118E+0	5,205165E+0	16,677520E+3
66,700000E+0	5,000000E+0	0,000000E+0	33,176939E+0	5,181087E+0	16,685030E+3
66,800000E+0	5,000000E+0	0,000000E+0	33,021679E+0	5,235579E+0	16,692469E+3
66,900000E+0	5,000000E+0	0,000000E+0	33,522738E+0	4,926366E+0	16,700006E+3
67,000000E+0	5,000000E+0	0,000000E+0	33,474569E+0	4,964384E+0	16,707375E+3
67,100000E+0	5,000000E+0	0,000000E+0	34,453328E+0	4,441003E+0	16,714856E+3
67,200000E+0	5,000000E+0	0,000000E+0	34,373017E+0	4,575333E+0	16,722323E+3
67,300000E+0	5,000000E+0	0,000000E+0	33,584277E+0	5,070835E+0	16,729847E+3
67,400000E+0	5,000000E+0	0,000000E+0	33,122310E+0	5,309081E+0	16,737413E+3
67,500000E+0	5,000000E+0	0,000000E+0	32,900422E+0	5,378781E+0	16,744936E+3
67,600000E+0	5,000000E+0	0,000000E+0	33,049006E+0	5,236847E+0	16,752487E+3
67,700000E+0	5,000000E+0	0,000000E+0	32,970730E+0	5,240649E+0	16,759955E+3
67,800000E+0	5,000000E+0	0,000000E+0	33,835918E+0	4,733741E+0	16,767464E+3
67,900000E+0	5,000000E+0	0,000000E+0	33,880850E+0	4,752751E+0	16,774889E+3
68,000000E+0	5,000000E+0	0,000000E+0	33,915376E+0	4,774294E+0	16,782427E+3
68,100000E+0	5,000000E+0	0,000000E+0	33,094915E+0	5,254588E+0	16,789880E+3
68,200000E+0	5,000000E+0	0,000000E+0	33,048806E+0	5,238114E+0	16,797431E+3
68,300000E+0	5,000000E+0	0,000000E+0	32,813106E+0	5,326823E+0	16,804870E+3
68,400000E+0	5,000000E+0	0,000000E+0	32,651511E+0	5,361039E+0	16,812380E+3
68,500000E+0	5,000000E+0	0,000000E+0	32,941380E+0	5,145603E+0	16,819763E+3
68,600000E+0	5,000000E+0	0,000000E+0	32,848360E+0	5,172216E+0	16,827230E+3
68,700000E+0	5,000000E+0	0,000000E+0	33,638031E+0	4,717267E+0	16,834570E+3
68,800000E+0	5,000000E+0	0,000000E+0	33,566034E+0	4,802174E+0	16,842023E+3
68,900000E+0	5,000000E+0	0,000000E+0	34,586554E+0	4,282594E+0	16,849364E+3
69,000000E+0	5,000000E+0	0,000000E+0	33,670228E+0	4,894684E+0	16,856888E+3
69,100000E+0	5,000000E+0	0,000000E+0	33,561270E+0	4,970721E+0	16,864284E+3
69,200000E+0	5,000000E+0	0,000000E+0	33,164576E+0	5,189958E+0	16,871794E+3
69,300000E+0	5,000000E+0	0,000000E+0	33,027743E+0	5,233045E+0	16,879247E+3
69,400000E+0	5,000000E+0	0,000000E+0	33,117031E+0	5,146871E+0	16,886728E+3
69,500000E+0	5,000000E+0	0,000000E+0	32,922840E+0	5,227976E+0	16,894153E+3
69,600000E+0	5,000000E+0	0,000000E+0	33,468377E+0	4,895952E+0	16,901634E+3
69,700000E+0	5,000000E+0	0,000000E+0	33,487955E+0	4,902288E+0	16,909045E+3
69,800000E+0	5,000000E+0	0,000000E+0	34,611966E+0	4,310474E+0	16,916555E+3
69,900000E+0	5,000000E+0	0,000000E+0	33,734132E+0	4,897219E+0	16,923966E+3
70,000000E+0	5,000000E+0	0,000000E+0	33,481432E+0	5,050558E+0	16,931461E+3
70,100000E+0	5,000000E+0	0,000000E+0	33,065411E+0	5,267261E+0	16,938970E+3
70,200000E+0	5,000000E+0	0,000000E+0	32,853758E+0	5,338228E+0	16,946437E+3
70,300000E+0	5,000000E+0	0,000000E+0	33,035635E+0	5,184889E+0	16,953919E+3
70,400000E+0	5,000000E+0	0,000000E+0	32,780786E+0	5,292606E+0	16,961344E+3
70,500000E+0	5,000000E+0	0,000000E+0	33,295162E+0	4,966919E+0	16,968783E+3
70,600000E+0	5,000000E+0	0,000000E+0	33,180884E+0	5,034084E+0	16,976166E+3
70,700000E+0	5,000000E+0	0,000000E+0	34,138678E+0	4,510702E+0	16,983661E+3
70,800000E+0	5,000000E+0	0,000000E+0	34,086624E+0	4,618420E+0	16,990959E+3
70,900000E+0	0,000000E+0	0,000000E+0	100,000000E-3	4,784432E+0	16,998469E+3
